Observation Date,Temperature,Salinity,Dissolved Oxygen,Phosphate Phosphorus,Nitrous Acid Nitrogen,Nitric Acid Nitrogen,Silicic Acid Silicon,On/Off
2000-01-04,14.62,34.19,5.63,0.44,0.68,7.56,8.33,0
2000-01-04,14.71,34.19,5.61,,,,,0
2000-01-04,14.91,34.21,5.5,0.41,0.63,7.42,8.13,0
2000-01-04,15.29,34.15,5.34,,,,,0
2000-01-04,15.51,34.21,5.67,0.38,0.77,6.9,8.78,0
2000-01-04,16.27,34.28,5.64,,,,,0
2000-01-04,16.47,34.26,5.58,,,,,0
2000-01-04,15.61,34.25,5.69,0.36,0.64,6.99,7.36,0
2000-01-04,15.97,34.24,5.58,,,,,0
2000-01-05,14.8,34.14,5.5,0.47,0.68,7.55,8.89,0
2000-02-09,13.12,33.947,6.01,0.25,0.61,3.63,14.89,0
2000-02-09,13.48,34.09,5.77,,,,,0
2000-02-09,13.58,34.108000000000004,5.85,0.18,0.48,0.86,9.43,0
2000-02-09,13.72,34.42,5.74,0.19,0.46,1.86,12.42,0
2000-02-09,14.24,34.444,5.9,,,,,0
2000-02-09,12.61,34.284,5.89,0.36,0.33,2.59,13.84,0
2000-02-09,11.0,33.762,6.16,,,,,0
2000-02-09,12.35,33.938,5.86,0.08,0.32,0.2,11.19,0
2000-02-10,11.31,34.08,6.03,,,,,0
2000-02-10,10.71,34.029,6.05,,,,,0
2000-02-10,13.26,34.268,5.86,,,,,0
2000-02-10,12.45,34.144,5.92,0.19,0.3,3.37,13.84,0
2000-02-10,14.4,34.354,6.18,,,,,0
2000-02-10,15.26,34.537,5.74,,,,,0
2000-02-10,15.51,34.525,5.78,0.06,0.5,2.55,11.39,0
2000-02-10,14.68,34.44,5.93,,,,,0
2000-02-10,11.31,34.08,6.03,,,,,0
2000-02-10,14.01,34.338,5.96,0.14,0.26,2.72,11.92,0
2000-02-10,10.37,34.023,6.14,,,,,0
2000-02-10,8.96,33.91,6.12,0.14,0.38,2.8,9.86,0
2000-02-10,9.91,33.75,6.18,,,,,0
2000-02-10,11.55,33.692,6.19,0.14,0.47,3.24,5.7,0
2000-02-10,12.06,33.966,6.24,,,,,0
2000-02-10,7.72,34.05,6.59,0.03,0.76,3.02,13.24,0
2000-02-10,13.72,34.199,5.82,0.15,0.12,2.32,5.87,0
2000-02-10,7.94,34.07,6.48,,,,,0
2000-02-10,15.68,34.497,5.72,,,,,0
2000-02-10,8.94,34.14,6.5,0.03,0.6,3.02,11.49,0
2000-02-10,15.82,34.571,5.86,0.17,0.27,3.65,13.14,0
2000-02-10,9.24,34.14,6.18,,,,,0
2000-02-10,15.68,34.32,5.6,0.17,0.3,2.39,10.71,0
2000-02-11,7.49,34.16,6.39,0.02,0.71,3.02,11.79,0
2000-02-11,7.47,34.15,6.18,,,,,0
2000-02-11,10.66,34.18,6.25,0.03,0.83,2.77,10.76,0
2000-02-12,16.31,34.646,5.48,,,,,0
2000-02-12,16.15,34.562,5.6,0.27,0.3,3.07,11.48,0
2000-02-12,12.18,34.14,5.82,0.02,0.77,2.68,9.51,0
2000-02-12,15.51,34.523,5.52,,,,,0
2000-02-12,12.01,34.12,5.71,,,,,0
2000-02-12,16.91,34.537,5.4,0.06,0.57,3.0,11.0,0
2000-02-12,16.96,34.523,5.37,,,,,0
2000-02-12,16.69,34.56,5.63,0.12,0.42,1.98,9.41,0
2000-02-12,16.73,34.59,5.34,,,,,0
2000-02-12,15.92,34.431999999999995,5.53,0.06,0.14,2.2,10.84,0
2000-02-12,15.38,34.53,5.82,,,,,0
2000-02-12,15.21,34.195,5.67,0.12,0.17,2.53,11.49,0
2000-02-13,14.61,34.117,5.75,,,,,0
2000-02-13,14.19,34.138000000000005,5.76,0.2,0.18,2.95,11.72,0
2000-02-13,13.44,33.847,6.01,,,,,0
2000-02-13,11.76,33.333,5.71,,,,,0
2000-02-13,12.11,33.567,5.86,0.14,0.16,2.61,12.62,0
2000-02-13,11.96,33.441,5.93,,,,,0
2000-02-13,13.2,34.013000000000005,5.91,0.35,0.16,2.54,14.46,0
2000-02-13,13.23,34.15,5.77,,,,,0
2000-02-13,13.71,34.246,5.75,0.35,0.16,1.41,14.27,0
2000-02-13,14.03,34.285,5.76,,,,,0
2000-02-13,14.09,34.507,5.66,0.25,0.2,2.31,13.13,0
2000-02-13,14.11,34.518,5.62,,,,,0
2000-02-14,13.17,34.461,5.87,0.32,0.13,1.38,11.51,0
2000-02-14,12.2,34.136,5.97,,,,,0
2000-02-14,11.99,33.745,5.97,0.41,0.26,5.08,12.67,0
2000-02-14,9.92,33.668,6.22,0.14,0.17,3.68,13.14,0
2000-02-16,8.85,33.882,6.11,,,,,0
2000-02-16,7.33,33.997,6.23,,,,,0
2000-02-18,10.79,34.16,5.84,0.03,0.82,3.16,13.15,0
2000-02-18,10.82,34.21,5.86,0.02,0.86,3.88,13.05,0
2000-02-18,10.77,34.25,5.86,,,,,0
2000-02-18,10.89,34.29,6.28,0.03,0.77,2.8,11.21,0
2000-02-18,11.12,34.24,6.27,,,,,0
2000-02-18,11.48,34.18,5.91,0.02,0.55,3.16,9.89,0
2000-02-18,11.67,34.12,5.56,,,,,0
2000-02-18,12.41,34.13,5.6,0.01,0.66,3.58,9.91,0
2000-02-22,2.79,31.354,7.55,0.36,0.27,12.69,10.0,0
2000-02-22,3.38,31.794,7.37,,,,,0
2000-02-22,3.82,31.966,7.27,0.62,0.28,7.38,5.36,0
2000-02-22,4.48,32.176,7.13,,,,,0
2000-02-22,5.23,32.4,7.01,0.17,0.39,5.27,4.07,0
2000-02-22,5.89,32.491,6.89,,,,,0
2000-02-22,6.16,32.465,6.8,0.6,0.92,3.94,8.34,0
2000-02-22,6.34,32.348,6.64,,,,,0
2000-02-23,6.45,32.409,6.82,,,,,0
2000-02-23,6.59,32.54,6.6,0.31,0.43,5.14,9.64,0
2000-02-23,6.5,32.532,6.62,,,,,0
2000-02-23,16.05,34.12,5.15,0.32,0.44,2.09,5.66,0
2000-02-23,6.37,32.54,6.62,0.57,0.37,5.15,9.87,0
2000-02-23,5.09,32.339,6.8,,,,,0
2000-02-23,4.94,32.241,6.95,0.76,0.26,6.6,8.41,0
2000-02-23,14.82,33.95,4.98,,,,,0
2000-02-23,4.46,32.037,7.11,,,,,0
2000-02-23,14.14,33.88,5.47,0.58,0.47,3.45,7.71,0
2000-02-23,4.46,31.95300000000001,7.23,0.56,0.4,8.73,8.36,0
2000-02-23,4.04,31.757,7.17,,,,,0
2000-02-23,13.4,33.76,5.31,,,,,0
2000-02-23,4.17,31.829,7.07,0.64,1.71,8.75,8.58,0
2000-02-23,10.94,34.25,5.81,0.03,0.86,2.71,13.97,0
2000-02-23,11.34,33.07,5.72,0.62,0.24,4.61,11.76,0
2000-02-23,11.03,34.27,5.83,,,,,0
2000-02-23,11.19,34.23,5.83,0.03,0.73,2.62,10.8,0
2000-02-23,10.36,32.8,6.37,,,,,0
2000-02-23,11.43,34.28,6.02,,,,,0
2000-02-23,9.85,32.48,6.41,0.59,0.3,2.9,12.5,0
2000-02-23,11.37,34.29,6.09,0.01,0.62,3.43,9.13,0
2000-02-23,9.94,32.5,4.58,,,,,0
2000-02-23,11.35,34.13,5.71,,,,,0
2000-02-23,9.91,32.82,6.33,0.75,0.27,6.45,12.5,0
2000-02-23,11.44,34.15,5.64,0.03,0.68,4.24,9.85,0
2000-02-23,10.03,32.75,6.08,,,,,0
2000-02-23,10.94,34.25,5.81,0.03,0.86,2.71,13.97,0
2000-02-29,3.87,31.743,7.1,,,,,0
2000-02-29,11.07,34.19,5.58,,,,,0
2000-02-29,16.28,34.67,4.94,,,,,0
2000-02-29,5.01,32.086,7.13,,,,,0
2000-02-29,5.04,32.123000000000005,7.29,0.13,0.78,8.45,8.25,0
2000-02-29,11.09,34.18,5.81,0.06,0.75,4.79,9.58,0
2000-02-29,16.57,34.6,5.88,0.31,0.44,5.71,5.19,0
2000-02-29,5.53,32.189,7.06,,,,,0
2000-02-29,6.02,32.454,6.84,0.68,0.32,5.97,9.49,0
2000-02-29,11.02,34.17,5.9,,,,,0
2000-02-29,16.31,34.21,4.94,,,,,0
2000-02-29,5.81,32.428000000000004,6.84,,,,,0
2000-02-29,10.69,34.18,6.01,,,,,0
2000-02-29,14.67,33.72,5.72,0.26,0.39,3.02,5.51,0
2000-02-29,6.6,32.545,6.88,0.66,0.35,8.78,10.88,0
2000-02-29,6.81,32.579,6.67,,,,,0
2000-02-29,9.44,34.17,6.25,,,,,0
2000-02-29,13.89,32.68,5.86,,,,,0
2000-02-29,7.01,32.605,6.5,0.28,0.67,8.22,9.72,0
2000-02-29,12.57,33.52,5.55,0.77,0.24,3.91,8.44,0
2000-02-29,6.88,32.56,6.5,,,,,0
2000-02-29,11.09,34.28,5.87,,,,,0
2000-02-29,10.94,33.25,6.41,,,,,0
2000-03-01,10.04,34.22,5.94,,,,,0
2000-03-01,7.23,32.611,6.41,,,,,0
2000-03-01,9.67,32.82,6.37,0.38,0.26,5.26,11.07,0
2000-03-01,7.1,32.625,6.42,0.76,0.38,6.19,9.96,0
2000-03-01,10.66,34.17,5.91,,,,,0
2000-03-01,8.99,32.43,6.41,,,,,0
2000-03-01,6.89,32.6,6.53,,,,,0
2000-03-01,10.88,34.17,5.63,0.07,0.62,3.65,10.51,0
2000-03-01,10.88,34.17,5.63,0.07,0.62,3.65,10.51,0
2000-03-01,6.56,32.543,6.63,0.03,0.38,6.74,10.49,0
2000-03-01,8.59,32.79,6.33,0.63,0.35,8.72,15.23,0
2000-03-01,6.17,32.454,6.69,,,,,0
2000-03-01,10.99,34.17,5.66,,,,,0
2000-03-01,5.96,32.407,6.72,2.22,0.4,8.07,9.73,0
2000-03-01,8.53,32.9,6.45,,,,,0
2000-03-01,5.68,32.323,6.78,,,,,0
2000-03-01,8.76,33.176,5.99,0.67,0.43,6.64,10.28,0
2000-03-01,10.9,34.21,5.79,0.15,0.44,3.48,11.35,0
2000-03-01,4.61,32.107,6.79,0.9,0.62,8.16,8.18,0
2000-03-01,8.13,32.43,6.06,,,,,0
2000-03-01,12.17,34.42,5.81,,,,,0
2000-03-01,10.75,34.23,5.98,0.04,0.43,2.75,11.75,0
2000-03-01,3.78,31.951,6.68,,,,,0
2000-03-01,5.44,32.247,6.77,1.08,0.7,8.22,8.66,0
2000-03-01,11.47,34.39,6.02,,,,,0
2000-03-01,10.45,34.28,6.2,0.12,0.41,3.91,13.42,0
2000-03-01,10.63,34.35,6.19,,,,,0
2000-03-01,13.1,34.03,5.67,,,,,0
2000-03-01,7.55,32.858000000000004,6.51,,,,,0
2000-03-01,14.09,34.34,5.51,0.53,0.37,4.58,8.6,0
2000-03-01,8.76,33.176,5.99,0.67,0.43,6.64,10.28,0
2000-03-01,10.95,34.29,6.15,,,,,0
2000-03-01,6.82,32.575,6.24,,,,,0
2000-03-01,10.72,34.19,6.24,0.13,0.46,3.67,11.99,0
2000-03-01,14.21,34.23,5.76,,,,,0
2000-03-01,6.31,32.443000000000005,6.46,1.22,0.43,7.05,10.21,0
2000-03-01,7.35,32.753,6.45,,,,,0
2000-03-01,14.69,34.09,5.63,0.27,0.45,2.91,7.3,0
2000-03-01,15.48,33.49,5.35,,,,,0
2000-03-01,7.61,32.733000000000004,6.39,1.26,0.56,6.71,10.69,0
2000-03-01,7.75,32.671,6.42,,,,,0
2000-03-01,16.11,34.03,4.98,0.48,0.64,2.19,6.61,0
2000-03-01,7.85,32.693000000000005,6.45,0.95,0.37,6.72,11.03,0
2000-03-02,16.25,34.51,5.06,,,,,0
2000-03-02,7.77,32.716,6.29,,,,,0
2000-03-02,7.87,32.654,6.24,,,,,0
2000-03-02,7.66,32.631,6.31,0.74,0.33,5.49,9.43,0
2000-03-02,7.27,32.594,6.43,,,,,0
2000-03-02,6.66,32.497,6.54,0.79,0.47,6.59,8.83,0
2000-03-02,6.19,32.493,6.68,,,,,0
2000-03-03,12.49,34.5,6.02,,,,,0
2000-03-03,12.26,34.49,5.84,0.15,0.34,3.54,13.79,0
2000-03-03,12.74,34.49,5.91,,,,,0
2000-03-03,11.09,34.18,6.15,0.06,0.31,3.7,12.45,0
2000-03-03,11.04,34.18,6.2,,,,,0
2000-03-03,10.19,34.19,6.15,0.13,0.44,4.46,11.97,0
2000-03-04,12.66,34.46,6.08,,,,,0
2000-03-04,11.16,34.22,6.22,0.07,0.31,3.11,11.35,0
2000-03-04,13.47,34.51,5.77,,,,,0
2000-03-04,13.41,34.51,5.81,0.12,0.56,2.59,14.11,0
2000-03-04,12.15,34.45,5.83,,,,,0
2000-03-04,11.99,34.46,6.04,0.15,0.49,2.76,13.57,0
2000-03-04,11.99,34.46,6.01,,,,,0
2000-03-04,12.67,34.46,5.86,,,,,0
2000-03-04,12.92,34.43,5.86,0.04,0.66,1.07,10.27,0
2000-03-04,13.47,34.52,5.84,,,,,0
2000-03-04,13.47,34.52,5.87,0.04,0.73,4.09,8.7,0
2000-03-04,13.54,34.53,6.17,,,,,0
2000-03-04,14.5,34.55,6.2,,,,,0
2000-03-05,13.96,34.54,6.17,0.08,0.48,0.87,7.42,0
2000-03-05,12.35,34.4,6.14,0.08,0.61,1.68,10.22,0
2000-03-05,13.21,34.5,6.25,,,,,0
2000-03-05,12.35,34.4,6.14,0.08,0.61,1.68,10.22,0
2000-04-03,13.19,34.395,6.51,0.05,0.22,3.18,3.12,0
2000-04-03,14.25,34.476,6.35,,,,,0
2000-04-03,13.71,34.508,6.42,0.06,0.18,2.58,2.76,0
2000-04-03,13.97,34.497,6.45,0.02,0.11,1.17,3.3,0
2000-04-03,13.37,34.439,6.41,,,,,0
2000-04-03,13.45,34.416,6.51,0.08,0.05,3.61,2.07,0
2000-04-03,12.27,34.398,6.3,0.03,0.12,4.62,3.46,0
2000-04-03,11.3,34.126,6.98,0.01,0.04,4.22,1.54,0
2000-04-04,11.29,34.269,6.33,0.06,0.09,3.2,0.71,0
2000-04-04,11.12,33.968,6.35,,,,,0
2000-04-04,10.77,33.998000000000005,6.33,,,,,0
2000-04-04,13.48,34.336,6.33,0.07,0.32,2.2,5.26,0
2000-04-04,14.72,34.493,5.69,,,,,0
2000-04-04,15.13,34.495,6.0,,,,,0
2000-04-04,14.97,34.468,5.67,0.02,0.67,1.16,4.58,0
2000-04-04,14.73,34.388000000000005,5.84,,,,,0
2000-04-04,10.69,34.44,6.22,0.23,0.15,2.78,14.61,0
2000-04-04,9.39,34.33,6.32,,,,,0
2000-04-04,10.21,34.39,6.29,0.24,0.18,2.65,14.88,0
2000-04-04,14.02,34.293,5.81,0.08,0.44,3.11,5.83,0
2000-04-04,7.83,34.16,6.56,,,,,0
2000-04-04,12.27,34.159,6.23,,,,,0
2000-04-04,9.98,33.588,6.57,0.02,0.25,2.98,8.3,0
2000-04-04,9.93,33.62,6.48,,,,,0
2000-04-04,10.38,33.638000000000005,6.27,0.14,0.31,3.14,8.91,0
2000-04-04,10.95,33.769,6.33,,,,,0
2000-04-04,13.67,34.181,5.84,0.07,0.17,1.87,5.25,0
2000-04-04,14.45,34.198,5.79,,,,,0
2000-04-04,15.23,34.35,5.95,0.04,0.48,1.69,5.27,0
2000-04-06,12.3,34.47,6.04,0.22,0.22,3.56,16.38,0
2000-04-06,11.88,34.48,6.16,,,,,0
2000-04-06,7.75,34.13,6.37,0.43,0.25,3.57,16.33,0
2000-04-07,15.01,34.328,5.77,0.06,0.49,2.04,3.72,0
2000-04-07,14.86,34.227,5.92,,,,,0
2000-04-07,15.28,34.525,5.72,0.04,0.28,1.59,5.18,0
2000-04-07,15.36,34.601,5.73,,,,,0
2000-04-07,15.87,34.698,5.78,0.11,0.14,1.37,3.72,0
2000-04-07,15.75,34.397,5.93,,,,,0
2000-04-07,15.75,34.396,5.54,0.08,0.12,1.83,4.85,0
2000-04-07,15.21,34.258,5.63,,,,,0
2000-04-07,14.05,33.974000000000004,5.88,0.06,0.43,2.62,5.32,0
2000-04-07,13.8,33.969,5.83,,,,,0
2000-04-07,13.03,33.787,6.07,0.17,0.16,3.08,7.44,0
2000-04-07,10.94,33.046,5.69,,,,,0
2000-04-08,10.9,32.943000000000005,6.45,0.05,0.12,1.74,9.32,0
2000-04-08,10.49,32.623000000000005,6.42,,,,,0
2000-04-08,10.36,33.22,6.56,,,,,0
2000-04-08,10.42,33.146,6.55,0.1,0.09,2.07,7.16,0
2000-04-08,10.68,33.306,6.54,,,,,0
2000-04-08,11.04,33.493,6.42,0.17,0.03,1.44,5.51,0
2000-04-08,11.2,33.609,6.24,,,,,0
2000-04-08,11.16,33.338,6.45,0.17,0.05,1.11,7.36,0
2000-04-08,11.27,33.345,6.33,,,,,0
2000-04-08,13.17,33.965,5.89,0.18,0.21,2.23,6.91,0
2000-04-08,13.62,34.011,5.87,,,,,0
2000-04-08,13.54,34.46,6.18,0.39,0.38,3.52,15.79,0
2000-04-08,13.38,34.44,6.08,,,,,0
2000-04-08,12.5,34.47,6.44,0.36,0.37,3.94,15.47,0
2000-04-08,11.59,34.36,6.23,,,,,0
2000-04-08,13.24,34.45,6.32,0.49,0.22,4.34,14.98,0
2000-04-09,12.27,34.47,6.26,,,,,0
2000-04-09,11.94,34.49,6.33,0.45,0.24,2.75,14.7,0
2000-04-09,9.99,34.39,6.28,,,,,0
2000-04-09,10.72,34.43,6.28,0.32,0.21,2.48,14.63,0
2000-04-09,12.4,34.02,6.06,0.14,0.25,1.63,6.9,0
2000-04-09,9.81,34.38,6.48,0.33,0.25,2.94,14.91,0
2000-04-09,12.85,34.023,5.97,,,,,0
2000-04-09,10.66,33.68,6.07,0.19,0.19,5.93,8.58,0
2000-04-09,9.97,33.419000000000004,6.23,0.34,0.06,5.0,8.1,0
2000-04-09,10.38,34.42,6.15,0.27,0.25,4.11,14.92,0
2000-04-09,10.55,34.42,6.1,0.29,0.23,4.61,14.48,0
2000-04-09,10.8,34.43,6.01,,,,,0
2000-04-09,11.77,34.46,6.18,0.2,0.22,4.84,14.34,0
2000-04-09,11.62,34.46,6.23,,,,,0
2000-04-14,12.42,34.49,6.21,0.36,0.29,3.58,14.7,0
2000-04-14,11.63,34.36,6.43,,,,,0
2000-04-14,11.3,34.3,6.29,0.36,0.34,3.8,15.02,0
2000-04-14,11.08,34.28,6.47,,,,,0
2000-04-14,11.24,34.29,6.38,0.36,0.37,3.51,17.33,0
2000-04-15,11.67,34.37,6.28,0.32,0.33,4.44,16.12,0
2000-04-15,11.17,34.29,6.27,,,,,0
2000-04-15,11.27,34.28,6.27,0.22,0.3,4.11,15.27,0
2000-04-15,11.63,34.37,6.41,,,,,0
2000-04-15,13.43,34.46,6.34,0.39,0.29,3.21,16.0,0
2000-04-15,12.85,34.47,6.38,,,,,0
2000-04-15,11.69,34.45,6.74,0.22,0.23,3.44,17.11,0
2000-04-15,11.88,34.44,6.52,,,,,0
2000-04-15,11.95,34.43,6.7,0.23,0.25,3.94,17.52,0
2000-04-16,12.13,34.34,6.19,,,,,0
2000-04-16,13.15,34.43,6.04,0.19,0.23,4.34,17.93,0
2000-04-16,13.6,34.43,6.14,,,,,0
2000-04-16,13.56,34.45,6.35,0.13,0.21,4.42,17.05,0
2000-04-16,13.31,34.47,6.39,,,,,0
2000-04-16,12.45,34.45,6.17,0.12,0.41,3.62,17.22,0
2000-04-16,12.44,34.44,6.21,,,,,0
2000-04-16,12.09,34.41,6.17,0.28,0.47,3.14,16.73,0
2000-04-17,13.34,34.56,6.21,,,,,0
2000-04-17,13.26,34.56,6.13,0.32,0.45,3.89,17.45,0
2000-04-17,13.51,34.51,6.4,,,,,0
2000-04-17,14.06,34.59,6.03,0.17,0.32,4.84,18.81,0
2000-04-17,14.44,34.56,6.16,,,,,0
2000-04-17,12.2,34.32,6.19,0.18,0.31,5.19,20.42,0
2000-04-17,11.3,34.23,6.24,,,,,0
2000-04-17,11.39,34.38,6.2,0.19,0.32,5.98,20.1,0
2000-04-17,12.82,34.33,6.17,0.17,0.34,5.12,20.38,0
2000-04-17,12.25,34.33,6.2,,,,,0
2000-04-17,13.65,34.43,6.22,0.15,0.36,5.54,20.52,0
2000-04-18,14.36,34.59,6.19,,,,,0
2000-04-19,8.29,32.27,7.06,0.89,0.41,8.54,9.96,0
2000-04-19,8.37,32.352,7.03,,,,,0
2000-04-19,9.85,33.056999999999995,7.27,,,,,0
2000-04-20,10.17,33.124,7.35,0.74,2.18,2.63,4.98,0
2000-04-20,9.09,32.751999999999995,7.24,,,,,0
2000-04-20,8.72,32.681,7.15,0.9,0.25,5.86,8.43,0
2000-04-20,8.87,32.639,7.01,,,,,0
2000-04-20,9.27,32.819,6.8,0.97,0.13,5.82,9.37,0
2000-04-20,8.71,32.656,6.9,,,,,0
2000-04-20,9.25,32.663000000000004,6.94,0.68,0.33,5.44,9.41,0
2000-04-20,9.59,32.71,7.68,,,,,0
2000-04-20,9.52,32.61,7.67,,,,,0
2000-04-20,9.74,32.628,7.99,0.58,0.24,1.19,3.78,0
2000-04-20,9.45,32.644,7.62,,,,,0
2000-04-20,9.34,32.629,7.31,0.52,0.3,3.09,8.45,0
2000-04-20,8.35,32.491,7.19,,,,,0
2000-04-24,14.39,34.56,5.97,0.22,0.38,5.08,20.68,0
2000-04-24,14.5,34.52,5.94,,,,,0
2000-04-24,10.39,32.128,6.68,0.65,0.48,6.97,6.86,0
2000-04-24,9.93,32.546,7.79,,,,,0
2000-04-24,9.22,32.417,7.36,,,,,0
2000-04-24,9.92,32.523,7.99,0.44,0.35,0.78,0.44,0
2000-04-24,14.87,34.55,5.93,,,,,0
2000-04-24,9.93,32.546,7.79,,,,,0
2000-04-24,14.41,34.46,6.17,0.24,0.32,5.84,21.01,0
2000-04-24,9.87,32.554,7.67,0.37,0.27,0.2,0.41,0
2000-04-24,12.63,34.21,6.13,,,,,0
2000-04-24,10.05,32.562,7.47,,,,,0
2000-04-24,11.75,34.18,6.27,0.21,0.32,6.11,20.81,0
2000-04-24,10.13,32.528,7.25,0.34,0.35,0.32,2.38,0
2000-04-24,9.88,32.504,7.03,,,,,0
2000-04-25,9.35,32.444,7.14,,,,,0
2000-04-25,9.37,32.456,7.34,0.32,0.49,0.32,1.11,0
2000-04-25,9.28,32.473,7.18,,,,,0
2000-04-25,9.17,32.471,7.05,0.54,0.21,0.1,1.67,0
2000-04-25,8.72,32.459,7.25,,,,,0
2000-04-25,9.05,32.417,7.4,0.43,0.64,0.4,0.43,0
2000-04-25,8.44,32.379,7.53,,,,,0
2000-04-25,7.87,32.16,7.68,0.72,0.59,1.34,0.87,0
2000-04-25,8.14,31.868,7.46,,,,,0
2000-04-25,8.8,31.737,7.47,0.6,0.28,0.62,0.63,0
2000-04-28,8.7,31.705,7.78,0.58,1.06,3.59,1.47,0
2000-04-28,8.7,31.763,7.67,,,,,0
2000-04-28,8.64,31.916,7.65,0.7,0.33,1.61,0.98,0
2000-04-28,8.34,32.048,7.38,,,,,0
2000-04-28,9.32,32.283,7.07,0.43,0.24,0.4,0.57,0
2000-04-28,9.64,32.312,7.04,,,,,0
2000-04-28,10.21,32.368,6.97,0.53,0.71,0.34,1.43,0
2000-04-28,9.55,32.386,6.98,,,,,0
2000-04-28,9.92,32.41,6.98,0.35,0.35,0.29,4.65,0
2000-04-28,10.79,32.452,7.14,,,,,0
2000-04-28,9.46,32.364000000000004,7.21,,,,,0
2000-04-28,9.47,32.388000000000005,6.98,0.58,,0.62,3.44,0
2000-04-28,9.43,32.318000000000005,7.09,,,,,0
2000-04-29,9.14,32.083,7.24,0.29,0.92,0.75,0.41,0
2000-04-29,9.31,32.0,7.45,,,,,0
2000-04-29,9.18,31.875,7.71,0.39,0.23,0.87,0.3,0
2000-04-29,8.47,31.601,7.53,,,,,0
2000-04-29,7.88,31.493,7.2,0.96,2.22,9.72,4.59,0
2000-05-23,20.84,33.7,5.12,0.31,1.32,,5.05,0
2000-05-23,19.22,32.97,6.84,0.89,2.36,,6.68,0
2000-05-23,20.89,32.68,5.83,0.17,0.91,,5.53,0
2000-05-23,21.45,32.54,5.61,0.13,2.97,,6.2,0
2000-05-23,19.89,28.4,6.58,0.01,4.91,,7.7,0
2000-05-24,20.17,29.28,5.61,0.12,5.72,,9.64,0
2000-05-24,20.11,33.11,5.55,0.24,1.01,,6.89,0
2000-05-24,20.5,32.87,5.61,0.57,1.29,,6.71,0
2000-05-24,20.62,33.06,5.61,0.53,2.1,,8.24,0
2000-05-25,19.65,33.7,5.58,0.53,0.85,,5.09,0
2000-05-25,21.81,33.87,5.92,,,,,0
2000-05-25,21.8,33.48,5.46,,,,,0
2000-05-25,22.52,33.66,5.89,0.12,6.59,,4.96,0
2000-05-25,21.3,33.97,5.46,0.83,1.23,,3.41,0
2000-05-25,20.69,32.8,6.26,0.36,1.06,,6.06,0
2000-05-25,21.1,32.88,5.63,,,,,0
2000-05-26,21.2,33.13,5.72,0.95,0.82,,6.69,0
2000-05-26,21.33,33.12,5.55,,,,,0
2000-06-07,15.95,33.55,6.11,0.53,0.6,3.88,4.03,0
2000-06-07,12.48,31.56,6.3,0.28,0.62,2.89,,0
2000-06-07,16.9,33.51,6.01,,,,,0
2000-06-07,16.83,33.61,6.07,0.43,0.61,2.37,4.42,0
2000-06-07,17.41,33.82,6.04,,,,,0
2000-06-07,17.78,34.21,5.86,0.32,0.63,2.71,5.41,0
2000-06-08,18.32,34.22,5.78,,,,,0
2000-06-08,18.25,34.22,5.78,0.29,0.62,2.59,5.07,0
2000-06-08,18.92,34.31,5.6,0.25,0.52,3.95,3.94,0
2000-06-08,18.55,34.33,5.61,,,,,0
2000-06-08,18.11,34.32,5.54,0.29,0.51,4.39,4.63,0
2000-06-08,18.89,34.31,5.73,,,,,0
2000-06-08,18.85,34.31,5.3,0.27,0.53,4.78,5.27,0
2000-06-08,18.69,34.31,5.49,,,,,0
2000-06-08,18.25,34.24,5.42,0.45,0.54,2.9,6.01,0
2000-06-08,16.34,33.65,5.77,,,,,0
2000-06-08,16.4,32.55,6.1,0.59,0.62,3.85,4.22,0
2000-06-08,16.55,33.53,6.05,0.55,0.65,3.12,4.78,0
2000-06-09,16.18,31.933000000000003,6.11,,,,,0
2000-06-09,16.98,32.041,6.01,0.05,0.86,2.06,0.12,0
2000-06-09,17.42,32.049,5.95,,,,,0
2000-06-09,17.6,32.027,5.94,0.38,0.31,0.68,0.14,0
2000-06-09,18.48,32.236,5.86,,,,,0
2000-06-09,18.13,32.294000000000004,5.8,0.08,0.24,0.93,0.48,0
2000-06-09,18.15,32.238,5.51,,,,,0
2000-06-09,18.12,32.22,5.34,,,,,0
2000-06-09,18.36,32.153,5.63,0.04,0.24,0.44,2.27,0
2000-06-09,17.42,32.049,5.95,,,,,0
2000-06-09,18.63,31.795,5.61,,,,,0
2000-06-09,18.92,32.092,5.5,0.13,0.02,0.46,0.48,0
2000-06-09,19.0,32.048,5.59,,,,,0
2000-06-09,19.14,32.014,5.65,0.03,1.06,1.0,0.3,0
2000-06-10,18.61,32.198,5.85,,,,,0
2000-06-10,13.46,31.986,6.13,0.34,0.14,0.25,1.39,0
2000-06-10,15.72,31.784,6.2,,,,,0
2000-06-10,15.36,31.692,6.41,0.11,0.19,0.76,0.76,0
2000-06-10,15.33,33.81,5.89,0.55,0.68,3.67,4.29,0
2000-06-10,14.94,33.79,5.98,0.59,0.66,3.67,4.08,0
2000-06-10,15.81,33.75,5.8,,,,,0
2000-06-10,17.13,34.27,5.44,0.5,0.64,3.66,5.66,0
2000-06-10,17.38,34.29,5.4,,,,,0
2000-06-10,17.41,34.28,5.44,0.31,0.55,4.45,4.55,0
2000-06-10,18.1,34.36,5.61,,,,,0
2000-06-10,18.0,34.36,5.73,0.37,0.63,3.73,4.37,0
2000-06-10,16.44,34.28,5.6,,,,,0
2000-06-10,17.82,34.3,5.65,0.31,0.55,3.63,4.22,0
2000-06-11,17.73,31.288,5.72,,0.39,0.85,2.12,0
2000-06-11,16.98,32.115,5.77,,,,,0
2000-06-11,19.22,32.218,5.62,0.11,0.13,0.24,0.43,0
2000-06-11,19.58,32.118,5.57,,,,,0
2000-06-11,19.82,32.169000000000004,5.5,0.46,0.03,0.72,0.19,0
2000-06-11,19.79,32.213,5.61,,,,,0
2000-06-11,20.02,32.142,5.78,0.08,0.11,0.42,1.27,0
2000-06-11,20.28,32.145,5.79,,,,,0
2000-06-11,19.56,32.048,5.88,0.18,0.51,0.87,1.21,0
2000-06-11,19.92,32.104,5.85,,,,,0
2000-06-11,18.79,32.108000000000004,5.65,,,,,0
2000-06-11,19.93,32.109,5.54,0.22,0.19,0.55,2.18,0
2000-06-12,19.52,32.213,5.53,,,,,0
2000-06-12,19.63,32.313,5.5,0.37,0.35,1.29,1.53,0
2000-06-12,19.65,32.361,5.56,,,,,0
2000-06-12,18.8,32.431,5.61,0.07,0.2,0.62,0.51,0
2000-06-12,19.04,32.388000000000005,5.77,,,,,0
2000-06-12,17.26,32.439,5.91,0.13,0.4,2.23,6.52,0
2000-06-12,18.52,34.34,5.44,0.34,0.56,3.65,5.69,0
2000-06-12,18.9,34.33,5.62,,,,,0
2000-06-12,18.93,34.34,5.24,0.27,0.77,3.26,5.78,0
2000-06-12,18.45,34.36,5.35,,,,,0
2000-06-12,18.57,34.22,5.64,0.36,0.53,3.19,5.94,0
2000-06-12,17.36,33.71,5.71,,,,,0
2000-06-12,16.08,33.65,5.82,0.52,0.62,3.44,6.88,0
2000-06-12,15.69,33.71,5.86,,,,,0
2000-06-12,15.8,33.64,5.88,0.55,0.63,3.59,6.52,0
2000-06-13,17.27,33.52,5.81,0.44,0.78,2.84,6.55,0
2000-06-13,17.71,33.54,5.87,,,,,0
2000-06-13,17.89,33.51,5.83,0.41,0.7,2.29,6.04,0
2000-06-13,18.31,33.56,5.6,,,,,0
2000-06-13,18.98,33.88,5.14,0.31,0.66,3.52,4.18,0
2000-06-13,19.14,34.11,5.24,,,,,0
2000-06-13,18.12,33.54,5.54,0.33,0.7,3.65,4.82,0
2000-06-13,18.55,34.32,5.21,0.21,0.62,2.98,4.01,0
2000-06-13,18.28,34.35,5.02,,,,,0
2000-06-13,18.04,32.904,5.67,0.03,0.15,2.69,3.03,0
2000-06-13,18.25,33.074,5.83,,,,,0
2000-06-13,19.92,33.9,5.49,0.03,0.08,2.35,2.26,0
2000-06-13,19.18,34.33,5.21,0.22,0.69,3.12,4.65,0
2000-06-13,19.72,33.92,5.14,,,,,0
2000-06-13,18.77,33.246,5.49,0.04,0.08,2.21,3.99,0
2000-06-13,19.28,33.85,5.43,0.22,0.68,2.28,4.21,0
2000-06-13,18.38,33.169000000000004,5.91,,,,,0
2000-06-13,18.01,33.683,6.15,0.12,0.11,2.63,4.49,0
2000-06-13,18.68,33.63,5.43,,,,,0
2000-06-13,18.12,33.54,5.54,0.33,0.7,3.65,4.82,0
2000-06-13,18.45,33.101,5.86,0.13,0.06,2.18,4.8,0
2000-06-13,18.38,33.507,6.38,0.23,0.17,5.23,1.78,0
2000-06-13,17.73,33.44,5.54,,,,,0
2000-06-13,18.13,33.024,6.03,,,,,0
2000-06-13,17.7,33.55,5.65,0.48,0.74,2.48,6.4,0
2000-06-13,16.84,33.54,5.54,,,,,0
2000-06-13,17.07,33.62,5.56,0.45,0.78,2.56,6.55,0
2000-06-13,18.1,32.908,5.74,,,,,0
2000-06-13,18.29,32.897,5.88,0.01,0.07,3.75,5.19,0
2000-06-14,21.06,32.912,5.13,,,,,0
2000-06-14,21.46,32.337,5.5,,,,,0
2000-06-14,21.21,32.253,5.13,0.01,0.07,2.64,1.74,0
2000-06-14,20.62,33.149,5.3,,,,,0
2000-06-14,18.13,32.96,5.74,0.01,0.09,3.35,3.82,0
2000-06-14,17.2,33.135,5.86,,,,,0
2000-06-14,17.68,33.318000000000005,6.02,0.08,0.23,3.35,3.24,0
2000-06-14,17.66,33.269,6.03,,,,,0
2000-06-14,16.76,33.289,6.16,0.03,0.17,3.99,4.31,0
2000-06-14,15.5,33.332,6.11,,,,,0
2000-06-14,17.47,32.995,5.86,0.04,0.07,4.54,3.93,0
2000-06-14,17.78,33.699,5.94,,,,,0
2000-06-14,20.04,33.501,5.37,0.04,0.19,4.97,1.18,0
2000-06-15,17.92,33.61,5.67,0.45,0.98,3.49,6.88,0
2000-06-15,18.38,33.65,5.65,,,,,0
2000-06-15,18.17,33.65,5.52,0.41,0.92,3.18,6.8,0
2000-06-15,17.68,33.69,5.64,,,,,0
2000-06-15,17.61,33.63,5.87,0.38,0.65,3.94,6.19,0
2000-06-15,18.46,33.65,5.98,,,,,0
2000-06-15,19.22,32.691,6.66,,,,,0
2000-06-15,17.89,33.007,6.67,0.57,0.28,0.93,6.2,0
2000-06-15,18.45,33.14,5.84,,,,,0
2000-06-15,18.43,32.577,6.12,,,,,0
2000-06-15,18.29,33.12,5.76,0.36,0.99,3.37,6.83,0
2000-06-15,18.67,32.476,5.54,0.55,0.26,0.45,5.31,0
2000-06-15,16.72,33.55,5.64,,,,,0
2000-06-15,18.43,32.666,5.55,,,,,0
2000-06-15,15.25,33.54,5.8,0.56,0.98,3.39,6.39,0
2000-06-15,19.78,32.481,5.52,0.48,0.18,0.38,2.72,0
2000-06-16,20.05,32.456,5.44,,,,,0
2000-06-16,20.2,32.428000000000004,5.37,0.43,0.5,0.45,2.49,0
2000-06-16,20.23,32.459,5.64,,,,,0
2000-06-16,18.13,33.13,5.66,0.02,0.15,1.06,3.62,0
2000-06-16,20.65,32.374,5.48,,,,,0
2000-06-16,21.53,32.537,5.49,,,,,0
2000-06-16,20.69,32.344,5.43,0.63,0.4,0.88,1.38,0
2000-06-16,21.81,32.499,5.69,0.09,0.11,1.22,1.79,0
2000-06-16,20.48,32.369,5.44,,,,,0
2000-06-16,21.59,33.156,5.11,,,,,0
2000-06-16,20.27,32.376,5.49,0.14,0.15,0.69,2.27,0
2000-06-16,22.32,32.656,5.18,0.04,0.13,1.08,1.02,0
2000-06-16,14.03,32.443000000000005,5.96,,,,,0
2000-06-16,22.19,32.402,5.14,,,,,0
2000-06-16,17.43,32.713,6.38,0.12,0.24,1.33,3.71,0
2000-06-16,22.02,32.625,5.44,0.2,0.09,1.0,2.09,0
2000-06-16,16.72,32.714,6.38,,,,,0
2000-06-16,21.8,32.379,5.36,,,,,0
2000-06-16,21.65,32.509,5.43,0.05,0.09,1.94,1.84,0
2000-06-16,21.44,33.357,5.25,,,,,0
2000-06-16,21.13,33.045,5.74,0.05,0.18,3.07,1.12,0
2000-06-16,20.82,32.626999999999995,5.33,,,,,0
2000-06-16,20.99,32.622,5.41,0.03,0.16,4.64,2.73,0
2000-06-17,20.88,32.278,5.36,,,,,0
2000-06-17,20.75,30.798,5.57,,,,,0
2000-06-17,20.69,31.116,5.49,0.02,0.16,4.91,7.38,0
2000-06-17,20.53,31.513,5.43,,,,,0
2000-06-17,20.22,32.219,5.52,0.3,0.16,3.54,5.26,0
2000-06-17,20.08,32.038000000000004,5.48,,,,,0
2000-06-17,19.77,32.332,5.67,0.27,0.13,1.46,5.73,0
2000-06-17,19.82,32.45,5.52,,,,,0
2000-06-17,20.06,32.903,5.27,0.03,0.15,1.79,2.25,0
2000-06-17,19.59,33.696,5.46,,,,,0
2000-06-19,19.8,33.179,5.86,0.15,0.21,2.88,1.8,0
2000-06-19,19.42,32.457,5.6,,,,,0
2000-06-19,16.44,32.834,5.89,0.15,0.25,3.82,4.69,0
2000-06-19,16.09,32.838,6.07,,,,,0
2000-08-01,23.4,31.778,5.56,0.04,0.22,8.92,1.31,0
2000-08-01,26.4,32.163000000000004,4.68,,,,,0
2000-08-01,26.91,32.364000000000004,4.88,0.08,0.18,6.4,1.62,0
2000-08-01,25.36,31.899,5.04,0.14,0.23,7.14,1.46,0
2000-08-01,23.85,32.304,5.09,,,,,0
2000-08-01,24.0,32.345,4.98,0.07,0.18,4.27,1.35,0
2000-08-01,21.39,32.756,5.67,,,,,0
2000-08-01,25.12,31.891,4.86,0.1,0.12,3.69,1.44,0
2000-08-01,24.75,31.921,5.01,,,,,0
2000-08-02,24.93,31.831,4.97,,,,,0
2000-08-02,25.23,31.796,4.83,,,,,0
2000-08-02,25.76,31.662,4.52,0.07,0.13,3.95,2.09,0
2000-08-02,27.43,31.627,5.29,,,,,0
2000-08-02,28.06,31.775,4.82,,,,,0
2000-08-02,28.22,31.26,4.84,0.06,0.13,3.44,0.9,0
2000-08-02,27.56,31.305,4.99,,,,,0
2000-08-02,23.03,33.88,5.63,,,,,0
2000-08-02,26.82,31.762,4.98,0.15,0.15,3.13,2.21,0
2000-08-02,24.99,31.993,4.92,,,,,0
2000-08-02,24.11,32.018,4.99,0.08,0.19,1.84,1.14,0
2000-08-02,24.49,31.979,4.81,,,,,0
2000-08-02,23.88,32.275,4.99,0.07,0.15,2.64,1.69,0
2000-08-02,24.8,33.82,5.58,0.31,0.2,1.16,12.33,0
2000-08-02,24.45,32.045,5.16,,,,,0
2000-08-02,24.09,33.95,5.51,,,,,0
2000-08-02,23.58,33.95,5.62,0.34,0.16,1.3,10.89,0
2000-08-02,23.61,33.9,5.55,,,,,0
2000-08-02,23.65,33.87,5.51,0.32,0.1,0.51,10.58,0
2000-08-03,22.53,33.88,5.55,0.27,0.14,0.3,12.18,0
2000-08-03,22.58,33.82,5.72,0.18,0.13,0.39,13.42,0
2000-08-03,26.8,31.602,4.68,0.14,0.15,4.69,2.48,0
2000-08-03,22.75,33.92,5.62,,,,,0
2000-08-03,30.07,32.04,5.22,0.09,0.11,0.04,3.34,0
2000-08-03,27.65,31.472,4.89,,,,,0
2000-08-03,22.64,33.94,5.63,0.15,0.08,0.33,12.43,0
2000-08-03,27.82,31.436,4.93,0.15,0.21,2.64,1.42,0
2000-08-03,29.75,29.41,5.39,,,,,0
2000-08-03,22.49,33.93,5.58,,,,,0
2000-08-03,29.84,28.48,5.22,0.02,0.01,1.99,4.93,0
2000-08-03,22.83,33.93,5.51,0.23,0.07,0.37,10.86,0
2000-08-03,29.29,28.95,5.16,,,,,0
2000-08-03,29.91,28.9,5.11,0.16,0.11,1.96,7.97,0
2000-08-03,22.54,33.99,5.69,,,,,0
2000-08-03,29.03,28.18,5.22,,,,,0
2000-08-03,23.16,33.98,5.6,0.29,0.05,0.25,10.93,0
2000-08-03,30.43,28.62,5.59,0.05,0.07,0.07,2.91,0
2000-08-03,23.98,33.84,5.69,,,,,0
2000-08-03,24.05,33.84,5.55,0.31,0.12,1.45,12.85,0
2000-08-03,24.17,33.85,5.59,0.3,0.12,1.11,12.72,0
2000-08-04,30.56,29.01,5.79,0.07,0.12,0.77,5.07,0
2000-08-04,24.51,32.7,4.82,,,,,0
2000-08-04,29.08,27.72,5.53,,,,,0
2000-08-04,29.08,27.72,5.53,,,,,0
2000-08-04,30.75,25.75,3.4,0.11,0.04,2.07,9.51,0
2000-08-04,28.53,28.39,3.77,,,,,0
2000-08-04,29.78,28.48,4.09,0.4,0.05,0.78,10.05,0
2000-08-04,29.82,29.54,4.54,,,,,0
2000-08-04,29.81,30.7,5.19,0.02,0.02,0.79,12.53,0
2000-08-04,29.41,30.53,4.91,,,,,0
2000-08-04,29.08,29.4,4.77,,0.06,0.57,1.04,0
2000-08-05,29.6,30.47,4.85,,,,,0
2000-08-05,26.4,31.887,4.58,0.17,0.08,1.53,1.74,0
2000-08-05,29.65,28.88,4.88,0.4,0.14,5.96,13.6,0
2000-08-05,27.88,31.867,4.59,,,,,0
2000-08-05,23.48,33.62,5.19,0.35,0.14,0.82,10.11,0
2000-08-05,30.1,32.69,4.43,,,,,0
2000-08-05,23.53,33.62,5.17,0.39,0.13,0.73,10.82,0
2000-08-05,23.77,33.62,5.33,,,,,0
2000-08-05,28.1,32.046,4.44,0.06,0.35,2.73,1.08,0
2000-08-05,28.23,32.161,4.79,,,,,0
2000-08-05,23.08,33.8,5.46,0.34,0.07,0.98,10.87,0
2000-08-05,29.87,32.17,4.6,,,,,0
2000-08-05,28.23,32.161,4.79,,,,,0
2000-08-05,22.72,33.61,5.62,,,,,0
2000-08-05,29.88,31.83,4.71,0.18,0.05,0.1,0.47,0
2000-08-05,28.45,32.893,4.34,0.05,0.11,2.25,0.74,0
2000-08-05,22.09,33.29,5.56,0.16,0.07,0.88,15.51,0
2000-08-05,29.98,31.43,4.77,,,,,0
2000-08-05,28.6,32.415,4.45,,,,,0
2000-08-05,29.15,29.92,4.82,0.98,0.22,0.03,1.01,0
2000-08-05,22.2,33.29,5.61,,,,,0
2000-08-05,28.6,32.472,4.65,0.05,0.16,1.91,0.89,0
2000-08-05,22.72,33.43,5.74,0.1,0.13,0.42,16.25,0
2000-08-05,29.02,30.752,4.91,,,,,0
2000-08-05,28.31,31.527,4.69,0.08,0.1,1.59,1.24,0
2000-08-05,22.75,33.72,5.52,,,,,0
2000-08-05,28.12,31.253,4.44,,,,,0
2000-08-05,29.52,29.89,5.05,,,,,0
2000-08-05,22.69,33.49,5.68,0.18,0.13,1.59,18.7,0
2000-08-05,28.3,31.423,4.36,0.07,0.14,1.54,2.16,0
2000-08-05,22.73,33.4,5.65,,,,,0
2000-08-05,28.1,30.967,4.64,,,,,0
2000-08-06,27.61,31.184,4.56,0.08,0.03,3.18,1.92,0
2000-08-06,23.82,33.4,5.53,0.19,0.16,0.85,17.05,0
2000-08-06,27.89,31.42,4.69,,,,,0
2000-08-06,24.27,33.43,5.67,,,,,0
2000-08-06,27.77,31.254,4.59,0.06,0.12,2.05,2.97,0
2000-08-06,24.79,33.48,5.55,,,,,0
2000-08-06,28.05,31.08,4.56,,,,,0
2000-08-06,29.7,27.42,4.88,0.08,0.02,0.15,3.98,0
2000-08-06,28.0,31.488000000000003,4.67,0.12,0.07,1.63,2.97,0
2000-08-06,23.97,33.44,5.52,0.12,0.09,0.56,16.58,0
2000-08-06,28.1,31.446,4.9,,,,,0
2000-08-06,29.7,30.57,4.71,,,,,0
2000-08-06,23.07,33.41,5.59,,,,,0
2000-08-06,28.25,31.438,4.98,0.1,0.07,1.91,3.14,0
2000-08-06,30.08,26.74,4.82,0.04,0.06,0.1,4.78,0
2000-08-06,28.39,31.259,4.63,,,,,0
2000-08-06,23.41,33.48,5.55,0.15,0.06,0.48,18.46,0
2000-08-06,29.69,26.84,5.05,,,,,0
2000-08-06,28.8,31.041,4.97,0.18,0.07,1.83,1.35,0
2000-08-06,28.7,31.012,4.88,,,,,0
2000-08-06,23.36,33.41,5.48,,,,,0
2000-08-06,30.51,25.3,4.34,0.56,0.14,5.47,8.0,0
2000-08-06,23.5,33.25,5.5,0.21,0.1,0.5,15.63,0
2000-08-06,28.45,25.67,5.14,,,,,0
2000-08-06,23.11,33.3,5.4,,,,,0
2000-08-06,22.96,33.37,5.14,0.24,0.08,0.76,15.79,0
2000-08-06,22.92,33.65,5.22,,,,,0
2000-08-06,22.47,33.43,4.8,,,,,0
2000-08-06,22.05,33.44,4.81,0.22,0.26,0.6,15.95,0
2000-08-06,22.47,33.43,4.8,,,,,0
2000-08-07,22.09,33.44,4.84,0.23,0.25,0.77,15.84,0
2000-08-07,28.25,31.254,4.91,0.17,0.12,1.15,2.68,0
2000-08-07,28.4,31.076,4.84,,,,,0
2000-08-07,27.95,31.66800000000001,4.94,0.08,0.21,3.12,5.2,0
2000-08-07,24.28,32.215,5.15,,,,,0
2000-08-07,22.22,31.475,5.03,0.11,1.33,5.07,6.45,0
2000-08-08,27.07,31.657,,,,,,0
2000-08-08,26.91,31.867,4.72,0.16,0.01,0.1,4.47,0
2000-08-08,23.71,31.724,,,,,,0
2000-08-08,24.72,31.666,4.71,0.09,2.13,3.16,6.13,0
2000-08-08,24.89,32.316,5.08,,,,,0
2000-08-08,25.51,32.298,5.13,,,,,0
2000-08-08,24.35,31.673,,,,,,0
2000-08-08,21.25,33.27,4.63,0.33,0.17,0.25,16.55,0
2000-08-08,23.52,33.44,4.59,0.31,0.15,0.24,16.53,0
2000-08-08,23.33,33.49,4.57,,,,,0
2000-08-08,25.84,31.311,4.89,0.01,0.11,0.18,6.35,0
2000-08-08,23.52,33.44,4.59,0.31,0.15,0.24,16.53,0
2000-08-08,26.94,31.976,,,,,,0
2000-08-08,23.83,33.43,4.63,,,,,0
2000-08-08,26.87,31.882,4.4,0.13,1.31,4.06,5.88,0
2000-08-08,23.64,33.63,4.72,0.15,0.03,0.34,18.22,0
2000-08-08,27.55,31.934,4.65,,,,,0
2000-08-08,25.86,32.89,5.17,,,,,0
2000-08-08,25.57,32.7,5.16,0.2,0.1,0.48,18.03,0
2000-08-08,27.39,31.919,4.55,,,,,0
2000-08-08,27.39,31.999,4.66,0.06,0.01,0.09,5.41,0
2000-08-08,24.93,32.43,5.21,,,,,0
2000-08-09,24.25,32.58,5.18,0.19,0.16,0.88,17.48,0
2000-08-09,26.51,32.09,5.13,,,,,0
2000-08-09,26.49,32.056999999999995,,,,,,0
2000-08-09,26.31,31.993,4.72,0.35,0.32,0.33,3.14,0
2000-08-09,26.32,31.977,,,,,,0
2000-08-09,26.16,32.07,5.13,0.26,0.13,0.53,17.12,0
2000-08-09,25.87,31.896,5.26,,0.03,0.13,2.2,0
2000-08-09,23.27,33.23,5.19,,,,,0
2000-08-09,24.41,30.821,,,,,,0
2000-08-09,24.38,31.281,5.82,0.04,1.6,3.84,5.65,0
2000-08-09,24.27,33.32,5.14,0.28,0.02,0.98,18.83,0
2000-08-09,23.87,33.54,5.18,,,,,0
2000-08-09,24.04,33.38,5.14,0.38,0.13,2.12,21.5,0
2000-08-09,23.66,32.89,5.15,,,,,0
2000-08-09,24.25,32.53,5.18,0.35,0.14,2.12,21.44,0
2000-08-10,23.73,33.1,5.11,0.35,0.08,1.18,21.4,0
2000-08-10,23.92,32.94,5.07,,,,,0
2000-08-10,24.2,33.06,5.04,0.33,0.06,1.16,21.44,0
2000-08-10,24.62,33.01,5.04,,,,,0
2000-08-10,22.26,33.05,5.11,0.26,0.08,0.92,17.55,0
2000-08-10,23.08,33.38,5.15,,,,,0
2000-08-10,28.25,31.86,4.39,,,,,0
2000-08-10,26.9,31.82,4.6,0.26,0.19,0.88,17.3,0
2000-08-11,26.1,31.82,4.55,,,,,0
2000-08-11,26.12,31.8,5.04,0.32,0.24,1.33,17.24,0
2000-08-11,26.75,30.183000000000003,5.1,0.02,1.27,2.11,5.78,0
2000-08-11,25.53,32.012,,,,,,0
2000-08-11,27.11,32.053000000000004,4.97,0.26,1.09,0.26,1.67,0
2000-08-11,27.36,31.991,,,,,,0
2000-08-11,27.45,31.937,4.62,0.15,0.01,0.2,2.31,0
2000-08-11,27.57,31.958,,,,,,0
2000-08-11,27.57,31.983,4.7,0.25,0.01,0.1,3.68,0
2000-08-11,27.72,32.116,,,,,,0
2000-08-11,27.77,32.062,4.87,0.05,0.09,0.18,6.06,0
2000-08-12,28.02,31.72,4.47,,,,,0
2000-08-12,28.05,31.93,4.4,,,,,0
2000-08-12,28.0,31.914,4.62,0.18,0.45,0.08,4.45,0
2000-08-12,27.85,32.043,,,,,,0
2000-08-12,27.74,31.981,5.85,0.01,0.34,,1.39,0
2000-08-12,27.27,32.103,,,,,,0
2000-08-12,27.03,32.105,5.02,0.12,0.01,0.07,1.11,0
2000-08-12,27.86,32.089,,,,,,0
2000-08-12,26.46,32.046,6.38,,0.85,0.39,6.01,0
2000-08-14,20.42,32.353,5.93,0.02,1.82,1.66,6.01,0
2000-08-14,22.71,32.383,,,,,,0
2000-08-14,27.88,31.876,,,,,,0
2000-08-14,29.23,31.515,4.27,0.04,0.02,0.01,4.14,0
2000-08-14,24.06,32.484,,,,,,0
2000-08-14,27.48,31.943,4.6,0.01,0.08,0.18,5.54,0
2000-08-14,28.15,31.427,,,,,,0
2000-08-14,28.55,31.268,4.58,0.29,0.06,0.1,3.99,0
2000-08-15,28.79,31.241,,,,,,0
2000-08-15,28.94,29.298,4.63,0.07,0.09,0.07,4.72,0
2000-08-15,28.75,30.029,4.62,,,,,0
2000-08-15,28.03,32.198,4.64,,,,,0
2000-08-15,28.07,32.273,4.74,0.31,1.97,0.94,4.63,0
2000-08-15,28.39,31.985,,,,,,0
2000-08-15,28.43,31.985,4.33,0.01,0.69,0.22,4.87,0
2000-08-15,22.04,32.449,,,,,,0
2000-08-24,24.43,33.79,,,,,,1
2000-08-24,25.52,32.94,,,,,,1
2000-08-24,25.17,33.26,,,,,,1
2000-08-24,25.99,33.76,,,,,,1
2000-08-24,25.41,34.12,,,,,,1
2000-08-25,25.65,33.91,,,,,,1
2000-08-25,25.87,33.43,,,,,,1
2000-08-25,25.99,33.57,,,,,,1
2000-08-25,27.26,32.25,,,,,,1
2000-08-25,25.88,33.71,,,,,,1
2000-08-25,26.48,33.25,,,,,,1
2000-08-25,26.66,32.64,,,,,,1
2000-08-25,26.33,33.04,,,,,,1
2000-08-25,27.26,32.25,,,,,,1
2000-08-28,24.18,33.12,,,,,,1
2000-08-28,25.74,33.16,,,,,,1
2000-08-28,27.11,31.84,,,,,,1
2000-10-05,19.61,31.407,4.91,0.26,1.03,4.41,8.98,1
2000-10-05,19.23,31.544,,,,,,1
2000-10-05,20.04,31.82,5.22,0.02,0.73,1.25,4.53,1
2000-10-05,20.16,31.708,,,,,,1
2000-10-05,20.25,31.47300000000001,5.51,1.53,0.69,5.18,4.05,1
2000-10-05,20.81,31.624,,,,,,1
2000-10-05,20.86,31.617,5.16,0.19,0.89,0.76,3.54,1
2000-10-05,20.42,31.055,5.52,,,,,1
2000-10-05,21.28,31.946,5.2,,,,,1
2000-10-05,20.78,31.61,5.36,0.18,0.61,0.88,3.71,1
2000-10-05,20.49,31.705,,,,,,1
2000-10-05,20.61,31.825,5.29,0.28,0.84,0.76,4.36,1
2000-10-06,20.45,31.76,,,,,,0
2000-10-06,20.31,31.511,5.34,0.52,0.61,0.68,4.31,0
2000-10-06,20.23,31.611,,,,,,0
2000-10-06,18.62,31.399,5.54,0.06,1.29,1.59,9.13,0
2000-10-06,19.26,30.941,,,,,,0
2000-10-06,19.49,30.84800000000001,5.15,0.17,1.67,2.35,11.31,0
2000-10-07,19.81,29.472,5.7,0.22,0.99,1.1,2.92,0
2000-10-07,19.27,31.382,,,,,,0
2000-10-07,19.99,31.63300000000001,5.66,0.22,0.59,0.8,6.12,0
2000-10-07,19.75,31.738000000000003,,,,,,0
2000-10-07,20.54,31.549,5.37,0.46,1.18,1.31,5.47,0
2000-10-07,20.58,31.657,,,,,,0
2000-10-07,20.67,31.609,5.6,0.06,1.1,1.14,4.76,0
2000-10-07,20.88,31.434,,,,,,0
2000-10-07,19.88,31.93,5.7,0.45,0.85,0.43,10.35,0
2000-10-07,20.8,31.556,5.48,3.29,0.83,0.91,4.27,0
2000-10-07,19.7,31.81,5.67,,,,,0
2000-10-07,20.71,31.583,5.32,,,,,0
2000-10-07,19.56,31.93,5.53,0.37,0.81,0.28,9.04,0
2000-10-07,19.18,32.71,5.71,,,,,0
2000-10-07,21.09,31.809,5.32,,,,,0
2000-10-07,21.18,31.831,5.19,0.59,0.87,1.16,3.52,0
2000-10-07,19.49,32.87,5.71,0.36,0.77,0.74,10.19,0
2000-10-07,20.5,31.644,,,,,,0
2000-10-08,20.45,31.669,5.27,0.34,1.63,0.93,5.93,0
2000-10-08,19.44,32.82,5.77,,,,,0
2000-10-08,20.63,31.534,,,,,,0
2000-10-08,20.03,31.773000000000003,6.32,0.49,0.98,0.82,10.9,0
2000-10-08,19.26,33.13,5.73,0.39,0.72,0.03,10.5,0
2000-10-08,20.46,31.297,,,,,,0
2000-10-08,20.53,30.91,5.5,0.39,1.65,5.91,13.71,0
2000-10-08,19.41,32.99,5.68,0.38,0.73,0.09,14.26,0
2000-10-08,19.5,32.87,5.69,,,,,0
2000-10-08,19.39,33.06,5.57,0.37,0.68,0.16,14.87,0
2000-10-08,19.26,33.24,5.64,,,,,0
2000-10-08,19.21,33.17,5.53,0.58,0.83,1.63,14.2,0
2000-10-08,19.44,33.23,5.58,,,,,0
2000-10-08,19.51,32.81,5.73,0.55,0.54,0.33,10.74,0
2000-10-09,19.58,32.05,5.63,,,,,0
2000-10-09,19.54,32.16,5.52,0.38,0.73,0.86,9.52,0
2000-10-09,19.57,31.83,5.54,0.43,0.87,0.57,9.83,0
2000-10-10,19.5,32.04,5.47,0.44,0.61,0.25,9.11,0
2000-10-10,19.65,32.02,5.44,0.43,0.64,0.23,9.05,0
2000-10-10,19.69,31.84,5.4,,,,,0
2000-10-10,19.37,32.196,,,,,,0
2000-10-10,19.65,31.9,5.48,0.39,0.81,0.14,8.1,0
2000-10-10,21.37,32.108000000000004,5.28,0.7,0.86,1.04,4.29,0
2000-10-10,19.44,32.17,5.47,,,,,0
2000-10-10,21.31,31.51,,,,,,0
2000-10-10,21.55,31.74,5.26,0.57,0.67,0.71,5.38,0
2000-10-10,19.92,32.23,5.48,0.52,0.81,0.35,12.88,0
2000-10-10,21.44,31.831,5.03,,,,,0
2000-10-10,20.26,32.36,5.47,,,,,0
2000-10-10,21.43,31.532,5.24,,,,,0
2000-10-10,20.38,32.67,5.57,0.29,0.71,0.63,11.27,0
2000-10-10,21.42,31.7,5.29,0.22,1.57,0.88,5.75,0
2000-10-10,22.28,32.162,,,,,,0
2000-10-10,20.35,32.1,5.61,,,,,0
2000-10-10,22.52,32.634,5.18,0.48,1.18,1.25,6.91,0
2000-10-10,22.92,32.919000000000004,,,,,,0
2000-10-10,20.01,31.91,5.53,0.22,0.76,0.24,11.03,0
2000-10-11,22.12,32.778,5.26,0.29,0.89,1.12,7.59,1
2000-10-11,21.7,32.544000000000004,,,,,,1
2000-10-11,21.14,32.395,5.34,0.31,2.0,1.24,8.89,1
2000-10-11,21.48,32.724000000000004,,,,,,1
2000-10-11,20.25,32.15,5.42,0.28,0.77,0.22,10.62,1
2000-10-11,20.16,32.09,5.31,,,,,1
2000-10-11,20.03,32.32,5.33,0.27,0.52,0.04,9.67,1
2000-10-11,19.56,31.754,,,,,,1
2000-10-11,19.42,32.123000000000005,5.59,0.32,1.07,1.17,7.62,1
2000-10-11,20.29,32.67,5.29,,,,,1
2000-10-11,20.56,32.33,5.32,0.28,0.54,0.16,11.23,1
2000-10-11,21.01,32.59,5.29,,,,,1
2000-10-11,20.48,32.65,5.42,0.49,0.68,0.74,7.34,1
2000-10-11,19.71,32.21,5.42,,,,,1
2000-10-11,19.71,32.22,5.47,0.48,0.65,0.77,7.76,1
2000-10-14,19.32,32.54,5.44,0.07,0.77,0.33,7.89,0
2000-10-14,19.48,32.47,5.42,,,,,0
2000-10-14,19.85,32.31,5.31,0.06,0.74,0.37,7.19,0
2000-10-16,19.94,32.72,5.27,,,,,0
2000-10-16,19.97,32.72,5.33,0.04,0.88,0.19,7.8,0
2000-10-16,20.6,32.52,5.62,,,,,0
2000-10-16,21.18,32.56,5.62,0.05,0.84,1.84,9.52,0
2000-10-16,20.85,32.61,5.52,,,,,0
2000-10-16,19.38,32.68,5.58,0.05,0.66,0.52,9.26,0
2000-10-16,23.3,32.85,5.12,,,,,0
2000-10-17,19.78,32.63,5.39,0.06,0.65,0.44,9.03,0
2000-10-17,20.17,32.46,5.48,,,,,0
2000-10-17,19.61,32.7,5.4,0.11,0.54,0.54,8.28,0
2000-10-17,19.31,32.45,5.46,,,,,0
2000-10-17,18.72,32.47,5.47,0.09,0.64,0.68,8.87,0
2000-10-17,18.94,32.56,5.44,,,,,0
2000-10-17,18.92,32.08,5.41,0.06,0.66,0.65,8.06,0
2000-10-17,19.38,32.33,5.35,0.08,0.76,0.37,7.89,0
2000-10-17,19.37,32.39,5.33,,,,,0
2000-10-17,19.45,32.25,5.29,0.09,0.71,0.34,7.26,0
2000-10-17,19.31,32.5,5.09,,,,,0
2000-10-17,20.06,31.377,5.27,0.11,0.3,5.0,2.94,0
2000-10-17,19.23,32.77,5.03,0.03,0.68,0.35,7.94,0
2000-10-17,22.43,31.887,5.27,,,,,0
2000-10-17,24.1,33.321,4.96,0.14,0.06,1.74,4.64,0
2000-10-17,23.43,33.58,4.77,,,,,0
2000-10-17,21.55,32.951,5.04,0.12,0.08,1.72,5.22,0
2000-10-17,22.62,32.82,5.33,,,,,0
2000-10-17,22.61,33.162,5.08,,,,,0
2000-10-17,21.4,32.92,5.26,0.08,0.77,0.28,7.46,0
2000-10-17,19.26,32.446,4.98,0.12,0.13,5.36,5.24,0
2000-10-17,20.94,32.39,5.37,,,,,0
2000-10-17,19.72,32.345,5.18,0.12,0.47,4.02,6.17,0
2000-10-17,21.64,32.92,4.97,0.04,0.85,0.44,9.53,0
2000-10-17,20.56,31.708,5.46,0.12,0.24,4.41,2.08,0
2000-10-18,20.61,31.626,5.41,0.06,0.05,1.85,3.24,0
2000-10-18,19.88,31.659,5.44,,,,,0
2000-10-18,19.97,31.363000000000003,5.62,,,,,0
2000-10-18,24.03,33.88,5.14,,0.13,2.22,,0
2000-10-18,23.3,33.516,5.1,,,,,0
2000-10-18,24.19,33.596,5.3,,,,,0
2000-10-18,24.47,33.472,4.95,0.08,0.35,2.58,4.16,0
2000-10-18,23.58,33.427,4.89,,,,,0
2000-10-18,23.83,33.582,4.84,0.04,0.1,3.74,3.8,0
2000-10-20,19.24,32.965,5.2,,,,,0
2000-10-20,19.02,31.745,5.47,0.25,0.27,5.45,5.53,0
2000-10-20,19.25,31.025,5.52,,,,,0
2000-10-20,19.73,32.255,5.25,0.23,0.22,4.47,5.86,0
2000-10-20,20.21,32.834,5.19,,,,,0
2000-10-20,19.23,32.595,5.25,0.09,0.21,1.51,7.1,0
2000-10-20,21.49,32.897,5.23,,,,,0
2000-10-20,23.18,33.211,4.81,0.12,0.18,1.25,3.86,0
2000-10-22,22.44,33.658,4.99,0.11,0.27,3.26,6.05,0
2000-10-22,23.73,33.646,4.74,,,,,0
2000-10-28,22.92,33.474000000000004,4.88,0.15,0.24,2.99,4.57,0
2000-10-28,22.36,33.478,4.95,,,,,0
2000-10-28,24.02,33.68,4.98,0.12,0.18,3.5,4.05,0
2000-10-28,23.61,33.644,4.98,,,,,0
2000-10-28,23.72,33.399,4.82,0.11,0.17,2.22,4.61,0
2000-10-29,23.56,33.367,4.88,,,,,0
2000-10-29,23.56,33.367,4.78,0.11,0.25,1.84,4.62,0
2000-10-29,23.01,33.946,4.94,,,,,0
2000-10-29,22.85,33.567,4.9,0.11,0.19,1.57,4.0,0
2000-10-29,22.51,33.448,4.98,,,,,0
2000-10-29,21.39,32.951,5.17,0.11,0.56,1.68,5.93,0
2000-10-29,19.46,31.511,5.39,,,,,0
2000-10-29,19.11,31.506,5.47,,,,,0
2000-10-29,19.02,31.175,5.6,0.1,0.26,1.78,9.09,0
2000-10-29,19.24,31.422,5.58,,,,,0
2000-10-29,19.18,31.597,5.52,0.12,0.13,2.09,9.75,0
2000-10-29,20.28,32.616,5.28,,,,,0
2000-10-29,19.42,32.077,5.54,0.11,0.22,3.09,6.54,0
2000-10-29,20.19,32.337,5.42,,,,,0
2000-10-29,20.71,32.853,5.48,0.1,0.24,3.36,6.72,0
2000-10-29,22.44,33.102,5.27,,,,,0
2000-10-29,21.53,33.149,5.77,0.07,0.24,2.66,6.1,0
2000-10-30,20.35,32.717,5.62,,,,,0
2000-10-30,16.13,32.477,5.58,0.19,0.28,8.34,11.92,0
2000-10-30,16.13,32.462,5.41,0.36,0.49,9.77,10.73,0
2000-10-30,17.7,31.353,5.57,0.17,0.46,3.08,5.14,0
2000-10-30,18.29,31.327,5.71,0.22,0.31,4.09,3.77,0
2000-11-12,24.11,34.14,4.66,0.11,0.13,0.74,3.71,0
2000-11-12,22.9,33.89,4.83,0.53,0.84,4.74,5.36,0
2000-11-12,22.31,33.81,4.87,0.43,0.14,1.71,6.8,0
2000-11-12,22.44,33.98,4.75,,,,,0
2000-11-12,22.33,34.05,4.75,0.43,0.02,2.26,6.29,0
2000-11-12,22.06,34.06,4.89,,,,,0
2000-11-13,21.64,33.88,4.81,0.43,0.44,9.27,10.0,0
2000-11-13,21.13,33.68,4.78,0.27,0.83,8.76,12.48,0
2000-11-13,20.53,32.96,5.05,,,,,0
2000-11-13,20.46,33.34,5.06,0.69,0.11,10.38,14.74,0
2000-11-13,20.43,33.42,5.15,,,,,0
2000-11-13,19.88,32.54,5.05,0.32,0.32,14.75,21.24,0
2000-11-13,19.71,32.79,5.18,0.16,0.48,11.46,18.04,0
2000-11-13,20.22,33.21,5.06,,,,,0
2000-11-13,19.8,33.36,5.11,0.64,0.49,7.73,13.92,0
2000-11-13,21.5,33.76,4.89,,,,,0
2000-11-13,21.09,33.82,4.7,0.16,0.31,6.65,13.71,0
2000-11-13,21.15,33.86,4.77,,,,,0
2000-11-13,22.16,33.94,4.66,0.48,0.79,1.33,6.39,0
2000-11-13,22.17,33.84,4.89,,,,,0
2000-11-14,22.44,33.79,5.04,0.38,0.23,1.56,6.19,0
2000-11-14,22.44,33.79,5.04,0.43,0.22,0.81,4.43,0
2000-11-14,22.71,34.01,3.87,,,,,0
2000-11-14,22.02,33.95,5.01,0.27,0.36,1.03,5.16,0
2000-11-14,22.09,33.97,4.81,,,,,0
2000-11-14,20.54,33.82,4.93,0.43,0.87,3.05,9.69,0
2000-11-14,20.3,33.76,5.15,,,,,0
2000-11-14,20.19,33.77,4.99,0.43,0.6,3.32,10.93,0
2000-11-14,19.78,33.56,4.87,,,,,0
2000-11-14,19.78,33.56,4.87,,,,,0
2000-11-14,19.11,32.76,5.1,0.85,0.23,8.26,18.35,0
2000-11-14,19.24,32.55,5.15,,,,,0
2000-12-02,11.43,32.734,,,,,,0
2000-12-02,12.47,32.375,6.0,0.36,1.3,3.25,4.02,0
2000-12-02,12.43,32.483000000000004,,,,,,0
2000-12-02,12.82,32.574,5.92,0.28,2.14,1.16,3.44,0
2000-12-02,12.72,32.497,5.94,,,,,0
2000-12-02,14.29,32.738,6.04,,,,,0
2000-12-02,13.5,32.614000000000004,5.76,0.28,3.88,0.36,7.01,0
2000-12-03,13.38,32.736999999999995,,,,,,0
2000-12-03,13.65,32.837,5.86,0.81,3.74,0.49,2.33,0
2000-12-03,11.86,32.897,,,,,,0
2000-12-03,12.11,32.974000000000004,5.64,0.28,2.7,5.29,8.49,0
2000-12-03,12.13,32.876999999999995,,,,,,0
2000-12-03,12.12,32.96,5.69,0.48,2.67,5.27,5.7,0
2000-12-03,12.5,33.174,,,,,,0
2000-12-06,15.05,33.343,5.22,0.09,0.22,13.79,10.42,0
2000-12-06,12.72,33.55,6.12,0.38,0.35,3.66,21.98,0
2000-12-06,16.21,33.49,5.06,,,,,0
2000-12-06,13.17,33.59,6.29,,,,,0
2000-12-06,16.88,33.41,5.11,0.04,0.06,6.58,7.82,0
2000-12-06,13.17,33.58,5.82,0.23,0.32,3.12,21.42,0
2000-12-06,12.24,33.41,5.93,,,,,0
2000-12-06,18.64,33.88,5.16,0.02,0.07,5.02,4.95,0
2000-12-06,19.19,33.574,5.15,,,,,0
2000-12-06,11.68,33.44,6.07,0.25,0.51,1.97,17.19,0
2000-12-06,17.74,33.516,5.5,0.01,0.08,4.02,3.55,0
2000-12-06,14.93,33.146,5.29,0.17,0.08,4.41,15.69,0
2000-12-06,9.79,33.42,6.36,,,,,0
2000-12-06,14.53,33.152,5.51,0.1,0.06,4.09,11.29,0
2000-12-06,14.81,32.859,5.51,0.18,0.09,3.79,10.48,0
2000-12-06,10.01,33.44,6.31,0.24,0.22,0.53,13.79,0
2000-12-06,14.86,33.039,5.36,,,,,0
2000-12-06,15.16,33.296,5.27,,,,,0
2000-12-06,19.06,33.532,5.11,0.16,0.04,2.01,5.56,0
2000-12-07,19.79,33.782,5.28,,,,,0
2000-12-07,19.65,34.218,5.17,,,,,0
2000-12-07,13.54,33.74,5.69,0.24,0.25,1.68,19.21,0
2000-12-07,20.19,34.213,4.91,0.1,0.05,2.6,3.81,0
2000-12-07,12.44,33.64,5.65,,,,,0
2000-12-07,19.09,33.821,4.99,,,,,0
2000-12-07,11.59,33.56,6.08,0.19,0.28,0.65,18.45,0
2000-12-07,17.43,33.474000000000004,5.3,0.11,0.04,2.78,5.81,0
2000-12-07,10.95,33.48,6.08,,,,,0
2000-12-07,18.18,33.385,5.29,,,,,0
2000-12-07,10.91,32.504,5.67,0.59,1.68,7.13,6.35,0
2000-12-07,16.66,33.459,5.36,0.09,0.07,4.73,6.54,0
2000-12-07,10.75,33.48,6.3,0.11,0.37,0.64,12.08,0
2000-12-07,13.85,32.425,5.8,,,,,0
2000-12-07,10.47,32.321,,,,,,0
2000-12-07,12.64,32.779,5.69,0.14,0.23,3.81,10.18,0
2000-12-07,10.34,33.47,6.18,,,,,0
2000-12-07,13.09,33.079,5.49,,,,,0
2000-12-07,11.18,32.448,6.08,0.64,1.26,6.56,8.27,0
2000-12-07,15.92,33.416,4.66,0.08,0.06,3.55,12.6,0
2000-12-07,13.7,33.65,5.65,0.21,0.64,1.21,17.23,0
2000-12-07,11.43,32.587,,,,,,0
2000-12-07,18.61,33.839,4.89,,,,,0
2000-12-07,13.96,33.66,5.46,,,,,0
2000-12-07,11.76,32.439,5.97,0.69,1.25,3.78,6.54,0
2000-12-07,19.25,33.798,5.45,0.2,0.06,2.63,4.02,0
2000-12-07,13.77,33.63,5.32,0.26,0.33,1.91,21.02,0
2000-12-07,11.79,32.419000000000004,,,,,,0
2000-12-07,14.01,33.68,5.29,0.28,0.35,1.53,21.55,0
2000-12-07,11.56,32.452,6.27,0.69,1.14,4.37,5.74,0
2000-12-07,11.96,32.429,,,,,,0
2000-12-07,12.76,33.31,6.11,0.28,0.25,1.84,22.79,0
2000-12-07,11.9,32.334,6.2,0.22,1.45,3.03,3.07,0
2000-12-07,11.82,33.44,6.13,0.29,0.29,1.75,22.34,0
2000-12-07,12.26,33.49,6.23,,,,,0
2000-12-07,12.36,32.355,5.91,,,,,0
2000-12-07,11.69,33.49,6.07,0.21,0.24,1.29,22.74,0
2000-12-07,14.2,33.83,5.63,,,,,0
2000-12-07,12.45,32.33,6.0,,,,,0
2000-12-08,16.97,33.88,5.68,0.18,0.28,1.5,18.93,0
2000-12-08,12.31,32.316,6.03,0.39,1.43,3.03,5.82,0
2000-12-08,12.51,32.301,,,,,,0
2000-12-08,11.55,32.25,6.11,0.29,1.02,2.42,3.17,0
2000-12-08,16.46,33.85,5.57,,,,,0
2000-12-08,11.26,32.241,,,,,,0
2000-12-08,15.59,33.66,5.65,0.16,0.35,1.56,15.79,0
2000-12-08,11.12,32.376999999999995,6.13,0.44,1.51,3.54,4.11,0
2000-12-08,10.72,32.351,,,,,,0
2000-12-08,16.57,33.74,5.65,,,,,0
2000-12-08,11.28,32.531,6.11,1.02,0.69,6.41,9.41,0
2000-12-08,15.88,33.76,5.54,0.12,0.34,1.4,19.81,0
2000-12-08,19.18,33.834,5.12,0.19,0.04,3.62,4.2,0
2000-12-08,11.14,32.49,,,,,,0
2000-12-08,10.78,32.285,6.31,0.8,0.87,6.39,7.85,0
2000-12-08,19.44,33.706,5.09,,,,,0
2000-12-08,19.82,33.924,5.03,0.16,0.06,1.12,3.59,0
2000-12-08,19.93,33.842,4.99,,,,,0
2000-12-08,3.87,31.743,7.1,,,,,0
2000-12-08,5.01,32.086,7.13,,,,,0
2000-12-08,10.72,32.195,6.33,1.06,0.9,6.65,11.9,0
2000-12-08,20.12,33.962,4.98,0.19,0.03,1.58,3.9,0
2000-12-08,11.3,32.357,,,,,,0
2000-12-08,19.76,33.872,5.07,,,,,0
2000-12-08,11.11,32.52,5.96,1.03,1.06,5.42,9.14,0
2000-12-08,10.38,32.354,,,,,,0
2000-12-08,18.27,33.881,5.05,1.16,0.03,1.87,3.94,0
2000-12-08,10.52,32.226,6.3,1.02,0.89,7.3,9.88,0
2000-12-08,19.78,33.81,5.14,,,,,0
2000-12-08,10.8,32.089,,,,,,0
2000-12-08,16.03,33.79,5.2,0.13,0.11,1.89,19.73,0
2000-12-08,11.03,32.093,6.38,0.19,1.0,2.39,3.49,0
2000-12-08,19.88,33.744,5.08,0.22,0.04,2.39,3.58,0
2000-12-08,11.07,32.174,,,,,,0
2000-12-08,19.43,33.803000000000004,5.05,,,,,0
2000-12-08,15.42,33.72,5.31,,,,,0
2000-12-08,11.3,32.189,6.2,0.4,1.7,1.69,1.26,0
2000-12-08,19.21,33.749,5.02,0.21,0.02,1.94,5.7,0
2000-12-08,11.96,32.279,6.04,,,,,0
2000-12-08,15.64,33.7,5.41,0.14,0.32,1.19,14.25,0
2000-12-09,19.27,33.809,5.1,,,,,0
2000-12-09,15.21,33.75,5.34,,,,,0
2000-12-09,17.99,33.565,5.11,0.18,0.08,3.45,9.42,0
2000-12-09,11.22,32.378,6.23,,,,,0
2000-12-09,11.97,32.372,6.12,0.29,1.21,1.58,3.06,0
2000-12-09,17.93,34.12,5.29,0.13,0.35,0.62,17.11,0
2000-12-09,17.81,33.358000000000004,5.09,,,,,0
2000-12-09,11.17,32.338,,,,,,0
2000-12-09,11.07,32.267,6.24,0.34,1.07,2.37,5.09,0
2000-12-09,16.6,34.05,5.26,,,,,0
2000-12-09,9.54,32.093,,,,,,0
2000-12-09,15.59,34.03,5.4,0.29,0.28,1.94,21.18,0
2000-12-09,16.62,33.349000000000004,5.21,,,,,0
2000-12-09,15.07,33.69,5.41,,,,,0
2000-12-09,9.26,31.826,6.26,1.52,0.92,12.4,11.54,0
2000-12-09,16.06,33.81,5.44,0.27,0.25,1.85,21.93,0
2000-12-09,16.74,33.388000000000005,5.11,0.19,0.04,2.9,6.68,0
2000-12-09,9.7,31.82,,,,,,0
2000-12-09,16.59,33.398,5.14,,,,,0
2000-12-09,15.43,32.912,5.44,0.17,0.04,2.36,8.11,0
2000-12-09,10.37,31.432,6.3,0.99,1.34,11.06,10.6,0
2000-12-09,14.56,33.84,5.19,0.26,0.27,1.94,21.66,0
2000-12-09,14.77,33.85,5.16,,,,,0
2000-12-09,14.46,32.614000000000004,5.78,,,,,0
2000-12-09,15.4,33.99,5.06,0.25,0.29,1.83,21.58,0
2000-12-09,15.37,33.035,5.62,0.07,0.03,2.29,6.96,0
2000-12-09,18.62,33.976,5.52,,,,,0
2000-12-09,19.08,33.976,5.37,0.1,0.07,2.3,4.6,0
2000-12-09,18.93,33.968,5.38,,,,,0
2000-12-13,17.37,33.412,5.15,0.1,0.1,7.99,8.68,0
2000-12-13,15.29,32.948,5.41,,,,,0
2000-12-13,13.42,32.641,5.7,,0.31,9.65,12.28,0
2000-12-13,13.06,32.257,5.48,0.06,0.13,9.77,11.6,0
2000-12-13,15.13,34.09,4.81,,,,,0
2000-12-13,11.28,32.52,6.33,0.19,0.1,7.05,9.38,0
2000-12-13,12.46,32.843,6.31,0.13,0.04,10.37,16.55,0
2000-12-14,17.36,34.16,4.8,0.09,0.61,0.92,19.63,0
2000-12-14,15.31,33.77,5.42,,,,,0
2000-12-14,15.88,33.73,5.7,0.05,0.11,1.32,17.91,0
2000-12-14,16.43,33.85,5.57,,,,,0
2000-12-14,15.54,33.85,5.59,0.13,0.19,0.67,17.78,0
2000-12-15,15.1,33.86,5.24,,,,,0
2000-12-15,15.49,33.83,5.16,0.15,0.51,1.49,13.57,0
2000-12-15,17.36,34.16,5.09,,,,,0
2000-12-15,16.53,34.16,4.95,0.21,0.68,1.75,13.37,0
2000-12-15,16.53,34.16,4.81,,,,,0
2000-12-15,17.15,34.13,4.95,0.27,0.35,2.26,18.24,0
2000-12-15,17.1,34.2,4.96,,,,,0
2000-12-15,16.98,34.19,4.95,0.25,0.33,2.35,18.11,0
2000-12-16,16.35,34.04,5.22,0.23,0.26,1.84,19.36,0
2000-12-16,16.23,34.05,5.19,,,,,0
2000-12-16,17.15,34.14,5.12,0.25,0.28,1.95,19.82,0
2000-12-16,17.54,34.2,5.13,,,,,0
2000-12-16,17.4,34.21,4.91,0.25,0.68,1.24,13.93,0
2000-12-16,17.73,34.31,4.79,,,,,0
2000-12-16,17.55,34.22,4.78,,,,,0
2000-12-17,17.77,34.15,4.87,0.27,0.72,1.16,13.91,0
2000-12-17,15.85,34.12,4.81,,,,,0
2000-12-17,15.55,34.11,4.8,0.34,0.58,3.02,20.97,0
2001-02-09,10.68,33.74,6.09,0.71,0.28,10.32,15.93,0
2001-02-09,11.45,34.29,5.79,0.53,0.43,2.01,15.34,0
2001-02-09,11.52,34.3,6.08,,,,,0
2001-02-09,10.5,34.31,6.07,0.52,0.43,14.46,2.06,0
2001-02-09,10.4,34.3,6.18,,,,,0
2001-02-09,9.9,34.26,5.88,0.5,0.41,13.17,2.32,0
2001-02-09,7.01,34.01,6.36,,,,,0
2001-02-09,6.67,34.01,6.28,0.44,0.3,10.67,1.64,0
2001-02-11,10.76,33.44,5.98,0.66,0.06,12.11,16.86,0
2001-02-11,10.83,32.99,6.27,,,,,0
2001-02-11,10.82,32.88,5.99,0.48,0.03,12.21,19.09,0
2001-02-11,12.1,33.31,5.83,,,,,0
2001-02-11,13.04,33.67,5.92,0.88,0.05,7.68,14.04,0
2001-02-11,14.34,33.86,5.86,,,,,0
2001-02-11,15.1,34.04,5.72,0.44,0.23,4.68,8.73,0
2001-02-11,15.68,34.09,5.66,,,,,0
2001-02-11,17.44,34.38,5.39,0.09,0.35,7.08,5.4,0
2001-02-11,16.99,34.32,4.68,0.13,0.26,5.68,5.43,0
2001-02-12,16.81,34.27,5.32,0.96,0.37,3.82,7.5,0
2001-02-12,16.28,34.2,5.46,,,,,0
2001-02-12,15.71,34.17,5.32,0.46,0.22,6.05,6.44,0
2001-02-13,15.5,34.19,5.52,,,,,0
2001-02-13,13.59,33.83,5.48,0.2,0.18,6.12,11.57,0
2001-02-13,12.49,33.61,6.03,,,,,0
2001-02-13,9.88,34.18,5.89,0.28,0.35,9.95,1.89,0
2001-02-13,10.07,32.79,5.9,0.28,0.26,12.93,17.81,0
2001-02-13,7.54,34.14,6.13,,,,,0
2001-02-13,9.91,32.62,6.15,,,,,0
2001-02-13,12.38,34.33,6.05,0.27,0.41,9.84,1.8,0
2001-02-13,9.95,32.91,6.07,0.76,0.17,11.44,19.88,0
2001-02-13,10.05,33.22,6.18,0.65,0.14,14.38,20.59,0
2001-02-13,9.67,34.26,6.03,0.44,0.33,11.45,1.59,0
2001-02-13,10.98,34.32,5.88,,,,,0
2001-02-13,8.93,32.25,6.22,0.66,0.08,14.12,24.73,0
2001-02-13,11.55,34.33,5.84,0.39,0.37,13.16,1.82,0
2001-02-13,9.54,32.87,6.05,0.68,0.05,13.4,20.22,0
2001-02-13,12.48,34.35,5.92,,,,,0
2001-02-13,11.27,33.43,6.23,,,,,0
2001-02-13,11.47,34.34,5.82,0.54,0.46,15.62,1.59,0
2001-02-14,11.44,34.34,5.91,0.52,0.44,1.86,15.19,0
2001-02-14,13.17,33.84,6.17,0.48,0.07,7.08,12.8,0
2001-02-14,14.64,34.03,5.45,,,,,0
2001-02-14,14.97,34.19,5.62,0.23,0.05,4.52,8.63,0
2001-02-14,16.04,34.36,5.32,,,,,0
2001-02-14,16.02,34.27,5.52,0.46,0.08,5.42,7.54,0
2001-02-14,16.35,34.34,5.04,,,,,0
2001-02-14,2.97,31.25,7.42,0.87,2.93,,5.77,0
2001-02-14,17.02,34.46,5.3,0.61,0.35,3.86,5.14,0
2001-02-14,17.25,34.46,5.31,0.54,0.34,3.32,6.27,0
2001-02-15,12.3,34.15,5.75,0.42,0.63,8.39,13.45,0
2001-02-15,13.14,34.3,5.83,,,,,0
2001-02-15,14.13,34.24,5.76,0.33,0.49,7.26,11.6,0
2001-02-17,13.45,34.13,5.86,0.2,0.41,9.67,9.17,0
2001-02-17,2.53,31.29,,,,,,0
2001-02-17,13.85,33.68,5.85,,,,,0
2001-02-17,3.94,31.56,7.43,0.36,1.12,,4.33,0
2001-02-17,13.26,33.16,5.7,0.22,0.58,8.66,12.95,0
2001-02-17,12.7,33.26,5.91,0.33,0.64,7.22,11.5,0
2001-02-17,3.91,31.74,,,,,,0
2001-02-17,10.1,34.31,6.11,0.35,0.35,1.55,15.25,0
2001-02-17,4.61,32.29,7.19,0.43,3.86,,3.43,0
2001-02-17,11.15,33.73,6.22,0.23,0.47,4.89,12.15,0
2001-02-17,10.35,34.34,6.17,0.36,0.35,15.27,1.68,0
2001-02-17,10.41,33.81,6.28,0.28,0.35,6.17,12.09,0
2001-02-17,7.32,34.09,6.13,0.32,0.38,1.49,,0
2001-02-17,5.63,32.68,,,,,,0
2001-02-17,8.54,33.86,6.22,,,,,0
2001-02-17,7.03,34.07,6.13,0.35,0.4,13.45,2.1,0
2001-02-17,6.07,32.75,6.77,0.15,1.81,,3.98,0
2001-02-17,10.34,33.73,6.29,,,,,0
2001-02-17,5.98,32.67,7.0,,,,,0
2001-02-17,11.01,34.3,6.15,,,,,0
2001-02-17,14.41,33.96,5.85,0.19,0.19,3.0,9.85,0
2001-02-17,15.35,33.73,5.62,,,,,0
2001-02-17,13.01,34.34,6.18,0.28,0.25,11.01,1.36,0
2001-02-17,6.7,32.69,6.85,,,,,0
2001-02-17,15.57,34.27,5.7,,,,,0
2001-02-17,11.86,34.28,,,,,,0
2001-02-17,15.54,34.28,5.65,0.18,0.16,3.8,7.93,0
2001-02-17,11.81,34.3,6.12,0.26,0.4,10.51,1.54,0
2001-02-17,13.73,34.12,5.97,,,,,0
2001-02-18,14.52,34.3,5.68,0.31,0.5,4.81,11.64,0
2001-02-18,11.73,34.3,5.82,,,,,0
2001-02-18,6.67,32.74,6.75,0.29,2.68,,4.76,0
2001-02-18,13.38,34.03,5.83,,,,,0
2001-02-18,6.49,32.76,,,,,,0
2001-02-18,9.15,33.7,6.57,0.17,0.37,6.32,15.62,0
2001-02-18,8.69,33.603,6.56,,,,,0
2001-02-18,6.41,32.75,6.83,0.24,1.87,,4.55,0
2001-02-18,9.62,33.63,6.45,0.33,0.3,7.13,15.26,0
2001-02-18,5.75,32.68,,,,,,0
2001-02-18,10.62,33.87,6.15,,,,,0
2001-02-18,4.61,32.58,7.06,0.25,2.37,,4.77,0
2001-02-18,13.14,34.14,5.97,0.18,0.31,4.18,9.86,0
2001-02-18,4.29,31.7,,,,,,0
2001-02-18,15.46,34.35,5.62,,,,,0
2001-02-18,11.36,34.3,5.75,0.25,0.33,9.82,1.65,0
2001-02-18,4.59,31.7,7.32,0.47,1.99,,6.48,0
2001-02-18,15.39,34.37,5.81,0.21,0.45,5.22,6.47,0
2001-02-18,4.22,31.57,,,,,,0
2001-02-18,11.08,34.3,5.84,,,,,0
2001-02-18,3.68,31.51,7.62,0.81,2.92,,8.03,0
2001-02-18,9.57,34.23,5.82,0.23,0.22,1.62,10.04,0
2001-02-18,9.84,34.18,6.04,,,,,0
2001-02-18,10.33,34.28,6.25,,,,,0
2001-02-18,11.32,34.31,5.84,0.18,0.28,1.62,10.81,0
2001-02-18,5.86,32.59,,,,,,0
2001-02-18,6.51,32.78,6.83,0.75,3.7,,5.27,0
2001-02-18,11.85,34.32,5.86,,,,,0
2001-02-18,6.59,32.73,,,,,,0
2001-02-18,11.2,34.27,5.91,0.17,0.26,10.49,1.14,0
2001-02-18,7.0,32.83,6.66,0.87,2.46,,5.8,0
2001-02-18,7.03,32.86,6.67,,,,,0
2001-02-18,11.17,34.25,6.0,,,,,0
2001-02-19,11.28,34.27,5.84,0.12,0.26,10.57,1.54,0
2001-02-19,7.72,33.12,6.71,,,,,0
2001-02-19,7.69,33.1,6.68,0.53,3.56,,6.21,0
2001-02-19,11.11,34.24,5.84,,,,,0
2001-02-19,7.43,32.99,,,,,,0
2001-02-19,6.88,32.91,6.73,0.84,0.86,,6.24,0
2001-02-19,11.08,34.26,5.96,0.12,0.25,10.93,1.46,0
2001-02-19,6.48,32.84,,,,,,0
2001-02-19,12.6,34.34,5.84,,,,,0
2001-02-19,6.32,32.83,6.85,0.59,1.45,,6.77,0
2001-02-19,11.95,34.35,5.87,0.14,0.23,14.75,1.53,0
2001-02-19,5.48,32.69,,,,,,0
2001-02-19,11.78,34.34,5.66,0.32,0.32,1.82,15.82,0
2001-02-19,11.72,34.32,5.68,0.15,0.24,1.55,14.82,0
2001-02-19,14.91,34.5,5.62,0.15,0.17,6.95,9.63,0
2001-02-19,6.15,32.91,6.76,0.52,1.96,,6.46,0
2001-02-19,15.53,34.31,5.42,,,,,0
2001-02-19,9.02,33.78,,,,,,0
2001-02-19,15.96,34.36,5.63,0.18,0.37,5.96,8.29,0
2001-02-19,16.16,34.46,5.27,,,,,0
2001-02-19,4.6,32.04,,,,,,0
2001-02-19,5.4,32.51,7.11,0.15,1.54,,4.61,0
2001-02-19,16.58,34.55,5.34,0.19,0.19,3.17,7.37,0
2001-02-19,16.68,34.38,5.26,,,,,0
2001-02-19,16.55,34.21,5.14,0.18,0.27,6.07,7.96,0
2001-02-19,16.59,34.18,5.3,,,,,0
2001-02-19,15.88,34.15,5.4,0.18,0.21,2.17,8.42,0
2001-02-19,15.68,34.24,5.32,,,,,0
2001-02-19,15.02,34.17,5.8,0.16,0.18,4.16,7.62,0
2001-02-20,14.64,33.94,5.41,,,,,0
2001-02-20,14.07,33.92,5.63,0.15,0.69,4.13,13.0,0
2001-02-20,13.43,33.97,5.68,,,,,0
2001-02-20,10.98,33.78,6.12,,,,,0
2001-02-20,11.25,33.61,6.13,0.18,0.83,4.69,14.29,0
2001-02-20,8.46,32.79,6.1,,,,,0
2001-02-20,9.74,33.24,5.98,0.41,0.4,4.96,10.56,0
2001-02-20,12.98,33.96,5.6,,,,,0
2001-02-20,13.5,34.11,5.62,0.18,0.45,2.07,9.53,0
2001-02-20,13.55,34.2,5.56,,,,,0
2001-02-20,14.17,34.15,5.44,0.17,0.25,7.82,9.3,0
2001-02-20,14.87,34.23,5.68,,,,,0
2001-02-21,12.05,34.31,5.88,,,,,0
2001-02-21,12.29,34.32,5.87,,,,,0
2001-02-21,13.45,34.39,5.66,0.22,0.29,13.48,1.77,0
2001-02-21,13.51,34.41,5.85,,,,,0
2001-02-21,12.77,34.38,5.59,0.13,0.38,9.58,1.53,0
2001-02-21,11.3,34.31,5.76,,,,,0
2001-02-21,11.08,34.25,5.81,0.16,0.27,8.88,1.61,0
2001-02-22,10.73,34.27,5.78,,,,,0
2001-02-22,14.17,34.44,5.6,,,,,0
2001-02-22,11.37,34.33,6.25,0.15,0.23,8.26,0.03,0
2001-02-22,13.32,34.39,6.18,,,,,0
2001-02-22,4.61,32.24,7.37,0.38,2.39,,5.53,0
2001-02-22,14.22,34.45,5.91,0.11,0.28,11.29,0.83,0
2001-02-22,5.67,32.59,,,,,,0
2001-02-22,12.78,34.39,5.88,0.21,0.22,8.58,10.91,0
2001-02-22,5.84,32.62,7.05,0.26,1.56,,4.64,0
2001-02-22,12.89,34.14,5.85,,,,,0
2001-02-22,6.17,32.73,,,,,,0
2001-02-22,12.62,33.58,5.86,0.18,0.25,10.68,11.16,0
2001-02-22,13.97,34.25,6.03,0.08,0.27,11.74,0.99,0
2001-02-22,9.54,33.317,6.3,0.18,0.25,10.68,11.16,0
2001-02-22,6.6,32.72,6.73,0.28,2.07,,4.79,0
2001-02-22,6.85,32.74,,,,,,0
2001-02-22,7.33,32.75,6.81,0.13,2.36,,5.19,0
2001-02-22,9.46,34.29,6.23,,,,,0
2001-02-22,7.33,32.75,6.81,0.13,2.36,,5.19,0
2001-02-22,7.42,32.76,6.81,,,,,0
2001-02-22,14.62,34.42,5.92,0.1,0.26,11.15,1.39,0
2001-02-22,7.48,33.36,6.32,0.39,0.3,11.36,11.94,0
2001-02-22,9.89,33.729,6.28,0.34,0.64,11.38,16.64,0
2001-02-22,14.29,34.45,5.91,,,,,0
2001-02-22,7.57,32.75,6.79,,,,,0
2001-02-22,14.22,34.45,5.91,0.11,0.28,11.29,0.83,0
2001-02-22,14.13,34.43,5.86,,,,,0
2001-02-22,7.19,32.76,6.93,0.24,2.08,,4.62,0
2001-02-22,13.15,34.37,5.88,,,,,0
2001-02-22,6.92,32.78,,,,,,0
2001-02-22,13.4,34.36,5.77,0.12,0.26,1.0,12.2,0
2001-02-22,6.59,32.79,6.96,0.19,4.12,,4.41,0
2001-02-22,13.37,34.34,5.78,,,,,0
2001-02-22,14.16,34.39,5.91,,,,,0
2001-02-22,6.38,32.79,,,,,,0
2001-02-22,14.41,34.44,5.67,,,,,0
2001-02-22,6.05,32.78,7.07,0.18,2.03,,4.49,0
2001-02-23,5.76,32.7,,,,,,0
2001-02-23,14.48,34.43,5.68,0.06,0.18,11.22,0.69,0
2001-02-23,4.89,32.55,7.35,0.07,0.41,,3.43,0
2001-02-23,14.17,34.44,5.6,,,,,0
2001-02-23,4.67,32.24,,,,,,0
2001-02-23,4.63,31.68,7.24,0.26,2.99,,6.43,0
2001-02-23,14.93,34.45,5.56,,,,,0
2001-02-23,14.59,34.4,5.55,,,,,0
2001-02-23,13.81,34.36,5.73,,,,,0
2001-02-23,13.43,34.36,5.5,,,,,0
2001-04-04,14.29,34.46,6.07,,,,,0
2001-04-04,14.94,34.46,5.87,,,,,0
2001-04-04,15.59,34.47,5.63,0.71,0.42,9.02,7.11,0
2001-04-04,16.15,34.56,5.91,0.34,0.28,5.72,7.04,0
2001-04-04,12.48,34.16,6.33,,,,,0
2001-04-04,11.78,34.05,6.25,,,,,0
2001-04-04,12.31,33.98,6.44,0.56,0.16,3.26,4.56,0
2001-04-04,11.44,33.73,6.47,,,,,0
2001-04-04,12.45,33.72,6.47,,,,,0
2001-04-04,13.49,33.85,6.18,,,,,0
2001-04-04,14.45,34.25,5.91,,,,,0
2001-04-05,15.55,34.36,5.7,,,,,0
2001-04-05,16.06,34.24,5.88,,,,,0
2001-04-05,15.83,34.38,5.74,,,,,0
2001-04-05,15.5,34.18,5.89,,,,,0
2001-04-05,15.16,34.26,5.67,,,,,0
2001-04-05,13.83,34.19,6.0,,,,,0
2001-04-05,10.62,33.8,6.52,,,,,0
2001-04-05,10.44,33.56,6.52,,,,,0
2001-04-05,10.79,33.65,6.46,,,,,0
2001-04-05,12.5,34.18,6.2,,,,,0
2001-04-05,14.85,34.49,6.04,0.26,0.2,4.93,6.45,0
2001-04-05,16.62,34.55,6.17,,,,,0
2001-04-05,16.17,34.5,6.11,0.35,0.32,4.17,5.86,0
2001-04-05,16.92,34.3,6.26,,,,,0
2001-04-05,17.73,34.38,5.82,,,,,0
2001-04-05,18.24,34.4,5.98,,,,,0
2001-04-05,16.46,34.23,5.86,,,,,0
2001-04-05,17.91,34.57,5.78,,,,,0
2001-04-06,15.41,34.34,5.89,,,,,0
2001-04-06,15.12,34.37,5.85,0.26,0.29,1.38,6.5,0
2001-04-06,14.64,34.33,5.83,,,,,0
2001-04-06,14.14,34.34,6.03,0.38,0.37,1.38,6.95,0
2001-04-06,12.38,33.89,6.25,,,,,0
2001-04-06,11.44,33.51,6.38,,,,,0
2001-04-06,12.37,34.05,6.35,,,,,0
2001-04-06,12.91,33.74,6.36,,,,,0
2001-04-06,12.8,33.99,6.32,,,,,0
2001-04-06,13.7,34.03,6.29,,,,,0
2001-04-06,13.92,34.04,6.38,,,,,0
2001-04-06,14.57,34.22,5.83,,,,,0
2001-04-06,15.81,34.17,6.14,0.46,0.3,4.1,5.85,0
2001-04-06,13.87,34.32,5.66,,,,,0
2001-04-06,15.55,34.4,5.95,,,,,0
2001-04-06,7.64,31.71,,,,,,0
2001-04-09,5.06,31.38,7.46,0.44,0.95,6.31,4.81,0
2001-04-09,5.32,31.6,,,,,,0
2001-04-09,5.5,32.08,7.49,0.22,1.06,8.39,4.9,0
2001-04-09,5.5,32.08,7.49,0.22,1.06,8.39,4.9,0
2001-04-09,6.86,32.4,7.58,0.07,0.89,9.66,3.9,0
2001-04-09,8.81,32.17,,,,,,0
2001-04-09,8.53,32.21,7.3,0.08,1.06,2.5,5.26,0
2001-04-10,8.58,32.23,,,,,,0
2001-04-10,9.59,32.24,,,,,,0
2001-04-10,9.48,32.18,7.44,0.25,0.91,2.54,0.11,0
2001-04-10,9.23,32.22,,,,,,0
2001-04-10,8.98,32.2,7.33,0.06,0.69,3.09,2.06,0
2001-04-10,15.74,34.32,6.04,,,,,0
2001-04-10,8.48,31.87,,,,,,0
2001-04-10,13.84,34.38,5.96,,,,,0
2001-04-10,8.38,31.85,9.77,0.06,1.53,4.97,0.11,0
2001-04-10,12.76,34.05,5.79,,,,,0
2001-04-10,8.05,31.87,,,,,,0
2001-04-10,12.94,34.06,5.9,,,,,0
2001-04-10,6.06,31.7,7.48,0.25,1.29,3.36,6.56,0
2001-04-10,6.42,31.52,,,,,,0
2001-04-10,6.96,31.54,8.38,0.13,3.09,3.6,0.89,0
2001-04-11,11.94,33.49,6.33,,,,,0
2001-04-11,11.4,33.45,6.42,,,,,0
2001-04-12,11.14,34.17,6.17,0.11,0.5,8.02,0.73,0
2001-04-12,10.88,34.24,6.44,,,,,0
2001-04-12,7.62,34.23,6.36,0.15,0.37,8.02,0.12,0
2001-04-12,11.19,34.21,6.29,,,,,0
2001-04-12,6.71,32.15,7.48,0.06,1.26,4.49,0.96,0
2001-04-12,14.06,34.37,6.12,0.13,0.36,7.72,0.02,0
2001-04-12,7.65,31.72,,,,,,0
2001-04-12,13.8,34.37,6.07,,,,,0
2001-04-12,7.55,31.93,7.6,0.18,1.27,6.17,1.09,0
2001-04-12,13.35,34.34,6.32,0.16,0.41,7.21,0.21,0
2001-04-12,7.26,32.08,,,,,,0
2001-04-12,7.57,32.15,7.36,0.04,0.97,1.6,1.6,0
2001-04-12,8.4,32.18,,,,,,0
2001-04-12,8.63,32.19,7.71,0.06,1.0,3.35,2.25,0
2001-04-12,8.69,32.2,,,,,,0
2001-04-12,8.77,32.17,7.74,0.05,1.2,2.02,1.44,0
2001-04-12,12.26,34.31,6.06,0.18,0.31,8.06,0.12,0
2001-04-13,8.84,32.17,7.47,,,,,0
2001-04-13,12.64,34.34,6.06,,,,,0
2001-04-13,9.05,32.24,7.11,,,,,0
2001-04-13,12.29,34.37,6.05,0.16,0.24,10.21,0.38,0
2001-04-13,9.09,32.2,7.49,,,,,0
2001-04-13,8.65,32.16,,,,,,0
2001-04-13,8.59,32.17,7.87,0.32,0.91,2.31,1.22,0
2001-04-13,11.36,34.31,6.09,0.05,0.54,6.24,0.22,0
2001-04-13,8.35,32.17,,,,,,0
2001-04-13,7.76,32.15,7.48,,,,,0
2001-04-13,11.72,34.34,6.15,,,,,0
2001-04-13,7.73,31.92,,,,,,0
2001-04-13,12.46,34.31,6.1,0.05,0.33,7.39,0.28,0
2001-04-13,8.59,31.69,6.86,,,,,0
2001-04-13,11.4,34.25,6.15,,,,,0
2001-04-13,11.47,34.25,6.06,0.15,0.31,6.32,0.2,0
2001-04-13,11.58,34.21,6.14,0.2,0.38,0.2,7.28,0
2001-04-14,14.21,34.19,6.12,,,,,0
2001-04-15,11.55,34.22,6.15,0.27,0.37,0.44,5.65,0
2001-04-15,11.68,34.24,6.17,0.24,0.39,5.66,0.42,0
2001-04-15,11.92,34.24,6.18,,,,,0
2001-04-15,13.69,34.32,5.78,0.33,0.31,9.48,0.43,0
2001-04-15,12.32,34.33,5.79,,,,,0
2001-04-15,11.32,34.26,5.76,0.02,0.63,12.37,0.45,0
2001-04-15,11.67,34.31,6.1,,,,,0
2001-04-15,11.92,34.29,6.08,0.31,0.43,10.02,0.75,0
2001-04-15,12.63,34.36,5.92,,,,,0
2001-04-15,12.19,34.3,6.09,0.18,0.39,7.17,0.26,0
2001-04-16,12.01,34.35,6.17,,,,,0
2001-04-16,12.06,34.33,6.09,,,,,0
2001-04-16,13.12,34.39,5.81,0.1,0.24,7.36,0.54,0
2001-04-16,12.91,34.37,5.65,,,,,0
2001-04-16,13.69,34.35,5.74,0.07,0.17,6.97,0.66,0
2001-04-16,8.55,31.99,,,,,,0
2001-04-16,8.09,32.06,7.26,,,,,0
2001-04-16,13.82,34.38,5.72,,,,,0
2001-04-16,8.51,32.16,,,,,,0
2001-04-16,14.49,34.36,5.66,0.1,0.32,8.12,0.39,0
2001-04-16,13.41,34.24,5.66,,,,,0
2001-04-16,13.04,34.24,5.59,0.12,0.35,0.33,8.45,0
2001-04-16,9.54,32.17,7.87,0.13,1.25,0.55,0.67,0
2001-04-16,9.41,32.16,,,,,,0
2001-04-16,9.86,32.18,7.83,,,,,0
2001-04-16,9.7,32.19,7.64,,,,,0
2001-04-16,14.12,34.34,5.61,,,,,0
2001-04-16,13.5,34.21,5.65,0.13,0.45,7.08,0.83,0
2001-04-16,10.37,32.33,8.21,,,,,0
2001-04-16,15.27,34.44,5.6,,,,,0
2001-04-16,10.41,32.41,8.47,,,,,0
2001-04-16,14.9,34.39,5.67,0.04,0.35,6.46,0.88,0
2001-04-16,9.05,32.19,,,,,,0
2001-04-16,9.73,32.26,8.12,,,,,0
2001-04-17,14.28,24.45,5.63,,,,,0
2001-04-17,9.8,32.38,,,,,,0
2001-04-17,14.32,34.44,5.72,0.31,0.44,4.87,0.58,0
2001-04-17,9.75,32.15,6.87,0.16,1.13,5.56,5.91,0
2001-04-17,8.68,31.99,,,,,,0
2001-04-17,14.39,34.44,5.65,,,,,0
2001-04-17,9.87,32.58,6.69,,,,,0
2001-04-17,10.62,32.76,,,,,,0
2001-04-17,11.97,34.34,5.72,0.45,0.17,6.09,0.84,0
2001-04-17,14.32,34.39,5.98,,,,,0
2001-04-17,15.7,34.47,5.59,,,,,0
2001-04-17,15.55,34.51,5.51,0.37,0.29,3.58,0.04,0
2001-04-17,16.13,34.37,5.48,,,,,0
2001-04-17,15.23,34.46,5.28,0.33,0.31,7.19,0.99,0
2001-04-17,12.79,34.22,5.43,,,,,0
2001-04-17,12.95,34.31,5.45,,,,,0
2001-04-18,11.74,34.35,6.06,,,,,0
2001-04-18,14.52,34.42,5.77,0.33,0.28,0.59,7.72,0
2001-04-18,14.77,34.31,5.75,,,,,0
2001-04-18,16.23,34.47,5.66,0.33,0.26,7.97,0.55,0
2001-04-18,15.8,34.49,5.66,,,,,0
2001-04-18,16.18,34.51,5.69,0.37,0.32,3.74,0.58,0
2001-04-18,15.28,34.42,5.52,,,,,0
2001-04-18,16.35,34.38,5.6,,,,,0
2001-04-18,16.38,34.45,5.62,0.45,0.23,7.81,0.38,0
2001-04-18,15.88,34.41,5.71,,,,,0
2001-04-18,14.38,34.21,5.32,,,,,0
2001-04-27,13.9,34.41,5.86,0.32,0.21,5.64,0.15,0
2001-05-25,19.62,32.43,5.95,,,,,0
2001-05-25,19.94,32.34,5.39,,,,,0
2001-05-25,19.51,32.76,5.41,,,,,0
2001-05-25,18.31,33.26,5.69,,,,,0
2001-05-25,18.89,33.19,5.58,,,,,0
2001-05-25,18.34,32.72,5.69,,,,,0
2001-05-25,18.74,32.56,5.79,,,,,0
2001-05-25,19.04,32.77,5.64,,,,,0
2001-05-25,17.31,32.5,,,,,,0
2001-05-25,15.55,32.42,5.89,,,,,0
2001-05-26,15.0,32.67,6.22,,,,,0
2001-05-26,16.88,32.81,5.74,,,,,0
2001-05-26,17.38,32.79,5.52,,,,,0
2001-05-26,18.16,32.85,5.77,,,,,0
2001-05-26,18.23,32.79,5.85,,,,,0
2001-05-26,18.41,33.08,5.45,,,,,0
2001-05-26,20.12,32.91,5.56,,,,,0
2001-05-26,20.13,32.49,5.65,,,,,0
2001-05-26,20.47,33.14,5.68,,,,,0
2001-05-26,20.5,32.55,5.62,,,,,0
2001-05-26,21.43,33.27,5.3,0.14,0.02,1.6,4.39,0
2001-05-26,21.19,33.06,5.46,0.11,0.27,1.5,5.17,0
2001-05-26,20.58,32.69,6.07,,,,,0
2001-05-26,20.48,32.94,5.73,,,,,0
2001-05-27,20.19,33.24,5.9,,,,,0
2001-05-27,20.24,33.35,5.9,,,,,0
2001-05-27,19.23,33.45,5.94,,,,,0
2001-05-27,19.2,32.72,6.61,,,,,0
2001-05-27,18.25,32.9,7.18,,,,,0
2001-05-27,16.78,32.53,7.73,,,,,0
2001-05-27,16.79,32.68,7.65,,,,,0
2001-06-04,16.11,34.18,5.85,0.37,0.08,12.12,6.26,1
2001-06-04,16.46,34.21,5.82,,,,,1
2001-06-04,17.73,34.24,5.74,0.33,0.08,11.05,4.68,1
2001-06-04,18.06,34.21,5.46,,,,,1
2001-06-05,18.95,34.21,5.42,0.18,0.08,10.32,2.24,0
2001-06-05,18.98,34.27,5.39,,,,,0
2001-06-05,18.58,34.43,5.31,0.11,0.07,10.61,2.23,0
2001-06-05,18.57,34.42,4.88,0.27,0.12,12.65,4.86,0
2001-06-05,18.12,34.45,5.17,,,,,0
2001-06-05,18.31,34.46,5.04,0.24,0.16,9.98,1.6,0
2001-06-05,18.48,34.34,5.15,,,,,0
2001-06-05,18.55,34.36,5.05,0.15,0.08,11.92,1.2,0
2001-06-06,13.39,31.06,6.17,0.08,0.8,4.71,1.31,0
2001-06-06,17.02,31.82,,,,,,0
2001-06-06,18.29,31.92,5.85,0.11,0.1,0.55,0.26,0
2001-06-06,18.01,31.94,,,,,,0
2001-06-06,18.99,31.95,5.55,0.06,0.26,0.51,0.12,0
2001-06-06,18.93,32.19,,,,,,0
2001-06-06,19.18,33.0,5.36,0.08,0.39,0.38,0.16,0
2001-06-06,19.21,32.27,5.36,,,,,0
2001-06-07,19.29,32.45,5.16,,,,,0
2001-06-07,19.2,32.44,5.25,0.09,,0.44,0.29,0
2001-06-07,19.2,32.24,,,,,,0
2001-06-07,19.08,32.32,5.18,0.05,0.09,0.12,0.17,0
2001-06-07,19.15,32.22,,,,,,0
2001-06-07,18.43,31.79,5.39,0.09,0.02,0.18,0.04,0
2001-06-07,19.02,31.92,,,,,,0
2001-06-07,18.26,31.69,5.62,0.09,0.1,0.27,0.15,0
2001-06-07,17.2,31.52,,,,,,0
2001-06-07,17.12,31.56,6.11,0.06,0.22,0.27,0.01,0
2001-06-08,16.22,31.67,5.8,0.08,0.13,0.35,0.37,1
2001-06-08,17.85,31.68,,,,,,1
2001-06-08,18.95,32.16,5.55,0.09,0.01,0.2,0.82,1
2001-06-08,19.5,34.44,5.37,,,,,1
2001-06-08,20.01,32.23,,,,,,1
2001-06-08,19.97,32.33,5.34,,,,,1
2001-06-08,18.79,34.2,5.57,0.32,0.16,13.69,5.07,1
2001-06-08,19.92,32.34,,,,,,1
2001-06-08,17.59,34.31,5.89,,,,,1
2001-06-08,20.43,32.38,5.39,0.08,0.42,1.48,0.57,1
2001-06-08,16.11,34.21,5.86,,,,,1
2001-06-08,15.31,34.21,5.94,0.39,0.15,6.55,9.11,1
2001-06-08,20.33,32.29,,,,,,1
2001-06-08,20.44,32.42,5.34,0.05,0.23,0.54,0.68,1
2001-06-08,20.22,32.46,5.17,,,,,1
2001-06-09,19.94,32.38,5.11,,,,,0
2001-06-09,20.05,32.22,5.36,0.05,0.39,0.55,1.01,0
2001-06-09,20.14,32.32,,,,,,0
2001-06-09,20.04,32.16,5.26,0.05,0.41,0.59,0.96,0
2001-06-09,20.15,32.09,,,,,,0
2001-06-09,19.91,32.24,5.62,0.05,0.38,1.06,0.52,0
2001-06-09,19.8,32.2,,,,,,0
2001-06-09,17.77,32.35,5.57,0.05,0.59,5.15,6.03,0
2001-06-10,14.22,34.28,5.81,0.31,0.11,6.17,5.33,0
2001-06-10,14.24,34.29,,,,,,0
2001-06-10,15.85,34.22,5.77,,,,,0
2001-06-10,17.23,34.33,5.82,0.29,0.24,3.33,4.49,0
2001-06-10,19.35,34.41,5.31,,,,,0
2001-06-11,19.51,34.51,4.8,0.16,0.24,9.54,1.48,0
2001-06-11,19.81,34.44,5.12,,,,,0
2001-06-11,19.48,34.36,5.15,0.1,0.13,9.07,1.14,0
2001-06-11,19.27,34.35,4.79,,,,,0
2001-06-11,19.26,34.45,5.12,0.22,0.26,11.35,1.49,0
2001-06-11,12.86,32.38,,,,,,0
2001-06-11,14.37,32.31,6.23,0.05,0.58,0.36,3.32,0
2001-06-11,19.4,33.97,5.7,0.37,0.15,5.12,8.15,0
2001-06-11,20.59,33.34,5.34,,,,,0
2001-06-11,14.05,32.27,,,,,,0
2001-06-11,18.73,34.43,5.34,0.26,0.26,5.53,1.45,0
2001-06-11,21.02,33.33,5.47,0.13,0.06,4.17,6.6,0
2001-06-11,20.61,32.06,5.17,0.12,0.47,0.47,1.25,0
2001-06-11,18.7,34.29,5.32,,,,,0
2001-06-11,20.75,32.34,,,,,,0
2001-06-11,19.19,34.31,5.4,0.28,0.34,8.18,1.97,0
2001-06-11,20.38,32.18,5.25,0.09,0.4,0.65,1.0,0
2001-06-11,20.29,32.23,5.2,,,,,0
2001-06-11,19.26,34.37,5.0,,,,,0
2001-06-11,19.86,34.28,4.56,0.4,0.45,7.87,2.51,0
2001-06-11,19.87,32.2,5.28,,,,,0
2001-06-11,20.21,32.18,5.38,0.16,0.43,0.45,1.25,0
2001-06-11,19.94,34.19,4.92,,,,,0
2001-06-11,19.76,32.18,,,,,,0
2001-06-11,16.06,32.56,6.37,0.04,0.24,0.3,4.44,0
2001-06-11,19.81,34.11,5.22,0.33,0.34,8.16,5.42,0
2001-06-12,18.87,34.03,5.19,,,,,0
2001-06-12,18.43,34.04,5.15,0.39,0.31,5.44,7.75,0
2001-06-12,14.09,32.38,,,,,,0
2001-06-12,14.87,32.28,6.53,0.08,0.28,0.94,4.1,0
2001-06-12,13.47,32.78,,,,,,0
2001-06-12,14.45,32.41,6.19,0.06,0.28,0.38,4.95,0
2001-06-12,18.05,32.82,,,,,,0
2001-06-12,21.11,33.41,5.37,,,,,0
2001-06-12,19.68,33.71,5.61,0.25,0.09,2.89,8.87,0
2001-06-12,19.68,33.71,5.61,0.25,0.09,2.89,8.87,0
2001-06-12,19.68,33.71,5.61,0.25,0.09,2.89,8.87,0
2001-06-12,18.44,33.89,5.88,0.18,0.16,2.54,8.6,0
2001-06-12,19.22,33.81,5.57,0.18,0.07,2.27,8.22,0
2001-06-12,19.28,33.712,5.5,0.16,0.12,1.35,7.24,0
2001-06-12,20.19,33.44,5.39,,,,,0
2001-06-12,18.64,33.72,5.65,,,,,0
2001-06-12,20.19,33.44,5.39,,,,,0
2001-06-15,20.0,33.38,5.49,0.19,0.08,3.47,7.79,0
2001-06-15,20.63,33.65,5.2,,,,,0
2001-06-15,21.11,33.8,5.22,,,,,0
2001-06-15,20.31,33.24,5.25,,,,,0
2001-06-15,20.41,33.2,5.15,0.05,0.09,2.55,7.2,0
2001-06-15,20.4,33.12,5.05,,,,,0
2001-06-15,19.39,33.47,5.16,0.14,0.12,2.4,7.52,0
2001-06-16,19.76,33.47,5.19,,,,,0
2001-06-16,19.97,33.33,5.85,0.2,0.05,2.55,9.47,0
2001-06-16,19.05,33.48,5.79,,,,,0
2001-06-16,19.45,33.5,5.63,0.05,0.07,2.49,8.7,0
2001-06-16,20.28,33.11,5.62,,,,,0
2001-06-16,20.52,32.93,5.38,0.22,0.15,3.9,7.85,0
2001-06-16,20.99,32.99,5.07,0.03,0.1,3.09,7.18,0
2001-06-16,21.35,33.4,5.01,,,,,0
2001-06-16,21.7,33.74,5.13,0.05,0.02,3.59,4.26,0
2001-06-16,21.45,33.82,5.19,,,,,0
2001-06-16,19.75,33.44,5.15,0.33,0.29,0.09,8.95,0
2001-06-16,18.78,33.48,5.15,,,,,0
2001-06-16,19.9,33.51,5.14,0.36,0.38,9.31,4.85,0
2001-06-16,21.72,33.55,5.5,0.01,0.35,3.03,5.4,0
2001-06-16,19.83,33.68,5.11,,,,,0
2001-06-16,20.36,34.23,4.91,0.4,0.37,5.7,2.24,0
2001-06-16,22.01,33.5,5.14,,,,,0
2001-06-16,21.75,32.792,5.04,0.08,0.91,5.74,7.64,0
2001-06-16,20.44,34.28,4.96,,,,,0
2001-06-16,21.98,33.29,5.18,,,,,0
2001-06-16,21.25,32.98,5.08,0.11,0.17,3.35,6.94,0
2001-06-16,20.24,34.22,4.89,0.14,0.44,8.12,2.84,0
2001-06-16,21.43,32.69,4.81,,,,,0
2001-06-16,19.57,34.25,4.85,,,,,0
2001-06-16,21.17,32.93,5.16,0.13,0.07,2.65,5.94,0
2001-06-16,19.66,34.25,5.0,0.21,0.3,6.34,1.74,0
2001-06-16,20.93,32.92,5.39,,,,,0
2001-06-16,20.78,32.99,5.24,0.07,0.16,2.69,7.29,0
2001-06-16,20.78,32.99,5.24,0.07,0.16,2.69,7.29,0
2001-06-17,20.67,32.88,5.21,,,,,0
2001-06-17,18.88,34.13,5.17,,,,,0
2001-06-17,19.81,34.22,4.8,0.18,0.14,6.75,2.71,0
2001-06-17,20.68,31.36,4.93,0.03,0.21,3.93,11.0,0
2001-06-17,20.37,33.98,4.78,,,,,0
2001-06-17,20.48,32.65,4.82,,,,,0
2001-06-17,20.36,32.69,4.8,0.03,0.13,3.93,9.19,0
2001-06-17,20.4,33.98,4.97,0.4,0.16,8.57,2.06,0
2001-06-17,20.35,32.65,5.21,,,,,0
2001-06-17,20.45,33.12,5.17,0.08,0.09,3.99,7.93,0
2001-06-17,20.03,33.59,4.71,,,,,0
2001-06-17,20.46,33.13,5.08,,,,,0
2001-06-17,20.33,33.27,4.73,0.28,0.36,10.04,3.37,0
2001-06-17,20.28,33.27,4.85,,,,,0
2001-06-17,20.98,33.18,4.83,0.06,0.05,3.39,7.7,0
2001-06-17,20.37,33.39,4.79,,,,,0
2001-06-17,21.26,33.03,4.83,,,,,0
2001-06-17,20.59,33.28,4.52,,,,,0
2001-06-17,20.7,33.29,4.67,,,,,0
2001-06-17,20.7,33.37,4.73,,,,,0
2001-06-17,20.78,33.62,4.7,,,,,0
2001-06-17,20.79,33.41,4.52,0.22,0.28,9.67,1.33,0
2001-06-17,20.53,34.17,4.76,,,,,0
2001-06-17,20.27,33.67,4.9,,,,,0
2001-06-17,21.06,33.36,4.7,0.26,0.34,9.84,1.7,0
2001-06-17,21.09,33.39,4.6,,,,,0
2001-06-18,20.25,33.31,4.72,,,,,0
2001-06-20,21.15,33.09,5.14,0.32,0.13,3.34,7.12,0
2001-06-20,15.56,32.72,5.94,,,,,0
2001-06-20,17.91,32.96,5.7,0.14,0.07,2.5,9.15,0
2001-06-20,16.44,32.42,5.72,0.22,0.11,3.71,8.28,0
2001-06-20,19.63,33.41,5.38,0.14,0.12,3.52,8.7,0
2001-06-20,20.79,33.02,5.44,0.2,0.14,3.34,10.31,0
2001-07-31,24.29,31.573,5.49,0.01,0.2,4.87,3.97,0
2001-07-31,25.56,33.308,5.14,,,,,0
2001-07-31,28.53,32.043,4.5,0.03,0.08,2.23,5.65,0
2001-08-01,26.64,31.09,4.92,,,,,0
2001-08-01,25.12,32.02,4.96,,,,,0
2001-08-01,25.39,32.15,4.32,0.16,0.11,1.1,14.89,0
2001-08-01,26.05,32.05,5.39,,,,,0
2001-08-01,24.73,31.91,5.15,,,,,0
2001-08-01,26.68,30.42,5.69,0.08,0.1,0.99,9.3,0
2001-08-01,28.29,31.5,4.56,,,,,0
2001-08-01,28.22,31.9,4.93,,,,,0
2001-08-01,28.73,31.68,4.89,,,,,0
2001-08-01,28.52,30.08,4.5,,,,,0
2001-08-01,24.43,31.9,5.02,,,,,0
2001-08-01,25.29,32.07,5.37,,,,,0
2001-08-01,24.3,32.15,5.13,,,,,0
2001-08-01,24.04,32.2,5.08,,,,,0
2001-08-01,26.52,30.56,5.1,,,,,0
2001-08-02,29.33,29.98,4.46,,,,,1
2001-08-02,29.27,29.63,4.28,,,,,1
2001-08-03,21.17,31.51,5.02,0.41,0.56,3.36,2.37,0
2001-08-03,26.47,31.22,,,,,,0
2001-08-03,26.83,31.83,4.8,0.18,0.14,0.3,0.79,0
2001-08-03,28.03,31.93,,,,,,0
2001-08-03,27.89,31.32,4.62,0.16,0.13,0.47,0.49,0
2001-08-03,27.36,31.3,,,,,,0
2001-08-03,27.42,30.28,4.7,0.15,0.12,0.55,0.59,0
2001-08-03,26.37,31.45,5.06,,,,,0
2001-08-03,27.47,31.16,4.75,,,,,0
2001-08-04,27.68,31.75,4.53,0.17,0.25,1.06,0.93,1
2001-08-04,27.86,31.73,,,,,,1
2001-08-04,27.42,31.639,4.61,0.28,0.11,0.69,1.39,1
2001-08-04,28.11,31.27,4.69,,,,,1
2001-08-04,27.56,31.83,,,,,,1
2001-08-04,27.61,31.7,4.25,,,,,1
2001-08-04,27.93,31.87,4.64,0.07,0.13,0.34,0.36,1
2001-08-04,27.91,32.2,,,,,,1
2001-08-04,28.14,31.48,4.85,,,,,1
2001-08-04,26.4,31.226,5.09,0.17,0.14,0.36,1.43,1
2001-08-04,30.0,30.05,4.76,,,,,1
2001-08-04,27.16,31.27,,,,,,1
2001-08-04,26.69,30.93,5.07,0.17,0.14,0.48,2.93,1
2001-08-04,30.33,31.21,4.31,,,,,1
2001-08-04,30.28,29.79,4.52,,,,,1
2001-08-04,30.31,30.67,4.49,,,,,1
2001-08-04,30.8,29.29,4.15,,,,,1
2001-08-04,30.26,28.51,4.36,,,,,1
2001-08-04,30.2,28.41,4.76,,,,,1
2001-08-04,29.97,28.7,4.46,,,,,1
2001-08-05,29.73,28.73,4.62,,,,,0
2001-08-05,29.04,29.32,5.54,,,,,0
2001-08-05,28.92,30.72,5.38,,,,,0
2001-08-05,29.1,30.42,5.42,,,,,0
2001-08-05,28.54,30.72,4.54,,,,,0
2001-08-05,29.74,29.17,4.98,,,,,0
2001-08-05,29.73,29.77,4.77,,,,,0
2001-08-05,27.87,29.32,5.59,0.21,0.16,0.49,1.18,0
2001-08-05,29.87,29.69,4.91,0.09,0.09,2.27,3.76,0
2001-08-05,26.52,30.69,,,,,,0
2001-08-05,29.9,28.96,4.91,,,,,0
2001-08-05,30.5,29.33,4.97,,,,,0
2001-08-05,28.0,31.21,4.51,0.3,0.11,0.54,1.54,0
2001-08-05,30.09,29.61,4.93,,,,,0
2001-08-06,29.83,29.15,4.89,,,,,0
2001-08-06,29.61,29.9,5.52,,,,,0
2001-08-06,27.92,31.62,,,,,,0
2001-08-06,21.14,31.99,5.61,,,,,0
2001-08-06,28.19,32.23,4.41,0.19,0.16,0.47,0.81,0
2001-08-06,20.55,32.33,5.61,,,,,0
2001-08-06,28.21,32.22,,,,,,0
2001-08-06,27.98,31.91,4.57,0.17,0.13,0.67,0.75,0
2001-08-06,28.09,31.69,,,,,,0
2001-08-06,28.3,31.59,4.52,0.18,0.32,0.43,1.05,0
2001-08-06,28.13,31.46,4.48,,,,,0
2001-08-06,28.21,31.65,4.54,,,,,0
2001-08-06,28.29,31.5,4.56,,,,,0
2001-08-06,28.33,31.73,,,,,,0
2001-08-07,28.32,31.66,4.46,,,,,0
2001-08-07,28.3,31.6,,,,,,0
2001-08-07,27.32,31.384,5.45,,,,,0
2001-08-07,28.61,30.66,,,,,,0
2001-08-07,27.32,31.38,5.45,,,,,0
2001-08-07,27.32,31.384,5.45,,,,,0
2001-08-07,23.97,32.11,5.62,,,,,0
2001-08-07,25.43,32.28,5.32,,,,,0
2001-08-08,23.45,31.23,,,,,,1
2001-08-08,26.34,30.63,5.3,0.31,0.06,0.4,1.49,1
2001-08-08,27.52,30.04,,,,,,1
2001-08-08,29.13,30.3,4.57,,,,,1
2001-08-08,28.68,30.5,,,,,,1
2001-08-08,28.71,30.66,4.46,0.21,0.22,0.22,0.47,1
2001-08-08,28.58,31.32,4.43,,,,,1
2001-08-08,28.98,29.37,4.47,,,,,1
2001-08-09,28.84,29.33,4.42,,,,,0
2001-08-09,28.72,29.55,,,,,,0
2001-08-09,28.51,29.95,4.78,,,,,0
2001-08-09,25.74,29.32,,,,,,0
2001-08-09,24.07,30.85,5.42,,,,,0
2001-08-09,22.83,30.95,,,,,,0
2001-08-09,23.04,30.92,5.83,,,,,0
2001-08-09,23.21,31.13,,,,,,0
2001-08-13,28.69,28.11,6.41,,,,,0
2001-08-13,28.32,28.14,6.2,,,,,0
2001-08-13,28.46,28.46,5.25,,,,,0
2001-08-13,26.68,29.51,5.63,,,,,0
2001-08-15,22.87,32.59,5.17,,,,,1
2001-08-15,22.66,32.89,5.21,,,,,1
2001-08-15,23.76,33.32,4.75,0.32,0.18,10.45,0.02,1
2001-08-15,24.73,32.98,4.59,,,,,1
2001-08-15,24.27,33.01,4.86,0.33,0.03,10.05,0.41,1
2001-08-15,26.32,33.32,4.57,,,,,1
2001-08-16,25.72,33.94,4.49,0.11,0.08,12.25,0.22,1
2001-08-16,25.72,33.94,4.49,0.11,0.08,12.25,0.22,1
2001-08-16,25.53,33.68,4.68,0.05,0.16,9.38,0.14,1
2001-08-16,25.02,33.35,4.57,,,,,1
2001-08-16,24.5,32.63,4.77,0.1,0.01,10.05,0.33,1
2001-08-16,25.7,33.67,4.34,,,,,1
2001-08-16,25.97,33.93,4.43,0.44,0.11,10.7,1.21,1
2001-08-16,26.98,33.61,4.98,,,,,1
2001-08-16,26.7,33.05,4.58,,,,,1
2001-08-16,26.46,32.55,4.64,,,,,1
2001-08-16,25.7,32.47,4.82,0.39,0.08,10.17,0.29,1
2001-08-16,24.96,32.05,5.16,0.05,0.08,0.15,4.14,1
2001-08-17,30.15,32.3,5.21,,,,,1
2001-08-17,29.63,26.42,5.53,,,,,1
2001-08-17,29.66,28.26,5.14,,,,,1
2001-08-17,28.74,27.45,5.34,,,,,1
2001-08-17,28.2,27.57,5.37,,,,,1
2001-08-17,28.3,27.01,5.69,,,,,1
2001-08-17,28.69,28.11,6.41,,,,,1
2001-08-17,28.32,28.14,6.2,,,,,1
2001-08-17,28.46,28.46,5.25,,,,,1
2001-08-17,26.68,29.51,5.63,,,,,1
2001-08-17,28.5,30.89,6.12,,,,,1
2001-08-17,28.98,29.78,5.28,,,,,1
2001-08-18,26.35,31.97,4.42,0.11,0.11,0.23,7.91,1
2001-08-18,26.33,32.03,4.49,0.04,0.1,8.2,0.16,1
2001-08-22,26.68,32.58,4.54,,,,,1
2001-08-22,25.55,32.6,4.68,0.2,0.05,5.96,0.51,1
2001-08-22,27.14,32.6,4.8,,,,,1
2001-08-22,28.31,32.88,4.27,0.46,0.12,5.99,0.05,1
2001-08-22,28.12,32.92,4.63,,,,,1
2001-08-22,25.7,33.01,4.64,0.25,0.04,5.54,0.34,1
2001-08-22,26.34,33.48,4.39,,,,,1
2001-08-22,28.48,33.13,5.01,,,,,1
2001-08-23,28.39,29.63,5.43,,,,,1
2001-08-23,29.22,32.95,5.01,,,,,1
2001-08-23,29.0,32.17,5.57,,,,,1
2001-08-23,28.27,29.97,5.08,,,,,1
2001-08-23,28.97,32.15,5.37,,,,,1
2001-08-23,29.26,32.12,5.4,,,,,1
2001-08-23,26.02,33.48,4.36,0.19,0.1,7.54,0.24,1
2001-08-23,29.24,32.07,5.25,,,,,1
2001-08-23,28.91,31.67,5.2,,,,,1
2001-08-23,26.6,33.51,4.32,,,,,1
2001-08-23,28.84,31.02,5.43,,,,,1
2001-08-23,27.14,33.22,4.4,0.06,0.01,0.44,8.87,1
2001-08-23,28.84,30.57,5.24,,,,,1
2001-08-23,27.27,32.88,4.45,,,,,1
2001-08-23,29.15,32.14,5.37,,,,,1
2001-08-23,26.64,32.84,4.41,,,,,1
2001-08-23,29.56,32.94,5.17,,,,,1
2001-08-23,27.72,32.84,4.43,0.05,0.03,0.46,1.86,1
2001-08-23,29.37,33.27,5.05,,,,,1
2001-08-23,27.98,33.26,4.39,,,,,1
2001-08-23,27.75,31.53,5.17,,,,,1
2001-08-23,28.5,30.89,6.12,,,,,1
2001-08-23,27.93,33.37,4.48,0.28,0.09,5.25,0.77,1
2001-08-23,29.04,29.49,6.4,,,,,1
2001-08-23,28.98,29.78,5.28,,,,,1
2001-08-23,29.02,29.64,5.05,,,,,1
2001-08-23,28.07,33.17,4.34,,,,,1
2001-08-23,28.61,30.01,5.97,,,,,1
2001-08-23,27.87,33.09,4.41,0.32,0.04,5.4,0.11,1
2001-08-23,29.14,30.63,5.14,,,,,1
2001-08-24,28.39,29.63,5.43,,,,,1
2001-08-24,26.66,32.67,4.36,,,,,1
2001-08-24,28.27,29.97,5.08,,,,,1
2001-08-24,26.2,32.56,4.44,0.28,0.17,6.39,0.18,1
2001-08-24,26.2,32.37,4.63,,,,,1
2001-08-24,25.67,32.39,4.58,0.36,0.04,4.32,0.22,1
2001-08-24,26.34,32.38,4.62,,,,,1
2001-08-24,26.5,31.76,4.58,0.28,0.08,0.48,4.85,1
2001-08-25,26.82,31.54,4.58,0.31,0.09,0.31,5.11,1
2001-08-25,26.81,32.44,4.59,,,,,1
2001-08-25,26.71,32.54,4.41,0.26,0.07,5.26,0.27,1
2001-08-25,27.15,32.67,4.27,,,,,1
2001-08-25,27.15,32.62,4.2,0.23,0.05,4.38,0.17,1
2001-08-25,27.62,32.8,4.22,,,,,1
2001-08-25,27.73,32.86,4.55,0.38,0.13,7.02,0.2,1
2001-08-25,27.65,32.95,4.27,,,,,1
2001-08-25,28.01,33.13,4.3,0.32,0.05,7.5,0.35,1
2001-08-26,27.53,32.77,4.42,,,,,0
2001-08-26,27.42,32.51,4.63,0.28,0.22,6.03,0.41,0
2001-08-26,27.32,32.53,4.74,,,,,0
2001-08-26,27.43,32.48,4.98,0.3,0.05,4.91,0.02,0
2001-08-26,27.03,32.31,5.01,,,,,0
2001-08-26,25.87,32.35,5.06,0.47,0.02,10.89,0.3,0
2001-08-26,25.93,32.26,4.21,,,,,0
2001-08-26,26.17,31.55,4.25,,,,,0
2001-08-30,25.99,31.19,5.08,,,,,1
2001-08-31,26.19,32.14,5.18,,,,,0
2001-08-31,26.38,32.23,4.69,0.22,0.23,3.79,0.24,0
2001-08-31,26.47,32.49,4.95,,,,,0
2001-08-31,25.95,32.58,4.6,0.22,0.29,5.49,0.37,0
2001-08-31,26.11,32.58,,,,,,0
2001-08-31,26.18,31.81,4.82,,,,,0
2001-08-31,26.48,31.96,4.85,0.57,0.38,6.18,0.17,0
2001-08-31,26.38,32.18,4.49,,,,,0
2001-08-31,25.65,32.41,4.65,0.31,0.37,5.5,0.57,0
2001-10-12,21.24,32.59,4.78,,,,,0
2001-10-12,22.07,33.03,4.91,,,,,0
2001-10-12,22.7,33.28,4.93,,,,,0
2001-10-12,22.46,32.81,5.05,,,,,0
2001-10-12,22.25,32.8,5.09,,,,,0
2001-10-12,21.92,32.44,5.05,,,,,0
2001-10-12,21.95,32.427,5.04,,,,,0
2001-10-12,21.75,32.21,5.08,,,,,0
2001-10-12,21.31,31.78,4.8,,,,,0
2001-10-12,22.04,32.44,5.08,,,,,0
2001-10-12,21.67,32.64,5.22,,,,,0
2001-10-13,20.05,31.43,,,,,,0
2001-10-13,23.92,33.33,4.67,,,,,0
2001-10-13,24.69,33.9,4.64,,,,,0
2001-10-13,22.97,33.81,5.13,,,,,0
2001-10-13,23.91,34.56,4.59,,,,,0
2001-10-13,22.3,33.43,4.98,,,,,0
2001-10-13,21.33,22.09,5.17,,,,,0
2001-10-13,21.45,32.27,5.1,,,,,0
2001-10-13,21.36,31.85,5.01,,,,,0
2001-10-13,19.66,31.17,4.88,0.31,1.85,1.12,4.78,0
2001-10-13,21.29,31.87,5.16,,,,,0
2001-10-13,21.21,32.37,5.02,,,,,0
2001-10-13,19.02,31.66,,,,,,0
2001-10-13,21.05,32.77,5.22,,,,,0
2001-10-13,18.63,31.59,5.13,0.32,0.35,2.07,5.63,0
2001-10-13,21.48,33.52,5.14,,,,,0
2001-10-13,18.87,31.72,,,,,,0
2001-10-13,22.97,33.81,5.13,,,,,0
2001-10-13,19.05,30.769,5.42,0.13,0.07,0.86,2.2,0
2001-10-13,19.55,31.58,,,,,,0
2001-10-13,19.53,31.59,5.54,0.15,0.17,0.31,3.14,0
2001-10-13,19.72,31.75,5.23,,,,,0
2001-10-13,20.16,31.5,5.13,0.11,0.08,0.09,2.99,0
2001-10-13,20.03,31.52,,,,,,0
2001-10-13,20.52,31.54,5.1,0.11,0.08,0.46,1.9,0
2001-10-14,19.85,31.55,5.25,0.08,0.06,0.62,3.14,0
2001-10-14,20.39,31.38,,,,,,0
2001-10-14,19.34,31.57,5.06,0.18,0.17,0.77,3.5,0
2001-10-14,19.13,31.67,,,,,,0
2001-10-14,19.3,31.61,5.31,0.4,0.93,1.41,7.6,0
2001-10-14,20.07,31.67,5.5,0.34,0.45,0.64,3.7,0
2001-10-14,19.84,31.66,,,,,,0
2001-10-14,19.53,31.69,6.19,,,,,0
2001-10-14,19.55,31.59,,,,,,0
2001-10-14,20.44,31.68,5.2,,,,,0
2001-10-14,20.03,31.3,,,,,,0
2001-10-14,20.03,31.3,,,,,,0
2001-10-14,20.61,31.67,5.02,,,,,0
2001-10-14,20.68,31.8,,,,,,0
2001-10-15,20.7,31.82,5.05,,,,,0
2001-10-15,20.37,31.29,5.0,,,,,0
2001-10-15,20.88,31.57,5.03,,,,,0
2001-10-15,20.78,31.6,5.01,,,,,0
2001-10-15,20.8,31.89,,,,,,0
2001-10-15,20.86,31.68,5.04,,,,,0
2001-10-15,19.61,31.47,,,,,,0
2001-10-15,19.63,31.85,5.34,,,,,0
2001-10-15,19.84,31.66,,,,,,0
2001-10-15,19.53,31.69,5.21,,,,,0
2001-10-16,18.52,32.7,3.43,0.06,0.51,7.83,1.23,0
2001-10-16,19.08,32.63,4.63,,,,,0
2001-10-16,19.92,32.96,4.48,0.33,0.55,7.35,1.68,0
2001-10-16,19.78,33.06,4.77,,,,,0
2001-10-16,19.4,32.68,4.88,0.12,0.51,6.43,0.48,0
2001-10-16,22.22,33.51,4.5,,,,,0
2001-10-16,21.58,33.19,4.19,0.17,0.41,6.02,0.6,0
2001-10-17,19.24,32.85,4.53,,,,,0
2001-10-19,21.67,33.97,5.08,,,,,0
2001-10-19,23.43,33.82,4.64,,,,,0
2001-10-19,18.47,31.91,,,,,,0
2001-10-19,17.38,32.17,5.1,,,,,0
2001-10-19,23.76,33.68,4.95,,,,,0
2001-10-19,18.53,33.03,4.9,0.02,0.02,1.13,10.45,0
2001-10-19,18.47,33.16,4.65,0.12,0.18,8.44,0.24,0
2001-10-19,18.46,32.35,,,,,,0
2001-10-19,24.23,33.96,4.61,,,,,0
2001-10-19,18.69,33.05,4.76,,,,,0
2001-10-19,19.89,32.31,5.27,,,,,0
2001-10-19,18.68,32.79,4.78,0.13,0.45,10.36,2.87,0
2001-10-19,20.03,32.13,,,,,,0
2001-10-19,24.3,33.94,4.63,,,,,0
2001-10-19,19.89,32.33,5.25,,,,,0
2001-10-19,24.43,33.9,4.79,,,,,0
2001-10-19,19.82,32.02,5.11,,,,,0
2001-10-19,23.93,33.66,4.68,,,,,0
2001-10-19,21.07,33.08,4.52,0.22,0.31,5.53,0.58,0
2001-10-19,23.58,33.78,4.74,,,,,0
2001-10-19,20.11,32.21,5.29,,,,,0
2001-10-19,21.96,32.54,5.14,,,,,0
2001-10-19,23.22,33.65,4.89,,,,,0
2001-10-19,20.11,32.45,4.98,,,,,0
2001-10-19,19.8,32.98,4.71,,,,,0
2001-10-19,20.07,32.42,,,,,,0
2001-10-19,21.96,32.54,5.14,,,,,0
2001-10-19,19.78,32.36,5.06,,,,,0
2001-10-19,21.94,32.68,5.07,,,,,0
2001-10-19,20.43,33.09,4.4,0.07,0.24,9.97,0.43,0
2001-10-20,19.16,32.41,,,,,,0
2001-10-20,22.04,33.22,4.9,,,,,0
2001-10-20,17.84,32.18,5.25,,,,,0
2001-10-20,21.17,33.11,4.35,,,,,0
2001-10-20,21.55,32.75,4.89,,,,,0
2001-10-20,20.13,32.78,,,,,,0
2001-10-20,21.62,32.33,5.05,,,,,0
2001-10-20,19.63,33.32,4.4,0.06,0.36,7.89,0.55,0
2001-10-20,19.93,32.58,5.17,,,,,0
2001-10-20,21.15,32.4,,,,,,0
2001-10-20,21.14,33.14,4.0,0.09,0.37,9.4,2.05,0
2001-10-20,19.82,32.29,5.27,,,,,0
2001-10-20,20.59,32.67,5.37,,,,,0
2001-10-20,20.81,33.07,4.3,,,,,0
2001-10-20,20.24,32.64,5.1,,,,,0
2001-10-20,20.77,33.11,3.51,0.02,0.38,8.67,0.59,0
2001-10-20,20.12,32.61,5.01,,,,,0
2001-10-20,20.56,32.73,5.18,,,,,0
2001-10-20,21.0,33.19,4.1,,,,,0
2001-10-20,20.86,32.84,5.35,,,,,0
2001-10-20,21.28,32.97,5.21,,,,,0
2001-10-20,21.1,33.27,4.39,0.12,0.49,11.05,3.21,0
2001-10-20,21.46,33.07,5.29,,,,,0
2001-10-20,22.47,33.31,5.83,,,,,0
2001-10-20,21.03,33.19,4.25,,,,,0
2001-10-20,20.88,33.18,4.17,0.13,0.2,10.01,0.41,0
2001-10-20,19.78,33.02,4.25,,,,,0
2001-10-20,20.14,33.03,3.88,0.11,0.64,10.25,0.38,0
2001-10-20,20.08,33.04,4.11,0.15,0.67,0.33,10.03,0
2001-10-22,22.11,33.51,5.01,,,,,0
2001-10-22,21.31,33.27,5.09,,,,,0
2001-10-22,18.9,33.18,5.16,,,,,0
2001-10-22,20.16,33.17,4.25,0.25,0.22,0.39,6.72,0
2001-10-22,18.71,32.71,5.01,,,,,0
2001-10-22,20.29,32.92,3.14,,,,,0
2001-10-22,20.16,33.17,4.25,0.25,0.22,0.39,6.72,0
2001-10-22,21.37,33.46,4.15,0.27,0.21,6.98,0.28,0
2001-10-22,20.83,32.97,4.35,,,,,0
2001-10-22,21.16,33.11,4.52,0.34,0.41,5.95,0.15,0
2001-10-22,20.65,32.05,5.18,,,,,0
2001-10-22,20.91,32.88,4.56,,,,,0
2001-10-22,20.97,32.84,4.51,0.12,0.3,13.8,5.36,0
2001-10-22,20.79,32.97,4.56,,,,,0
2001-10-22,20.85,33.01,4.15,,,,,0
2001-10-23,20.93,33.13,3.94,0.27,0.44,11.7,5.23,0
2001-10-23,20.78,33.08,4.09,,,,,0
2001-10-23,20.8,33.06,4.15,0.25,0.23,13.27,4.54,0
2001-10-23,21.09,33.16,4.05,,,,,0
2001-10-23,21.21,33.31,3.97,0.38,0.22,13.86,5.45,0
2001-10-23,20.89,33.15,3.77,,,,,0
2001-10-23,21.62,33.55,3.98,0.19,0.64,13.71,5.03,0
2001-10-23,20.64,33.13,4.05,,,,,0
2001-10-23,21.17,33.31,3.75,0.18,0.55,5.92,10.98,0
2001-10-24,20.86,33.23,3.81,0.08,0.58,3.59,10.92,1
2001-10-24,21.06,33.24,3.82,,,,,1
2001-10-24,22.0,33.68,4.17,0.06,0.55,11.63,3.24,1
2001-10-24,22.16,33.6,3.65,,,,,1
2001-10-24,21.96,33.64,4.49,0.43,0.71,8.27,3.19,1
2001-10-24,20.88,33.06,3.99,,,,,1
2001-10-25,20.86,33.22,4.18,0.36,0.46,6.12,3.03,0
2001-10-25,21.48,33.6,4.53,,,,,0
2001-10-25,22.17,33.76,3.72,,,,,0
2001-10-25,21.44,33.34,3.96,,,,,0
2001-10-25,21.79,33.48,4.23,0.55,0.77,12.4,4.42,0
2001-10-25,20.53,33.07,3.6,,,,,0
2001-10-25,20.42,33.07,3.95,0.51,0.72,4.55,11.93,0
2001-10-25,20.34,33.12,3.99,0.73,0.82,14.21,6.41,0
2001-10-25,23.11,33.87,4.28,,,,,0
2001-10-25,22.46,33.85,4.21,0.62,0.75,14.52,5.77,0
2001-10-25,22.52,33.69,3.72,,,,,0
2001-11-15,22.62,34.03,6.58,,,,,0
2001-11-15,22.9,34.03,5.34,0.09,3.12,0.14,0.59,0
2001-11-16,22.38,34.0,5.48,,,,,0
2001-11-16,21.5,33.89,5.63,,,,,0
2001-11-16,20.63,33.74,5.83,,,,,0
2001-11-16,20.56,33.38,5.92,,,,,0
2001-11-16,19.0,32.73,5.94,,,,,0
2001-11-16,18.51,32.51,6.72,,,,,0
2001-11-16,17.92,32.29,6.66,,,,,0
2001-11-16,19.56,32.78,5.89,,,,,0
2001-11-16,19.46,32.83,5.71,,,,,0
2001-11-16,19.6,32.99,5.57,0.02,4.13,7.75,0.19,0
2001-11-16,19.5,33.0,6.23,,,,,0
2001-11-16,19.46,32.75,6.98,,,,,0
2001-11-16,19.29,32.44,5.71,,,,,0
2001-11-16,19.72,33.16,5.69,,,,,0
2001-11-16,20.17,33.1,5.31,,,,,0
2001-11-16,21.17,33.53,5.28,,,,,0
2001-11-16,21.41,34.01,5.74,,,,,0
2001-11-17,21.44,34.1,5.63,,,,,0
2001-11-17,21.9,34.0,5.57,,,,,0
2001-11-17,22.5,34.0,6.43,0.04,1.08,2.9,0.15,0
2001-11-17,21.58,33.81,4.97,,,,,0
2001-11-17,21.78,33.87,5.51,,,,,0
2001-11-17,21.24,33.51,5.74,,,,,0
2001-11-17,20.65,33.3,5.74,,,,,0
2001-11-17,20.59,33.19,6.2,,,,,0
2001-11-17,20.35,32.89,5.8,,,,,0
2001-11-17,19.85,32.98,5.77,,,,,0
2001-11-17,19.67,33.09,5.86,,,,,0
2001-11-17,19.67,33.07,5.89,,,,,0
2001-11-17,19.92,32.99,6.09,,,,,0
2001-12-05,15.41,33.86,5.3,,,,,0
2001-12-05,19.36,34.13,5.32,,,,,0
2001-12-05,19.67,34.22,5.54,,,,,0
2001-12-07,14.44,33.99,4.24,0.4,0.27,8.68,3.12,0
2001-12-07,14.05,33.94,4.9,,,,,0
2001-12-07,14.98,33.8,4.27,0.32,0.15,7.9,4.65,0
2001-12-07,16.1,33.58,,,,,,0
2001-12-07,19.1,34.31,5.13,,,,,0
2001-12-07,17.78,33.99,5.32,,,,,0
2001-12-07,16.68,33.57,4.05,0.38,0.23,6.0,2.26,0
2001-12-07,15.31,33.42,5.76,,,,,0
2001-12-07,15.05,33.16,5.23,,,,,0
2001-12-07,15.72,33.52,4.33,,,,,0
2001-12-07,14.78,33.55,5.71,,,,,0
2001-12-07,14.78,33.55,5.71,,,,,0
2001-12-07,14.78,33.55,5.71,,,,,0
2001-12-07,15.48,33.94,3.63,0.43,0.38,5.98,5.07,0
2001-12-08,15.03,33.69,4.87,0.51,0.33,4.72,2.21,0
2001-12-08,20.44,34.19,4.88,,,,,0
2001-12-08,14.75,33.43,4.34,,,,,0
2001-12-08,19.37,34.18,5.21,,,,,0
2001-12-08,15.37,33.6,5.35,,,,,0
2001-12-08,16.19,33.78,4.53,0.48,0.36,6.8,2.07,0
2001-12-08,14.92,33.49,5.08,,,,,0
2001-12-08,16.15,33.81,4.45,,,,,0
2001-12-08,13.89,33.12,5.54,,,,,0
2001-12-08,13.99,33.18,5.51,,,,,0
2001-12-08,12.67,33.68,5.84,,,,,0
2001-12-08,15.77,33.73,4.27,0.42,0.32,5.7,1.54,0
2001-12-08,12.95,33.96,5.65,,,,,0
2001-12-08,16.34,33.84,4.24,,,,,0
2001-12-08,15.92,33.61,5.59,,,,,0
2001-12-08,18.27,34.1,5.26,,,,,0
2001-12-08,15.45,33.39,4.18,0.42,0.5,6.13,1.79,0
2001-12-08,18.18,33.29,5.35,,,,,0
2001-12-08,14.12,33.97,4.89,0.37,0.26,8.76,4.55,0
2001-12-08,13.59,33.97,4.36,0.35,0.25,4.21,8.11,0
2001-12-09,19.03,34.41,5.32,,,,,0
2001-12-09,18.83,34.28,5.16,,,,,0
2001-12-09,19.46,34.19,5.29,,,,,0
2001-12-09,20.08,34.08,5.27,,,,,0
2001-12-09,20.57,34.28,5.03,,,,,0
2001-12-09,20.15,34.24,5.2,,,,,0
2001-12-09,19.86,33.82,5.24,,,,,0
2001-12-09,19.88,33.89,5.14,,,,,0
2001-12-09,19.44,34.17,5.5,,,,,0
2001-12-11,19.22,34.1,5.29,,,,,0
2001-12-11,17.88,34.01,5.26,,,,,0
2001-12-11,17.6,34.08,5.02,,,,,0
2001-12-11,17.37,33.71,4.89,,,,,0
2001-12-11,16.57,33.44,5.4,,,,,0
2001-12-11,14.15,34.0,4.79,0.25,0.25,3.11,6.55,0
2001-12-11,14.17,34.0,4.79,0.29,0.2,6.98,3.87,0
2001-12-11,15.08,33.83,4.41,,,,,0
2001-12-11,14.5,33.92,4.26,0.49,0.79,10.08,6.15,0
2001-12-11,14.69,32.66,5.49,,,,,0
2001-12-11,15.12,32.92,5.97,,,,,0
2001-12-11,15.99,33.71,4.3,,,,,0
2001-12-11,14.75,32.81,5.87,,,,,0
2001-12-11,14.29,32.84,5.69,,,,,0
2001-12-11,14.4,32.94,5.46,,,,,0
2001-12-11,14.52,32.97,5.76,,,,,0
2001-12-15,17.51,34.36,5.18,,,,,0
2001-12-15,17.77,34.06,5.02,,,,,0
2001-12-15,16.99,33.15,5.32,,,,,0
2001-12-16,15.99,33.21,5.41,,,,,0
2001-12-16,15.38,33.45,5.05,,,,,0
2001-12-16,13.69,33.32,5.65,,,,,0
2001-12-16,11.59,32.85,6.13,,,,,0
2001-12-16,15.41,33.95,5.47,,,,,0
2001-12-18,16.19,33.78,4.53,0.48,0.36,6.8,2.07,0
2001-12-18,16.15,33.81,4.45,,,,,0
2001-12-18,15.77,33.73,4.27,0.42,0.32,5.7,1.54,0
2001-12-18,15.45,33.39,4.18,0.42,0.5,6.13,1.79,0
2001-12-18,13.59,33.97,4.36,0.35,0.25,4.21,8.11,0
2001-12-19,14.79,33.98,4.77,0.31,0.37,7.94,3.41,0
2001-12-19,14.3,33.87,4.76,,,,,0
2001-12-19,13.21,33.78,4.81,0.1,0.32,11.14,7.41,0
2001-12-19,13.82,33.76,4.65,,,,,0
2001-12-19,12.93,33.84,4.76,0.02,0.38,8.08,6.8,0
2001-12-19,14.39,33.74,4.46,0.13,0.43,9.0,10.79,0
2001-12-20,14.29,33.94,4.95,,,,,0
2001-12-20,13.64,33.69,4.43,0.15,0.44,9.4,7.34,0
2001-12-20,14.45,33.75,4.21,,,,,0
2001-12-20,15.4,34.01,4.69,0.09,0.73,9.89,10.62,0
2001-12-20,15.66,33.77,4.12,,,,,0
2001-12-20,16.0,33.92,3.93,0.22,0.74,10.82,7.52,0
2001-12-20,15.2,34.02,3.94,,,,,0
2001-12-20,15.4,33.87,3.89,0.23,0.77,7.11,10.11,0
2001-12-20,14.67,34.18,4.21,0.17,0.84,5.11,11.98,0
2001-12-20,15.43,34.22,4.47,,,,,0
2001-12-20,15.07,34.22,4.48,0.19,0.92,13.78,5.46,0
2001-12-20,16.05,33.88,4.08,,,,,0
2001-12-20,16.65,34.25,4.51,0.21,0.82,11.14,10.05,0
2001-12-20,15.44,33.79,3.91,,,,,0
2001-12-20,15.49,33.71,4.04,0.21,0.06,12.8,11.08,0
2001-12-20,15.94,33.89,4.38,,,,,0
2001-12-21,15.67,34.11,4.45,0.25,0.68,9.8,6.09,0
2001-12-21,16.09,34.07,4.36,,,,,0
2001-12-21,15.79,33.93,4.32,0.2,0.65,10.7,5.16,0
2001-12-21,15.5,33.7,4.14,,,,,0
2001-12-21,15.75,33.82,3.88,0.19,0.81,9.94,6.47,0
2001-12-21,16.8,34.14,4.63,,,,,0
2001-12-23,14.21,34.27,4.82,0.35,0.82,6.15,10.92,0
2001-12-23,15.14,34.18,4.65,,,,,0
2001-12-23,15.74,34.17,4.62,0.33,0.87,10.64,6.23,0
2001-12-23,15.53,34.26,4.51,0.17,0.88,6.55,12.93,0
2001-12-23,13.7,33.08,,,,,,0
2001-12-23,15.68,34.32,4.42,,,,,0
2001-12-23,15.45,34.24,4.06,0.15,0.84,13.25,6.73,0
2001-12-23,12.55,32.82,5.89,0.72,0.27,6.62,11.52,0
2001-12-23,16.43,34.13,4.06,,,,,0
2001-12-23,11.02,32.08,,,,,,0
2001-12-23,16.53,34.05,4.24,0.29,0.65,14.28,5.89,0
2001-12-23,11.12,32.6,5.55,0.75,0.31,6.31,12.53,0
2001-12-23,11.52,32.49,,,,,,0
2001-12-23,16.41,33.76,4.13,,,,,0
2001-12-23,11.69,32.82,5.68,0.67,0.32,7.14,11.59,0
2001-12-23,11.22,32.63,,,,,,0
2001-12-23,17.27,34.34,4.41,,,,,0
2001-12-23,11.59,32.68,5.58,0.42,0.52,3.7,8.97,0
2001-12-23,16.95,34.37,4.3,0.08,0.88,12.71,4.9,0
2001-12-23,11.43,32.55,5.8,,,,,0
2001-12-23,16.43,34.25,3.89,,,,,0
2001-12-23,14.8,34.34,4.01,0.04,0.84,14.95,4.77,0
2001-12-24,10.59,32.34,6.0,,,,,0
2001-12-24,10.45,32.27,5.91,0.63,0.34,4.32,10.36,0
2001-12-24,10.63,32.68,,,,,,0
2001-12-24,10.67,32.76,5.59,0.8,0.28,6.27,10.84,0
2001-12-24,10.85,32.56,,,,,,0
2001-12-24,10.34,32.32,6.13,0.75,0.22,6.37,11.77,0
2001-12-24,9.09,32.1,,,,,,0
2001-12-24,10.1,31.91,6.28,0.36,0.37,3.91,9.97,0
2001-12-24,10.39,31.35,,,,,,0
2001-12-24,10.14,32.26,5.78,0.79,0.33,5.94,12.29,0
2001-12-24,9.71,32.17,,,,,,0
2001-12-24,10.07,32.49,6.05,0.71,0.48,4.23,9.87,0
2001-12-24,10.23,32.54,,,,,,0
2001-12-24,10.39,32.55,6.11,0.66,0.4,4.51,9.94,0
2001-12-24,10.31,32.19,6.2,,,,,0
2001-12-24,9.87,31.81,6.16,,,,,0
2001-12-24,9.7,32.27,6.26,0.43,0.4,2.13,8.05,0
2001-12-24,9.45,32.2,,,,,,0
2001-12-24,8.87,32.21,6.12,0.43,0.3,2.55,8.65,0
2001-12-24,8.8,32.31,,,,,,0
2001-12-25,9.17,32.29,5.83,0.68,0.24,4.67,11.27,0
2001-12-25,9.51,32.32,,,,,,0
2001-12-25,9.7,32.16,6.14,0.5,0.39,3.5,9.59,0
2001-12-25,9.54,32.1,,,,,,0
2001-12-25,8.71,32.06,6.5,0.7,0.29,5.55,10.38,0
2001-12-27,8.68,31.92,6.51,0.59,0.25,5.38,9.31,0
2001-12-27,9.25,31.33,,,,,,0
2001-12-27,9.07,31.06,6.42,0.5,0.28,4.87,10.37,0
2001-12-27,8.51,31.88,,,,,,0
2001-12-27,8.29,35.04,6.08,0.52,0.3,5.38,10.25,0
2001-12-27,8.1,31.16,,,,,,0
2001-12-27,8.43,32.02,6.06,0.24,0.51,1.79,6.76,0
2001-12-27,8.31,30.87,,,,,,0
2001-12-27,8.71,31.77,6.36,0.18,0.29,0.82,4.79,0
2001-12-27,9.19,31.59,6.31,,,,,0
2001-12-27,8.89,32.14,6.35,,,,,0
2001-12-27,9.14,31.47,6.25,0.23,0.24,2.52,10.23,0
2001-12-27,8.94,31.99,,,,,,0
2001-12-27,7.73,31.74,6.34,0.7,0.27,6.54,10.69,0
2001-12-28,7.66,30.18,,,,,,0
2001-12-28,8.27,31.92,6.45,0.71,0.22,5.54,8.22,0
2001-12-28,8.49,31.63,,,,,,0
2001-12-28,7.62,30.74,6.59,0.86,0.13,13.16,13.49,0
2002-01-31,12.23,34.105,5.3,0.51,0.56,17.14,14.74,0
2002-01-31,12.19,34.166,5.32,,,,,0
2002-01-31,14.62,34.413000000000004,5.54,0.48,0.51,12.96,10.31,0
2002-01-31,14.21,34.289,5.63,0.31,0.32,11.16,9.55,0
2002-01-31,12.74,33.809,5.32,,,,,0
2002-01-31,12.75,34.2,5.76,0.62,0.32,12.52,12.47,0
2002-01-31,11.51,34.01,5.71,,,,,0
2002-01-31,9.88,33.564,5.63,,,,,0
2002-01-31,11.91,33.925,5.26,,,,,0
2002-01-31,13.13,34.049,5.23,0.5,0.34,10.13,10.94,0
2002-02-01,15.19,34.22,5.17,,,,,0
2002-02-01,15.4,34.445,5.09,,,,,0
2002-02-01,15.41,34.458,5.18,0.2,0.27,8.26,16.46,0
2002-02-01,15.62,34.444,5.41,,,,,0
2002-02-01,14.36,34.501,5.35,0.22,0.19,8.76,16.58,0
2002-02-01,15.62,34.444,5.41,,,,,0
2002-02-01,13.13,34.071,5.48,,,,,0
2002-02-01,11.64,33.511,5.54,0.37,0.31,13.97,16.94,0
2002-02-01,9.81,33.256,5.51,,,,,0
2002-02-01,7.86,33.363,5.84,0.43,0.31,16.34,19.75,0
2002-02-01,3.96,31.711,7.27,0.63,0.32,13.05,14.86,0
2002-02-01,9.59,33.301,5.65,,,,,0
2002-02-01,3.44,31.663,,,,,,0
2002-02-01,15.44,34.378,5.59,0.24,0.37,11.45,11.79,0
2002-02-01,5.14,32.062,7.08,0.41,0.33,8.02,9.54,0
2002-02-01,16.04,34.505,5.26,,,,,0
2002-02-01,5.27,32.08,,,,,,0
2002-02-01,16.05,34.472,5.35,0.21,0.27,11.15,13.58,0
2002-02-01,6.41,32.343,6.83,0.21,0.31,5.7,9.88,0
2002-02-01,15.76,34.352,5.32,0.38,0.45,6.5,8.55,0
2002-02-01,7.05,32.326,,,,,,0
2002-02-01,15.94,34.128,5.16,,,,,0
2002-02-01,7.21,32.319,6.5,0.17,0.3,4.72,8.95,0
2002-02-01,16.12,34.459,5.29,0.46,0.54,9.98,10.32,0
2002-02-01,7.54,32.23,6.53,,,,,0
2002-02-01,15.77,34.535,5.27,,,,,0
2002-02-01,16.28,34.431,5.03,0.39,0.58,9.24,7.76,0
2002-02-01,7.72,32.304,6.92,,,,,0
2002-02-01,16.2,34.339,5.2,,,,,0
2002-02-01,16.42,34.229,5.24,0.16,0.44,10.86,10.57,0
2002-02-02,16.31,34.445,5.14,,,,,0
2002-02-02,15.92,34.501999999999995,5.5,0.3,0.28,8.1,10.52,0
2002-02-02,7.2,32.336,6.43,0.38,0.41,7.49,12.5,0
2002-02-02,7.05,32.084,,,,,,0
2002-02-02,15.07,34.317,5.29,,,,,0
2002-02-02,6.63,32.267,6.87,0.24,0.36,5.7,10.01,0
2002-02-02,15.5,34.014,5.26,0.27,0.15,9.83,10.69,0
2002-02-02,6.26,32.111999999999995,,,,,,0
2002-02-02,14.99,34.18,5.22,,,,,0
2002-02-02,5.93,32.171,6.97,0.31,0.32,5.82,9.29,0
2002-02-02,5.56,32.0,,,,,,0
2002-02-02,13.94,33.791,5.19,0.33,0.18,8.94,13.24,0
2002-02-02,5.92,32.899,6.99,0.32,0.3,7.22,9.97,0
2002-02-02,12.8,33.734,5.4,,,,,0
2002-02-02,5.84,32.073,,,,,,0
2002-02-02,5.31,32.173,7.13,0.45,0.26,9.06,11.1,0
2002-02-02,5.88,32.105,7.1,0.49,0.3,6.61,10.35,0
2002-02-02,12.52,33.681,5.49,,,,,0
2002-02-02,6.13,32.098,,,,,,0
2002-02-02,12.99,34.14,5.97,0.52,0.15,7.05,10.7,0
2002-02-02,6.58,32.258,6.85,0.65,0.3,6.14,11.35,0
2002-02-02,13.29,34.209,5.87,,,,,0
2002-02-02,6.51,32.271,,,,,,0
2002-02-02,13.25,33.881,5.69,0.49,0.22,11.19,9.45,0
2002-02-02,6.7,32.308,6.89,0.34,0.32,4.7,10.6,0
2002-02-02,13.37,33.961,5.46,,,,,0
2002-02-02,6.81,31.724,,,,,,0
2002-02-02,13.85,33.851,5.76,0.42,0.19,7.65,10.42,0
2002-02-02,8.87,32.209,6.12,0.43,0.3,2.55,8.65,0
2002-02-02,13.71,34.05,5.32,,,,,0
2002-02-02,13.89,33.926,5.32,0.45,0.17,7.12,12.99,0
2002-02-02,7.66,32.026,,,,,,0
2002-02-02,7.66,32.292,6.58,0.24,0.36,3.71,8.21,0
2002-02-02,14.64,34.199,5.18,,,,,0
2002-02-02,7.64,32.281,6.59,,,,,0
2002-02-02,7.98,32.607,6.64,,,,,0
2002-02-03,8.27,32.39,6.34,0.7,0.32,6.53,12.12,0
2002-02-03,8.21,32.639,,,,,,0
2002-02-03,7.8,32.553000000000004,6.4,0.52,0.9,7.14,11.21,0
2002-02-03,7.4,31.784,,,,,,0
2002-02-03,7.48,32.408,6.65,0.44,0.28,6.29,11.09,0
2002-02-03,7.48,32.408,6.65,0.44,0.28,6.29,11.09,0
2002-02-03,7.15,32.19,,,,,,0
2002-02-03,5.41,32.143,7.07,0.36,0.21,6.21,10.36,0
2002-02-03,6.36,32.301,,,,,,0
2002-02-03,7.01,32.328,6.74,0.56,0.31,5.91,12.31,0
2002-02-04,10.45,34.28,5.11,0.21,0.52,6.7,9.03,0
2002-02-04,10.48,34.25,5.17,,,,,0
2002-02-04,10.85,34.15,5.15,0.16,0.55,5.79,8.77,0
2002-02-04,11.84,34.11,5.15,,,,,0
2002-02-04,11.39,34.25,5.19,0.24,0.41,5.53,7.16,0
2002-02-05,11.2,34.1,5.22,,,,,0
2002-02-05,11.69,34.3,4.83,0.38,0.3,6.27,5.84,0
2002-02-05,8.14,32.831,,,,,,0
2002-02-05,13.46,34.293,5.41,0.3,0.15,9.49,12.25,0
2002-02-05,9.55,34.19,5.66,0.06,0.25,5.58,6.34,0
2002-02-05,8.89,32.563,6.3,0.66,0.3,7.82,11.19,0
2002-02-05,14.03,34.342,5.45,,,,,0
2002-02-05,9.32,32.363,,,,,,0
2002-02-05,12.85,34.149,5.65,0.31,0.23,11.8,21.17,0
2002-02-05,9.23,34.12,6.63,,,,,0
2002-02-05,9.37,32.821,6.39,0.51,0.28,9.03,13.61,0
2002-02-05,9.37,32.821,6.39,0.51,0.28,9.03,13.61,0
2002-02-05,8.97,32.72,6.34,,,,,0
2002-02-05,9.04,34.08,5.6,0.05,0.27,5.07,4.54,0
2002-02-05,10.0,34.1,5.51,,,,,0
2002-02-05,10.06,33.115,6.46,,,,,0
2002-02-05,11.14,34.19,5.36,0.07,0.26,6.08,4.17,0
2002-02-05,10.42,33.169000000000004,6.19,0.46,0.39,9.67,11.38,0
2002-02-05,9.27,32.874,,,,,,0
2002-02-05,11.3,34.12,5.4,,,,,0
2002-02-05,11.47,33.686,5.88,0.39,0.31,5.82,9.17,0
2002-02-05,10.73,34.14,5.11,0.19,0.3,5.75,7.65,0
2002-02-05,11.08,33.33,,,,,,0
2002-02-05,8.02,32.62,6.51,0.43,0.27,7.65,12.99,0
2002-02-05,8.02,32.313,,,,,,0
2002-02-05,11.47,34.24,5.03,0.08,0.58,8.67,9.1,0
2002-02-05,11.28,34.26,5.07,0.11,0.52,8.88,9.95,0
2002-02-05,7.99,32.622,6.58,0.49,0.39,7.15,10.43,0
2002-02-05,11.06,34.11,5.2,,,,,0
2002-02-06,8.31,32.665,,,,,,0
2002-02-14,10.99,34.29,5.24,0.23,0.52,9.21,9.7,0
2002-02-14,10.98,34.27,5.2,,,,,0
2002-02-14,11.09,34.27,5.36,0.15,0.34,6.42,9.54,0
2002-02-14,10.91,34.2,5.3,,,,,0
2002-02-14,10.51,34.16,5.37,0.17,0.28,7.26,8.13,0
2002-02-14,9.96,34.16,5.46,,,,,0
2002-02-14,9.6,34.12,5.38,0.3,0.28,6.65,8.17,0
2002-02-14,8.06,34.07,5.61,,,,,0
2002-02-15,7.77,34.08,5.64,0.44,0.22,6.44,8.44,0
2002-02-15,8.16,34.08,5.64,,,,,0
2002-02-15,8.38,34.1,5.58,0.12,0.24,5.65,8.91,0
2002-02-15,8.83,34.11,5.55,,,,,0
2002-02-15,8.45,34.15,5.47,,,,,0
2002-02-15,10.04,34.16,5.38,0.2,0.25,6.65,8.08,0
2002-02-15,9.9,34.12,5.47,,,,,0
2002-02-15,10.43,34.16,5.44,0.14,0.21,6.31,6.64,0
2002-02-15,10.8,34.16,5.36,,,,,0
2002-02-15,10.99,34.17,5.42,0.45,0.34,6.17,8.61,0
2002-02-15,8.45,34.15,5.47,,,,,0
2002-02-15,10.33,34.15,5.35,,,,,0
2002-02-15,11.12,34.24,5.28,0.03,0.52,5.73,8.46,0
2002-02-15,11.69,34.29,5.55,,,,,0
2002-02-15,11.69,34.29,5.55,,,,,0
2002-02-15,11.13,34.25,5.38,0.06,0.58,8.32,9.62,0
2002-02-16,11.02,34.22,5.35,,,,,0
2002-02-17,11.02,34.22,5.35,,,,,0
2002-02-21,10.17,34.31,5.53,,,,,0
2002-02-21,10.13,34.3,5.61,0.16,0.53,8.3,9.11,0
2002-02-21,11.11,34.36,5.35,,,,,0
2002-02-21,12.29,34.43,5.35,0.43,0.36,5.19,9.09,0
2002-02-21,10.49,34.22,5.55,,,,,0
2002-02-21,10.36,34.13,5.46,0.14,0.33,6.55,7.11,0
2002-02-21,10.27,34.19,5.11,,,,,0
2002-02-21,9.31,34.13,5.3,0.1,0.21,6.16,9.24,0
2002-02-21,9.17,34.12,5.7,,,,,0
2002-02-22,9.18,34.12,5.7,0.13,0.3,8.04,9.02,0
2002-02-22,17.44,34.443000000000005,5.6,0.3,0.19,1.58,2.0,0
2002-02-22,12.33,34.36,5.31,,,,,0
2002-02-22,12.4,34.42,4.88,0.42,0.48,8.9,9.46,0
2002-02-22,15.25,34.309,5.72,,,,,0
2002-02-22,12.63,34.42,5.17,,,,,0
2002-02-22,13.03,34.45,5.19,0.33,0.5,6.22,9.02,0
2002-02-22,14.32,34.241,5.83,0.37,0.18,2.82,5.5,0
2002-02-22,12.26,34.37,5.25,,,,,0
2002-02-22,13.15,33.82,5.95,,,,,0
2002-02-22,13.63,34.48,5.25,,,,,0
2002-02-22,14.0,34.41,5.23,0.43,0.53,5.48,7.38,0
2002-02-22,12.34,33.65,6.06,0.27,0.17,7.39,10.5,0
2002-02-22,13.89,34.53,5.27,,,,,0
2002-02-22,12.45,34.41,5.42,0.38,0.48,4.62,6.87,0
2002-02-22,10.69,33.076,6.31,,,,,0
2002-02-22,10.06,32.675,6.62,0.33,0.21,7.4,11.25,0
2002-02-22,12.51,34.36,5.44,,,,,0
2002-02-22,13.93,34.54,5.19,,,,,0
2002-02-22,10.32,32.985,6.41,0.5,0.18,9.01,14.0,0
2002-02-22,14.22,34.45,5.31,0.33,0.46,4.21,6.25,0
2002-02-22,10.42,33.149,6.67,0.67,0.19,14.68,13.5,0
2002-02-22,12.88,34.46,5.24,,,,,0
2002-02-22,13.79,34.43,5.02,0.35,0.56,5.51,7.07,0
2002-02-22,9.17,34.12,5.7,,,,,0
2002-02-22,9.81,32.651,6.43,0.53,0.44,12.29,15.5,0
2002-02-23,9.49,32.286,6.56,0.63,0.48,10.92,13.75,0
2002-02-23,9.7,32.66,6.59,,,,,0
2002-02-23,10.45,33.272,6.3,0.93,0.31,12.63,12.5,0
2002-02-23,12.37,33.78,5.99,,,,,0
2002-02-23,13.73,34.169000000000004,6.03,0.6,0.15,5.58,8.98,0
2002-02-23,14.13,34.193000000000005,5.76,,,,,0
2002-02-23,14.97,34.02,5.81,0.4,0.4,4.54,8.25,0
2002-02-23,15.77,34.286,5.54,,,,,0
2002-02-23,17.52,34.462,5.72,0.57,0.27,0.47,2.0,0
2002-02-23,18.08,34.404,5.64,0.53,0.29,1.71,2.75,0
2002-02-24,16.52,34.394,5.35,0.1,0.34,2.45,8.25,0
2002-02-24,16.47,34.478,5.44,0.07,0.28,8.12,7.25,0
2002-02-24,16.04,34.505,5.51,,,,,0
2002-02-24,15.42,34.033,5.54,0.1,0.2,8.81,9.75,0
2002-02-24,14.47,34.319,5.8,,,,,0
2002-02-24,14.29,34.386,5.88,0.37,0.18,10.21,10.0,0
2002-02-24,14.12,34.395,5.81,,,,,0
2002-02-24,14.12,34.395,5.81,,,,,0
2002-02-24,11.57,33.628,6.15,0.43,0.3,11.15,11.5,0
2002-02-24,9.87,33.056,6.39,,,,,0
2002-02-24,9.29,32.606,6.62,0.6,0.34,9.85,11.25,0
2002-02-24,8.69,32.131,6.63,0.53,0.27,9.46,0.12,0
2002-04-10,6.99,31.797,7.03,0.56,0.45,15.26,10.52,0
2002-04-10,7.08,31.783,,,,,,0
2002-04-10,7.21,31.641,8.25,0.07,0.33,2.85,5.28,0
2002-04-10,8.09,34.12,6.17,0.39,0.22,3.48,3.06,0
2002-04-10,8.39,34.15,5.62,,,,,0
2002-04-10,7.68,32.069,,,,,,0
2002-04-10,10.6,34.28,5.52,0.34,0.23,5.65,3.09,0
2002-04-10,8.04,32.176,7.1,0.3,0.38,3.56,6.71,0
2002-04-10,8.43,32.253,,,,,,0
2002-04-10,11.59,34.26,5.69,,,,,0
2002-04-10,8.57,32.238,7.02,0.25,0.43,2.04,3.87,0
2002-04-10,11.95,34.37,5.56,0.28,0.17,2.85,3.71,0
2002-04-10,8.93,32.298,7.26,,,,,0
2002-04-10,13.72,34.38,5.44,,,,,0
2002-04-10,12.07,34.45,5.42,0.25,0.32,2.39,2.39,0
2002-04-10,9.27,32.165,7.08,,,,,0
2002-04-10,8.98,32.131,7.44,0.13,0.25,0.35,0.99,0
2002-04-10,8.74,32.299,,,,,,0
2002-04-11,8.47,32.306999999999995,7.49,0.1,0.23,0.89,0.86,0
2002-04-11,8.27,32.229,,,,,,0
2002-04-11,8.11,32.227,7.72,0.1,0.13,0.3,0.5,0
2002-04-11,11.75,34.42,5.4,0.14,0.51,4.68,2.86,0
2002-04-11,7.49,32.081,,,,,,0
2002-04-11,13.18,34.47,5.3,,,,,0
2002-04-11,7.64,32.027,7.0,0.43,0.44,8.24,9.64,0
2002-04-11,7.88,31.972,,,,,,0
2002-04-11,13.27,34.46,4.88,0.22,0.63,3.6,2.66,0
2002-04-11,8.6,31.765,7.95,0.07,0.2,0.8,0.84,0
2002-04-11,11.75,34.34,5.15,,,,,0
2002-04-11,13.19,34.29,5.52,0.25,0.4,3.9,2.25,0
2002-04-11,12.53,34.28,5.3,,,,,0
2002-04-11,12.53,34.28,5.3,,,,,0
2002-04-11,11.2,34.3,5.54,0.21,0.41,3.96,3.21,0
2002-04-11,11.69,34.27,5.47,,,,,0
2002-04-11,8.72,31.974,8.81,0.22,0.18,0.3,0.53,0
2002-04-11,10.91,34.18,5.45,0.27,0.22,6.59,3.49,0
2002-04-11,8.67,32.088,,,,,,0
2002-04-11,7.81,34.12,5.71,0.29,0.43,6.03,3.44,0
2002-04-11,8.59,32.183,7.14,0.46,0.25,4.13,5.17,0
2002-04-11,8.39,32.281,,,,,,0
2002-04-11,8.75,32.308,7.66,0.23,0.1,1.09,0.32,0
2002-04-11,8.98,32.339,,,,,,0
2002-04-11,9.21,32.267,7.51,0.17,0.16,0.1,0.86,0
2002-04-11,9.41,32.31,,,,,,0
2002-04-11,9.63,32.173,7.46,0.17,0.29,1.18,0.22,0
2002-04-11,9.67,32.276,7.58,,,,,0
2002-04-12,9.95,32.312,6.93,,,,,0
2002-04-12,9.89,32.364000000000004,7.02,0.23,0.23,0.3,0.27,0
2002-04-12,9.84,32.389,,,,,,0
2002-04-12,9.63,32.361999999999995,7.14,0.26,0.14,0.92,0.02,0
2002-04-12,9.42,32.336,,,,,,0
2002-04-12,9.42,32.336,,,,,,0
2002-04-12,9.44,32.311,7.96,0.22,0.27,0.31,0.59,0
2002-04-12,8.87,32.249,,,,,,0
2002-04-12,9.1,32.103,6.6,0.8,0.38,8.11,10.97,0
2002-04-13,13.33,34.194,6.38,0.05,0.18,4.48,7.24,0
2002-04-13,11.0,34.25,5.29,0.26,0.33,5.67,3.52,0
2002-04-13,11.53,34.24,5.5,,,,,0
2002-04-13,10.8,34.24,5.65,0.37,0.29,6.88,3.22,0
2002-04-13,13.01,33.997,6.09,0.1,0.47,5.39,5.79,0
2002-04-13,13.33,34.194,6.33,,,,,0
2002-04-17,13.91,34.178000000000004,5.94,0.12,0.49,4.3,10.3,0
2002-04-17,13.3,33.934,6.02,,,,,0
2002-04-18,13.23,33.99,5.98,0.1,0.31,3.0,5.33,0
2002-04-18,10.71,33.011,,,,,,0
2002-04-18,9.1,32.653,6.76,0.69,0.33,6.27,5.98,0
2002-04-18,13.08,33.861999999999995,6.18,0.12,0.32,2.01,5.95,0
2002-04-18,12.9,33.772,5.93,,,,,0
2002-04-18,12.93,34.26,5.56,,,,,0
2002-04-18,12.87,33.687,6.08,0.23,0.8,7.5,11.61,0
2002-04-18,14.62,34.44,5.18,0.26,0.53,3.19,3.1,0
2002-04-18,12.95,33.925,5.98,,,,,0
2002-04-18,12.94,33.886,6.06,0.15,0.66,5.91,10.19,0
2002-04-18,13.73,34.46,5.46,,,,,0
2002-04-18,14.63,34.208,5.78,,,,,0
2002-04-18,12.5,34.42,5.32,0.21,0.45,1.28,2.57,0
2002-04-18,15.89,34.063,5.85,0.02,0.36,4.05,6.89,0
2002-04-18,11.79,34.41,5.44,,,,,0
2002-04-18,15.45,34.046,5.85,,,,,0
2002-04-18,11.12,34.29,5.67,0.18,0.22,1.03,4.12,0
2002-04-18,14.85,34.16,5.67,,,,,0
2002-04-19,13.83,34.103,5.87,0.13,0.61,5.42,10.12,0
2002-04-19,11.73,34.26,5.51,0.13,0.16,1.58,2.3,0
2002-04-19,13.06,33.848,5.84,,,,,0
2002-04-19,12.0,34.3,5.49,,,,,0
2002-04-19,12.74,33.63,5.89,,,,,0
2002-04-19,12.89,33.637,6.01,0.36,0.76,7.54,13.7,0
2002-04-19,13.09,33.837,5.79,,,,,0
2002-04-19,13.28,34.34,5.38,0.22,0.24,1.91,4.5,0
2002-04-19,13.09,33.837,5.79,,,,,0
2002-04-19,13.11,34.33,5.38,,,,,0
2002-04-19,12.78,33.651,5.81,0.1,0.63,8.34,8.82,0
2002-04-19,13.41,34.35,5.27,0.27,0.34,1.1,2.27,0
2002-04-19,9.05,32.404,,,,,,0
2002-04-19,13.74,34.26,4.8,,,,,0
2002-04-19,10.86,32.412,7.27,0.24,0.21,0.38,0.16,0
2002-04-19,14.93,34.038000000000004,5.93,,,,,0
2002-04-19,10.22,34.44,5.06,0.29,0.55,3.1,3.04,0
2002-04-19,9.99,34.14,5.48,,,,,0
2002-04-19,11.31,32.424,,,,,,0
2002-04-19,14.98,34.144,5.87,0.11,0.4,3.2,8.23,0
2002-04-19,11.46,32.332,6.94,0.21,0.05,0.91,0.74,0
2002-04-19,15.86,34.187,5.93,,,,,0
2002-04-19,11.4,32.301,6.82,,,,,0
2002-04-19,15.23,33.4,5.94,,,,,0
2002-04-19,12.21,34.17,4.55,,,,,0
2002-04-19,11.99,34.1,4.47,0.3,0.24,5.01,4.59,0
2002-04-19,15.44,34.16,5.52,0.19,0.37,5.3,9.45,0
2002-04-19,14.06,34.21,4.89,,,,,0
2002-04-19,11.98,32.876,7.05,,,,,0
2002-04-19,15.26,34.32,4.95,0.29,0.35,2.1,3.35,0
2002-04-19,11.0,32.751999999999995,7.03,0.22,0.32,0.16,0.37,0
2002-04-19,11.68,32.649,,,,,,0
2002-04-19,12.95,34.32,5.24,,,,,0
2002-04-19,12.09,33.281,6.81,0.3,0.27,0.19,1.35,0
2002-04-19,12.95,34.32,5.24,,,,,0
2002-04-19,12.23,34.28,5.7,0.24,0.28,3.41,2.86,0
2002-04-19,11.35,32.751999999999995,,,,,,0
2002-04-19,13.05,34.44,5.17,,,,,0
2002-04-19,10.95,32.803000000000004,7.53,0.32,0.27,1.14,4.15,0
2002-04-19,11.37,33.017,,,,,,0
2002-04-19,11.37,33.017,,,,,,0
2002-04-19,12.08,34.31,5.61,0.16,0.19,1.44,2.77,0
2002-04-19,11.57,32.783,6.92,0.57,0.24,5.39,10.75,0
2002-04-20,11.82,33.317,,,,,,0
2002-04-20,14.02,34.43,5.38,,,,,0
2002-04-20,12.47,34.33,5.25,0.39,0.29,2.81,3.06,0
2002-04-20,14.61,34.32,4.99,,,,,0
2002-04-20,14.88,34.35,4.83,0.34,0.31,2.47,3.94,0
2002-04-20,14.24,34.22,5.27,,,,,0
2002-04-20,16.01,34.292,5.45,0.04,0.28,4.23,6.74,0
2002-04-20,12.12,34.13,4.33,0.38,0.39,5.7,4.46,0
2002-04-20,9.75,34.14,4.54,,,,,0
2002-04-20,16.18,34.178000000000004,5.7,,,,,0
2002-04-20,15.35,33.611,5.92,0.03,0.1,1.62,8.11,0
2002-04-20,15.23,33.4,5.94,,,,,0
2002-04-20,15.62,33.631,5.83,0.05,0.11,3.57,7.9,0
2002-04-21,14.96,33.556999999999995,5.74,,,,,0
2002-04-21,15.83,33.426,5.85,0.17,0.1,3.58,7.96,0
2002-04-21,15.85,33.986,5.82,,,,,0
2002-04-21,15.56,33.919000000000004,5.88,0.02,0.18,2.09,7.38,0
2002-04-21,14.81,33.416,5.99,,,,,0
2002-04-21,13.71,32.748000000000005,6.21,0.04,0.17,5.51,11.77,0
2002-04-21,12.72,32.653,6.26,,,,,0
2002-04-21,13.34,32.268,6.28,,,,,0
2002-04-22,13.21,31.907,6.15,0.05,0.31,4.8,10.48,0
2002-04-22,13.35,32.339,6.19,,,,,0
2002-04-22,12.93,32.782,6.13,0.04,0.14,2.38,6.37,0
2002-04-22,13.21,32.991,6.21,,,,,0
2002-04-22,13.62,33.037,6.06,0.01,0.23,2.66,11.15,0
2002-04-22,13.87,33.384,6.03,,,,,0
2002-04-22,14.09,33.699,5.85,0.09,0.12,2.31,8.05,0
2002-04-22,15.07,34.098,5.92,,,,,0
2002-04-22,14.19,34.06,5.49,,,,,0
2002-04-22,15.25,34.19,5.67,0.33,0.25,5.58,4.71,0
2002-04-22,15.7,34.21,5.39,,,,,0
2002-04-22,15.69,34.36,5.19,0.22,0.18,3.59,3.99,0
2002-04-22,15.5,34.32,5.1,,,,,0
2002-04-22,15.74,34.25,4.99,,,,,0
2002-04-22,15.3,34.2,4.77,0.23,0.39,4.46,4.11,0
2002-04-23,15.32,34.17,5.23,,,,,0
2002-04-23,13.28,34.02,5.65,0.32,0.34,6.93,4.36,0
2002-04-23,13.98,34.046,6.14,0.02,0.19,1.91,7.29,0
2002-04-23,13.8,33.425,6.17,,,,,0
2002-04-23,13.55,33.194,6.47,0.07,0.13,1.46,11.5,0
2002-05-04,16.08,33.09,6.4,0.32,0.07,2.72,7.36,0
2002-05-04,16.1,33.03,6.18,,,,,0
2002-05-04,16.11,32.94,6.2,0.52,0.05,2.28,5.6,0
2002-05-04,16.45,32.93,5.96,,,,,0
2002-05-04,15.93,32.7,6.24,0.5,0.05,2.73,6.65,0
2002-05-04,15.31,32.48,5.96,,,,,0
2002-05-04,13.91,32.47,6.26,0.86,0.12,2.53,4.33,0
2002-05-05,14.47,32.48,6.51,,,,,0
2002-05-05,14.55,32.23,6.57,0.84,0.17,6.16,10.8,0
2002-05-05,15.73,32.24,5.81,0.95,0.37,12.7,7.91,0
2002-05-05,13.98,31.98,6.16,0.42,0.47,9.94,14.7,0
2002-05-05,13.32,31.79,6.28,0.54,0.21,14.18,11.29,0
2002-05-05,13.56,32.18,6.3,,,,,0
2002-05-05,13.77,32.31,6.42,0.65,0.15,6.38,17.09,0
2002-05-05,13.65,32.25,6.96,,,,,0
2002-05-05,13.22,32.51,6.65,0.39,0.07,1.56,6.13,0
2002-05-05,13.92,32.58,6.57,,,,,0
2002-05-05,16.11,32.97,6.09,0.28,0.06,1.17,7.06,0
2002-05-05,16.76,32.84,5.91,,,,,0
2002-05-05,18.94,33.73,5.43,0.3,0.07,4.09,2.36,0
2002-05-05,20.56,34.46,5.4,0.19,0.05,8.64,3.74,0
2002-05-08,20.12,34.41,5.37,0.04,0.04,5.09,2.47,0
2002-05-08,19.21,34.28,5.43,0.17,0.06,1.97,9.74,0
2002-05-08,17.61,33.51,5.59,,,,,0
2002-05-08,15.67,32.8,5.84,0.2,0.05,3.91,6.43,0
2002-05-08,14.42,32.45,6.26,,,,,0
2002-05-08,15.48,33.07,6.04,0.22,0.04,1.59,4.09,0
2002-05-08,14.85,32.95,6.08,,,,,0
2002-05-08,14.01,32.51,6.11,0.18,0.05,1.14,6.17,0
2002-05-09,14.07,31.83,6.18,,,,,0
2002-05-09,13.83,31.77,6.31,0.21,0.08,5.61,3.19,0
2002-05-09,14.23,31.39,6.29,0.28,0.19,10.41,3.0,0
2002-06-03,13.16,31.622,6.55,0.43,0.46,16.75,2.12,0
2002-06-03,14.46,31.853,,,,,,0
2002-06-03,17.94,31.885,6.51,0.16,0.07,6.15,0.26,0
2002-06-03,19.27,33.65,6.03,0.22,0.36,4.86,5.65,0
2002-06-03,18.09,31.839,,,,,,0
2002-06-03,18.5,33.62,6.01,,,,,0
2002-06-03,18.05,31.692,5.98,0.14,0.11,3.22,0.68,0
2002-06-03,18.08,33.74,6.05,1.29,0.33,4.04,5.04,0
2002-06-03,18.73,31.744,,,,,,0
2002-06-03,18.2,33.42,6.02,,,,,0
2002-06-03,18.43,31.787,5.79,0.16,0.04,2.88,0.31,0
2002-06-03,18.39,31.79,5.75,,,,,0
2002-06-03,17.41,33.61,5.78,,,,,0
2002-06-03,19.24,33.67,5.76,,,,,0
2002-06-04,18.22,32.22,5.63,,,,,0
2002-06-04,19.09,33.77,5.98,0.11,0.24,3.1,5.12,0
2002-06-04,18.26,32.115,5.76,0.22,0.16,2.76,0.63,0
2002-06-04,18.09,32.02,,,,,,0
2002-06-04,18.13,31.951,5.76,0.21,0.08,3.96,0.11,0
2002-06-04,17.67,31.958,,,,,,0
2002-06-04,17.74,31.874,5.92,0.19,0.05,3.69,0.18,0
2002-06-04,17.28,31.929,,,,,,0
2002-06-04,19.31,34.41,6.07,0.1,0.29,3.89,6.45,0
2002-06-04,16.61,31.907,6.54,0.2,0.07,3.29,0.98,0
2002-06-04,19.15,34.33,6.24,,,,,0
2002-06-04,15.56,31.312,,,,,,0
2002-06-04,19.35,34.35,6.13,0.1,0.25,2.6,4.85,0
2002-06-04,15.53,31.619,6.58,0.18,0.1,3.25,0.4,0
2002-06-04,19.35,34.35,6.13,0.1,0.25,2.6,4.85,0
2002-06-04,19.57,34.15,6.25,,,,,0
2002-06-04,18.06,33.95,6.01,0.15,0.32,2.37,3.9,0
2002-06-04,17.98,34.02,5.96,,,,,0
2002-06-04,19.21,34.06,6.0,0.19,0.31,3.02,4.72,0
2002-06-04,20.25,34.0,6.16,,,,,0
2002-06-04,18.05,33.6,6.22,0.22,0.35,4.15,7.26,0
2002-06-04,18.41,33.81,6.14,0.22,0.33,5.11,7.74,0
2002-06-05,18.31,30.749,6.43,0.24,0.4,3.45,0.17,0
2002-06-05,16.84,32.012,,,,,,0
2002-06-05,18.62,31.989,5.91,0.2,0.18,4.25,0.95,0
2002-06-05,18.55,31.982,,,,,,0
2002-06-05,19.04,31.632,5.82,0.23,0.15,3.98,0.12,0
2002-06-05,18.0,32.033,,,,,,0
2002-06-05,19.54,31.191,5.7,0.21,0.06,3.36,0.14,0
2002-06-05,17.89,33.59,5.97,0.19,0.35,2.67,7.56,0
2002-06-05,18.91,32.07,,,,,,0
2002-06-05,18.6,33.67,6.02,,,,,0
2002-06-05,19.32,33.57,5.81,0.19,0.33,3.07,7.14,0
2002-06-05,19.18,31.998,5.77,0.26,0.08,3.11,0.31,0
2002-06-05,20.59,32.148,5.82,,,,,0
2002-06-05,18.77,33.48,5.75,,,,,0
2002-06-05,19.57,33.64,5.87,0.11,0.26,3.09,5.69,0
2002-06-05,20.07,32.21,5.89,,,,,0
2002-06-05,18.8,33.79,5.75,,,,,0
2002-06-05,19.46,32.042,5.94,0.24,0.1,4.04,0.09,0
2002-06-05,19.87,32.068000000000005,,,,,,0
2002-06-05,20.08,33.75,5.61,0.09,0.24,2.16,6.47,0
2002-06-05,18.6,31.991,6.22,0.29,0.08,3.94,0.28,0
2002-06-06,19.0,32.15,,,,,,0
2002-06-06,19.82,34.17,5.61,,,,,0
2002-06-06,18.95,32.024,5.97,0.28,0.09,1.91,0.27,0
2002-06-06,19.19,32.263000000000005,,,,,,0
2002-06-06,19.48,34.07,5.67,0.09,0.21,2.78,5.78,0
2002-06-06,19.19,32.235,7.46,0.25,0.12,3.96,1.35,0
2002-06-06,19.49,34.19,5.69,0.08,0.19,2.36,3.73,0
2002-06-06,19.89,34.07,5.66,,,,,0
2002-06-06,20.01,33.94,5.67,0.09,0.22,2.06,8.02,0
2002-06-06,20.7,34.34,5.72,,,,,0
2002-06-06,20.6,34.17,5.65,0.1,0.21,2.89,5.12,0
2002-06-06,18.17,33.88,5.74,,,,,0
2002-06-06,17.0,34.13,5.86,0.15,0.29,2.73,9.94,0
2002-06-06,17.29,33.74,5.72,,,,,0
2002-06-06,19.39,33.373000000000005,,,,,,0
2002-06-06,17.38,32.5,6.87,0.3,0.23,3.41,1.44,0
2002-06-06,15.32,34.22,5.75,,,,,0
2002-06-06,18.91,33.51,5.75,0.15,0.27,2.01,9.41,0
2002-06-06,19.45,33.49,5.74,,,,,0
2002-06-06,19.93,33.73,5.66,0.1,0.18,1.99,6.58,0
2002-06-06,19.53,34.15,5.67,,,,,0
2002-06-07,20.08,33.95,5.69,0.11,0.29,2.01,6.36,0
2002-06-07,20.38,34.07,5.7,,,,,0
2002-06-07,19.76,34.18,5.69,0.09,0.1,1.83,5.82,0
2002-06-07,19.68,33.93,5.61,,,,,0
2002-06-07,20.02,33.95,5.59,0.08,0.28,1.93,5.91,0
2002-06-07,20.25,33.94,5.65,,,,,0
2002-06-07,20.21,33.81,5.35,0.09,0.16,1.47,6.55,0
2002-06-07,18.58,33.53,5.39,,,,,0
2002-06-07,18.57,33.35,5.4,0.13,0.15,2.09,5.55,0
2002-06-07,18.63,33.65,5.42,,,,,0
2002-06-08,16.42,32.378,,,,,,0
2002-06-08,19.04,31.632,5.94,0.24,0.29,3.87,0.69,0
2002-06-08,20.68,32.018,,,,,,0
2002-06-08,20.74,31.701,5.69,0.26,0.09,3.17,0.19,0
2002-06-08,20.19,32.141,5.93,,,,,0
2002-06-09,20.98,32.521,5.65,,,,,0
2002-06-09,20.77,32.538000000000004,5.56,0.3,0.06,2.41,1.53,0
2002-06-09,20.96,32.587,,,,,,0
2002-06-09,19.87,32.663000000000004,5.61,0.27,0.09,2.96,2.77,0
2002-06-09,20.81,32.234,,,,,,0
2002-06-09,19.6,32.374,6.07,0.3,0.11,2.58,2.52,0
2002-06-09,18.87,32.449,,,,,,0
2002-06-09,18.25,33.452,6.1,0.33,0.26,3.61,3.19,0
2002-06-09,20.24,32.402,,,,,,0
2002-06-09,17.41,33.63,5.42,,,,,0
2002-06-09,18.57,33.31,5.38,0.15,0.22,1.8,6.96,0
2002-06-09,20.5,33.55,5.49,,,,,0
2002-06-09,19.84,33.47,5.4,0.12,0.15,1.63,6.99,0
2002-06-09,20.54,33.86,5.39,,,,,0
2002-06-09,20.87,33.86,5.48,,,,,0
2002-06-09,20.52,33.64,5.49,0.11,0.11,1.81,5.16,0
2002-06-09,18.98,33.44,5.42,,,,,0
2002-06-09,18.5,33.43,5.36,0.13,0.14,2.38,5.36,0
2002-06-18,20.47,33.426,6.12,0.11,0.1,5.8,7.67,0
2002-06-18,21.19,33.086,6.16,,,,,0
2002-06-18,21.25,33.041,5.95,0.02,0.04,5.59,,0
2002-06-18,21.44,33.499,5.71,0.19,0.03,2.37,8.04,0
2002-06-18,21.21,33.398,5.86,,,,,0
2002-06-18,19.29,33.535,5.92,0.26,0.05,5.24,11.43,0
2002-06-18,20.24,33.451,5.94,0.18,0.53,14.3,10.06,0
2002-06-18,19.62,33.442,5.54,,,,,0
2002-06-19,20.45,33.518,5.84,,,,,0
2002-06-19,21.11,32.78,5.33,0.07,0.15,7.84,11.49,0
2002-06-19,21.85,32.714,5.34,,,,,0
2002-06-19,22.6,33.171,5.4,,,,,0
2002-06-19,22.93,33.455,5.47,0.15,0.03,3.16,7.96,0
2002-06-19,21.42,32.285,5.61,,,,,0
2002-06-19,21.12,32.668,5.84,0.78,0.05,19.55,18.47,0
2002-06-19,20.85,33.402,5.93,,,,,0
2002-06-19,20.54,33.468,5.82,0.21,0.03,2.31,9.64,0
2002-06-19,20.83,33.431,5.82,,,,,0
2002-06-19,19.09,33.469,5.77,0.18,0.16,4.77,9.95,0
2002-06-19,18.28,33.415,6.16,,,,,0
2002-06-19,21.23,32.754,6.16,0.14,0.15,4.47,11.18,0
2002-06-19,20.43,33.017,6.15,,,,,0
2002-06-19,19.68,33.044000000000004,6.16,0.09,0.14,5.58,12.46,0
2002-06-21,20.41,33.245,5.97,0.04,0.23,5.17,12.56,0
2002-06-21,22.57,32.657,5.42,,,,,0
2002-06-21,23.63,33.729,4.88,,0.1,4.5,7.5,0
2002-06-21,24.09,34.029,4.82,,,,,0
2002-06-21,24.37,34.44,4.77,0.01,0.02,2.65,4.08,0
2002-06-21,24.43,33.823,5.57,,,,,0
2002-06-21,24.25,33.607,4.78,0.05,0.03,3.55,6.34,0
2002-06-21,22.99,32.21,5.11,,,,,0
2002-06-21,23.31,31.908,5.17,0.02,0.04,3.82,11.67,0
2002-06-21,23.26,31.471,5.38,,,,,0
2002-06-21,23.44,31.113000000000003,5.81,0.04,0.21,6.98,15.11,0
2002-06-21,23.8,31.092,4.68,,,,,0
2002-06-21,23.64,31.251,4.85,0.05,0.02,2.55,12.47,0
2002-06-22,23.82,31.124,4.78,,,,,0
2002-06-22,24.1,29.024,4.81,,,,,0
2002-06-22,24.02,28.06900000000001,4.8,0.02,0.23,19.21,11.58,0
2002-06-22,24.35,28.31,4.88,,,,,0
2002-06-22,24.12,28.067,5.45,0.06,0.15,13.72,14.67,0
2002-06-22,23.0,31.984,5.41,,,,,0
2002-06-22,22.95,31.913,5.36,0.02,0.03,2.64,11.78,0
2002-06-22,23.46,31.843000000000004,5.36,,,,,0
2002-06-22,23.6,31.479,5.28,0.05,0.03,2.42,14.52,0
2002-06-22,23.41,31.296,5.72,,,,,0
2002-06-26,20.29,32.278,5.67,0.05,0.06,2.62,14.52,0
2002-06-26,18.63,32.608000000000004,5.6,,,,,0
2002-06-26,18.16,32.861999999999995,5.47,0.12,0.24,5.63,12.59,0
2002-08-01,22.43,32.285,6.26,0.26,0.49,7.11,7.66,0
2002-08-01,24.64,32.695,4.93,,,,,0
2002-08-01,23.95,32.711,4.87,0.1,0.09,2.47,5.41,0
2002-08-01,25.23,32.989000000000004,4.86,0.1,0.06,3.6,4.14,0
2002-08-01,24.61,32.77,5.08,,,,,0
2002-08-01,24.31,32.825,5.02,0.08,0.05,3.37,4.34,0
2002-08-01,24.04,32.296,5.08,0.16,0.06,3.36,6.51,0
2002-08-01,23.01,32.376,5.26,,,,,0
2002-08-01,24.24,32.443000000000005,5.11,,,,,0
2002-08-01,24.89,32.859,4.84,0.41,0.07,3.51,4.64,0
2002-08-02,24.93,32.962,5.03,,,,,1
2002-08-02,25.42,32.86,4.99,,,,,1
2002-08-02,25.17,33.504,5.03,,,,,1
2002-08-02,24.96,33.671,4.9,0.06,0.07,3.48,4.47,1
2002-08-02,24.93,32.962,5.03,,,,,1
2002-08-02,25.33,32.993,4.81,0.03,0.22,6.67,4.23,1
2002-08-02,24.34,32.364000000000004,5.01,,,,,1
2002-08-02,24.42,32.114000000000004,5.3,0.12,0.24,7.95,9.69,1
2002-08-02,23.48,32.273,5.42,,,,,1
2002-08-02,23.85,32.244,5.31,0.11,0.29,6.2,6.89,1
2002-08-02,23.21,32.208,5.75,,,,,1
2002-08-02,24.44,31.675,5.26,0.01,0.07,3.22,8.54,1
2002-08-02,24.59,31.884,5.36,,,,,1
2002-08-02,24.49,32.568000000000005,5.1,0.03,0.09,3.29,6.95,1
2002-08-03,26.28,33.361999999999995,4.78,0.1,0.26,3.66,4.03,1
2002-08-03,24.72,32.437,5.09,,,,,1
2002-08-03,25.38,32.67,5.26,0.05,0.1,4.2,5.28,1
2002-08-03,25.13,32.699,5.39,,,,,1
2002-08-03,28.18,34.376,4.72,0.2,0.13,3.16,4.67,1
2002-08-03,27.61,33.67,4.79,,,,,1
2002-08-03,26.82,33.287,4.9,0.03,0.13,2.49,4.41,1
2002-08-03,27.75,32.469,4.98,,,,,1
2002-08-03,27.5,32.268,5.21,0.12,0.1,4.41,5.64,1
2002-08-03,27.59,32.356,4.66,,,,,1
2002-08-03,28.14,30.747,4.58,0.04,0.08,3.78,8.05,1
2002-08-03,28.57,29.608,4.73,,,,,1
2002-08-04,28.54,29.495,4.45,0.02,0.18,5.84,6.41,0
2002-08-04,28.04,30.63,4.48,,,,,0
2002-08-04,27.34,30.346,4.95,,,,,0
2002-08-04,27.32,30.23,4.58,0.03,0.08,4.36,7.33,0
2002-08-04,27.36,30.537,4.93,,,,,0
2002-08-04,27.63,30.492,4.77,0.01,0.1,,5.23,0
2002-08-04,28.13,30.126,4.94,,,,,0
2002-08-04,27.3,30.154,4.79,0.05,0.12,2.12,5.85,0
2002-08-04,28.38,30.152,4.6,,,,,0
2002-08-04,26.34,30.9,5.08,0.01,0.12,4.29,6.36,0
2002-08-04,26.78,31.947,4.49,,,,,0
2002-08-09,24.78,30.501,4.94,0.07,0.35,2.12,6.73,1
2002-08-09,20.58,31.482,5.04,0.39,0.66,5.17,5.06,1
2002-08-09,24.29,30.362,4.71,,,,,1
2002-08-09,21.36,31.488000000000003,4.6,0.14,0.2,6.22,7.19,1
2002-08-09,22.47,31.652,,,,,,1
2002-08-09,23.98,31.618,5.03,0.24,0.06,1.17,5.12,1
2002-08-09,25.02,31.773000000000003,,,,,,1
2002-08-09,25.37,31.626,4.72,0.28,0.1,0.2,3.64,1
2002-08-09,25.24,31.628,,,,,,1
2002-08-09,24.59,31.745,4.77,0.28,0.11,1.46,2.81,1
2002-08-09,24.33,31.38,5.04,,,,,1
2002-08-09,25.14,31.624,4.89,,,,,1
2002-08-09,25.1,31.523000000000003,4.77,0.39,0.16,0.12,5.23,1
2002-08-09,25.41,31.647,,,,,,1
2002-08-09,25.81,31.783,4.67,0.32,0.17,0.44,1.45,1
2002-08-10,25.85,31.829,,,,,,1
2002-08-10,25.7,31.799,4.84,0.39,0.05,0.25,3.0,1
2002-08-10,25.54,31.736,,,,,,1
2002-08-10,24.56,31.498,4.89,0.37,0.05,0.62,6.06,1
2002-08-10,24.76,31.048,,,,,,1
2002-08-10,24.35,31.31900000000001,4.55,0.57,0.56,1.83,9.04,1
2002-08-13,18.71,32.68,4.66,0.36,0.31,3.94,6.85,0
2002-08-13,24.33,30.626,4.68,0.46,0.24,3.87,9.4,0
2002-08-13,19.93,32.68,4.67,,,,,0
2002-08-13,20.88,33.35,4.65,0.35,0.36,3.63,6.02,0
2002-08-13,23.43,31.529,,,,,,0
2002-08-13,24.58,31.398000000000003,5.08,0.92,0.07,0.61,4.0,0
2002-08-13,20.18,32.64,4.8,,,,,0
2002-08-13,24.59,31.275,,,,,,0
2002-08-13,22.4,32.97,4.54,0.45,0.32,3.86,4.56,0
2002-08-13,25.07,31.597,4.77,0.47,0.12,0.94,9.59,0
2002-08-13,25.07,31.597,,,,,,0
2002-08-13,21.81,32.16,4.73,,,,,0
2002-08-13,25.74,31.952,4.74,0.43,0.04,1.2,13.01,0
2002-08-13,21.64,32.36,5.54,0.69,0.2,3.26,4.34,0
2002-08-13,25.66,32.036,,,,,,0
2002-08-13,25.65,31.695,4.8,0.38,0.05,0.98,11.51,0
2002-08-13,25.66,31.916,4.75,,,,,0
2002-08-13,23.14,32.85,4.43,0.24,0.34,2.74,3.83,0
2002-08-14,23.22,32.88,4.56,,,,,0
2002-08-14,25.34,31.994,4.95,,,,,0
2002-08-14,22.5,32.51,4.7,0.25,0.21,3.88,4.44,0
2002-08-14,25.4,31.956,4.93,0.51,0.16,0.7,1.53,0
2002-08-14,25.08,31.65,,,,,,0
2002-08-14,22.21,32.57,4.64,,,,,0
2002-08-14,24.79,31.642,4.93,0.49,0.08,0.43,3.22,0
2002-08-14,21.7,32.79,4.71,0.33,0.44,3.4,5.81,0
2002-08-14,24.61,31.465,,,,,,0
2002-08-14,23.81,31.354,5.42,0.5,0.08,1.15,4.99,0
2002-08-14,22.14,32.57,4.69,,,,,0
2002-08-14,21.64,31.707,,,,,,0
2002-08-14,21.63,33.1,4.7,0.27,0.35,3.7,7.0,0
2002-08-14,26.98,30.25,4.93,0.77,0.57,2.17,2.75,0
2002-08-14,22.12,31.977,4.73,0.98,0.24,6.64,16.48,0
2002-08-14,19.58,32.93,4.84,,,,,0
2002-08-14,19.16,32.73,4.93,0.35,0.34,4.82,6.35,0
2002-08-14,27.56,30.42,4.97,,,,,0
2002-08-14,18.47,32.77,4.86,0.41,0.36,,6.76,0
2002-08-14,27.92,29.76,4.77,0.56,0.44,2.34,2.59,0
2002-08-14,27.81,30.25,4.8,,,,,0
2002-08-14,27.89,30.31,4.93,0.49,0.43,0.56,3.43,0
2002-08-14,27.72,30.26,5.1,,,,,0
2002-08-14,27.61,28.56,5.55,0.4,0.38,0.89,2.16,0
2002-08-14,27.77,29.43,5.14,,,,,0
2002-08-14,27.36,29.17,5.86,0.24,0.44,2.76,4.09,0
2002-08-15,26.89,29.76,5.22,0.22,0.64,3.29,3.91,1
2002-08-15,26.99,26.92,5.9,0.7,0.81,2.24,3.6,1
2002-08-15,26.6,27.26,5.62,0.61,0.18,2.1,2.18,1
2002-08-15,26.82,28.07,5.9,,,,,1
2002-08-15,26.87,28.33,5.86,0.53,0.81,0.13,19.65,1
2002-08-15,26.9,29.28,5.4,,,,,1
2002-08-15,27.08,28.38,5.45,0.25,0.8,1.32,1.85,1
2002-08-15,27.53,29.17,4.78,,,,,1
2002-08-15,27.56,29.11,5.02,0.24,0.11,2.96,2.2,1
2002-08-15,27.31,29.46,5.09,,,,,1
2002-08-15,26.94,31.68,5.02,0.09,0.07,1.37,2.42,1
2002-08-15,27.57,32.27,5.55,0.08,0.18,1.24,2.84,1
2002-08-15,27.14,32.28,4.49,0.06,0.17,12.24,6.07,1
2002-08-15,27.13,32.22,4.87,0.07,0.11,0.34,6.78,1
2002-08-15,26.79,30.14,5.89,,,,,1
2002-08-16,27.01,28.88,5.74,0.1,0.09,3.35,2.44,0
2002-08-16,26.89,29.12,5.09,,,,,0
2002-08-16,26.73,27.72,5.08,0.04,0.16,3.06,4.0,0
2002-08-16,26.2,25.44,5.17,,,,,0
2002-08-16,26.52,25.31,5.15,0.11,0.28,7.17,5.07,0
2002-08-16,26.86,27.47,5.36,,,,,0
2002-08-16,19.03,32.66,4.84,0.48,0.29,,7.07,0
2002-08-16,19.6,32.6,4.87,,,,,0
2002-08-16,26.19,21.65,6.04,0.38,0.27,3.89,4.2,0
2002-08-16,20.23,32.75,4.68,0.42,0.29,2.08,6.89,0
2002-08-16,21.06,32.87,4.65,,,,,0
2002-08-16,26.16,22.82,6.18,0.38,0.2,4.25,5.86,0
2002-08-16,21.68,32.26,4.68,0.42,0.22,2.62,5.59,0
2002-08-16,19.59,31.97,,,,,,0
2002-08-16,19.04,31.996,5.55,0.65,0.36,2.11,11.12,0
2002-08-16,21.74,32.57,4.69,,,,,0
2002-08-16,19.66,31.82800000000001,,,,,,0
2002-08-16,22.15,32.56,4.69,0.34,0.18,2.54,5.64,0
2002-08-16,23.8,31.603,4.92,0.56,0.12,0.79,2.5,0
2002-08-16,22.98,32.93,4.63,,,,,0
2002-08-16,24.55,31.22,,,,,,0
2002-08-16,24.48,31.329,4.96,0.51,0.18,0.41,3.76,0
2002-08-16,23.11,32.99,4.44,0.37,0.17,2.7,5.49,0
2002-08-16,23.42,33.12,4.31,0.26,0.13,2.93,5.21,0
2002-08-17,24.52,31.43,4.79,,,,,0
2002-08-17,23.63,30.783,4.9,0.64,0.06,0.49,6.55,0
2002-08-17,22.59,32.5,4.18,,,,,0
2002-08-17,22.32,30.684,,,,,,0
2002-08-17,22.43,32.47,4.16,0.37,0.24,3.87,6.39,0
2002-08-17,20.16,31.763,5.52,0.61,0.03,1.13,9.18,0
2002-08-17,24.4,29.237,,,,,,0
2002-08-17,21.95,32.47,4.17,,,,,0
2002-08-17,24.74,28.403,4.88,0.4,0.25,1.19,5.52,0
2002-08-17,22.41,32.34,3.81,0.36,0.22,2.34,6.05,0
2002-08-17,24.99,28.428,,,,,,0
2002-08-17,20.5,32.87,4.65,,,,,0
2002-08-17,25.23,28.256,5.05,0.16,0.33,1.05,5.54,0
2002-08-17,25.09,28.871,,,,,,0
2002-08-17,20.54,31.85,4.68,0.31,0.3,4.2,6.05,0
2002-08-17,19.94,31.97,4.69,,,,,0
2002-08-17,24.52,31.43,4.79,,,,,0
2002-08-17,22.29,31.34,4.53,0.55,0.26,,7.39,0
2002-08-17,22.48,31.9,4.26,,,,,0
2002-08-17,22.32,33.99,4.15,0.49,0.39,3.76,6.86,0
2002-08-18,24.74,32.54,4.13,,,,,0
2002-08-18,25.61,32.98,4.13,,,,,0
2002-08-18,23.19,31.85,4.18,0.45,0.23,2.96,6.84,0
2002-08-18,22.49,31.76,4.26,,,,,0
2002-08-18,22.91,32.3,4.12,,,,,0
2002-08-18,22.45,31.78,4.13,0.51,0.22,2.96,7.25,0
2002-08-21,22.26,31.15,4.12,,,,,0
2002-08-21,22.92,32.08,4.09,0.2,0.36,3.11,6.29,0
2002-08-21,22.22,31.87,4.18,,,,,0
2002-08-21,22.89,31.98,4.09,0.28,0.33,2.34,6.02,0
2002-08-21,24.62,32.98,4.18,,,,,0
2002-08-21,24.3,33.0,4.17,0.34,0.12,2.82,5.96,0
2002-08-21,24.88,33.4,4.11,,,,,0
2002-08-21,24.24,33.61,4.15,0.23,0.11,2.76,3.99,0
2002-08-22,24.01,33.45,4.15,,,,,1
2002-08-22,22.56,31.93,4.13,0.49,0.43,3.15,3.31,1
2002-08-22,24.43,32.95,4.22,,,,,1
2002-08-22,22.76,32.19,4.12,0.26,0.1,3.48,5.91,1
2002-08-22,21.12,32.06,4.19,,,,,1
2002-08-22,22.27,31.9,4.07,0.27,0.36,3.66,5.55,1
2002-08-22,22.26,31.93,4.14,,,,,1
2002-10-03,18.06,33.3,4.25,,,,,0
2002-10-08,20.64,31.206,4.96,0.36,0.48,7.37,12.92,0
2002-10-08,22.42,31.14,5.15,,,,,0
2002-10-08,22.39,30.874,5.23,0.12,0.14,2.78,3.82,0
2002-10-08,22.08,30.889,5.12,0.07,0.14,2.66,3.89,0
2002-10-08,22.2,30.635,5.23,,,,,0
2002-10-09,20.12,31.493,5.16,,,,,0
2002-10-09,19.73,31.542,,,,,,0
2002-10-09,19.41,31.809,5.21,0.39,0.23,0.16,3.79,0
2002-10-09,19.41,31.792,,,,,,0
2002-10-09,19.32,31.928,5.32,0.24,0.09,0.29,1.35,0
2002-10-09,19.25,32.077,,,,,,0
2002-10-09,21.11,32.03,5.33,0.42,0.15,0.21,5.21,0
2002-10-09,19.77,32.004,5.38,,,,,0
2002-10-09,20.21,31.908,5.21,,,,,0
2002-10-09,19.94,31.962,5.39,0.2,0.22,1.26,3.73,0
2002-10-09,19.87,31.62,,,,,,0
2002-10-10,20.06,31.751,5.44,0.22,0.13,0.86,4.64,0
2002-10-10,19.92,31.523000000000003,,,,,,0
2002-10-10,19.95,31.466,5.2,,,,,0
2002-10-10,19.88,31.662,,,,,,0
2002-10-10,19.39,31.566,5.28,0.37,0.46,2.07,7.07,0
2002-10-10,19.96,32.258,4.52,0.38,0.79,9.05,16.77,0
2002-10-10,19.43,31.55,,,,,,0
2002-10-10,19.6,31.575,5.14,0.51,0.36,1.79,7.85,0
2002-10-10,21.4,31.024,5.04,0.1,0.25,3.27,6.09,0
2002-10-10,21.37,30.583,5.24,,,,,0
2002-10-10,21.51,31.379,5.37,0.06,0.2,4.36,4.2,0
2002-10-10,20.76,31.523000000000003,5.87,,,,,0
2002-10-10,20.99,31.612,5.48,0.09,0.33,8.16,8.18,0
2002-10-10,22.47,31.53,5.05,,,,,0
2002-10-10,24.31,33.084,4.92,0.08,0.11,2.79,8.04,0
2002-10-10,25.1,32.747,4.8,,,,,0
2002-10-10,25.1,32.747,4.8,,,,,0
2002-10-10,24.21,32.153,4.95,,,,,0
2002-10-10,23.98,32.647,5.02,0.06,0.11,1.98,5.89,0
2002-10-11,21.69,31.115,5.25,,,,,0
2002-10-11,20.72,30.977,5.45,,,,,0
2002-10-11,20.33,30.809,5.48,0.16,0.35,3.86,9.34,0
2002-10-11,19.96,31.522,5.4,,,,,0
2002-10-11,22.5,31.39,5.04,0.09,0.14,3.79,8.85,0
2002-10-11,22.47,31.708,5.04,,,,,0
2002-10-11,23.17,32.898,4.96,0.08,0.17,3.82,6.11,0
2002-10-11,20.02,31.229,4.88,0.54,0.68,2.55,6.53,0
2002-10-11,20.58,31.394,,,,,,0
2002-10-11,23.25,33.053000000000004,5.29,0.09,0.16,3.87,6.87,0
2002-10-11,19.94,31.586,,,,,,0
2002-10-11,19.61,31.579,,0.43,0.47,1.97,7.89,0
2002-10-11,20.58,31.394,,,,,,0
2002-10-11,20.89,31.318,5.23,0.15,0.27,0.83,3.91,0
2002-10-11,20.89,31.058000000000003,,,,,,0
2002-10-11,20.89,31.058000000000003,,,,,,0
2002-10-11,20.99,30.962,5.24,0.18,0.23,1.31,3.74,0
2002-10-11,20.9,31.091,,,,,,0
2002-10-11,21.11,31.084,5.29,0.2,0.17,0.85,4.78,0
2002-10-11,20.82,32.226,5.14,,,,,0
2002-10-11,21.19,32.238,5.11,,,,,0
2002-10-12,20.91,31.425,5.3,0.14,0.17,1.53,2.89,0
2002-10-12,20.82,31.246,,,,,,0
2002-10-12,21.12,31.19,5.15,0.22,0.19,0.82,3.43,0
2002-10-12,20.58,31.148000000000003,,,,,,0
2002-10-12,20.43,31.105,5.22,0.18,0.19,0.82,2.95,0
2002-10-12,19.65,31.275,,,,,,0
2002-10-12,19.83,31.132,5.16,1.02,0.32,10.19,12.57,0
2002-10-13,23.18,33.109,5.14,,,,,0
2002-10-13,23.99,33.302,5.05,0.11,0.11,3.77,5.9,0
2002-10-13,24.51,33.073,4.84,,,,,0
2002-10-13,24.67,33.603,4.88,0.08,0.11,1.87,6.95,0
2002-10-13,24.94,33.086,5.25,,,,,0
2002-10-13,24.55,32.973,4.95,0.15,0.12,2.83,6.56,0
2002-10-13,24.15,32.966,4.94,,,,,0
2002-10-13,24.29,32.875,4.83,0.18,0.2,8.68,9.02,0
2002-10-13,23.04,32.035,5.16,,,,,0
2002-10-13,22.96,31.662,4.92,0.25,0.19,6.72,9.58,0
2002-10-14,22.91,31.474,4.8,,,,,0
2002-10-14,22.78,31.445,5.24,0.13,0.21,4.95,9.03,0
2002-10-14,22.23,30.73,5.22,,,,,0
2002-10-14,21.38,30.559,5.04,,,,,0
2002-10-14,21.79,30.722,5.23,0.11,0.17,5.59,8.34,0
2002-10-14,22.11,30.806,5.22,,,,,0
2002-10-14,23.01,31.79,5.26,0.13,0.17,7.83,9.36,0
2002-10-14,22.17,31.445,5.26,,,,,0
2002-10-14,23.58,31.874,5.32,0.18,0.23,7.83,10.26,0
2002-10-14,22.19,30.6,5.29,,,,,0
2002-10-14,22.47,31.106,5.76,0.13,0.09,3.77,5.8,0
2002-10-14,23.05,31.479,5.54,,,,,0
2002-10-14,19.32,31.427,,,,,,0
2002-10-14,18.85,31.556,5.81,0.3,0.25,4.02,5.01,0
2002-10-16,20.26,31.583,,,,,,0
2002-10-16,20.23,31.531,5.47,0.22,0.23,1.45,3.02,0
2002-10-16,20.1,31.609,,,,,,0
2002-10-16,20.77,31.355,5.28,0.12,0.27,0.74,1.7,0
2002-10-16,20.99,31.369,5.09,,,,,0
2002-10-16,21.22,31.329,5.24,,,,,0
2002-10-16,21.56,31.06,5.24,0.21,0.25,1.38,4.02,0
2002-10-17,21.94,31.024,,,,,,0
2002-10-17,19.64,31.548,5.34,0.26,0.18,2.85,2.84,0
2002-10-17,21.3,31.236,,,,,,0
2002-10-17,21.24,31.211,5.12,0.22,0.25,1.33,2.56,0
2002-10-17,21.31,31.233,,,,,,0
2002-10-17,21.53,31.478,6.15,0.15,0.2,0.92,7.11,0
2002-10-17,21.18,31.429,,,,,,0
2002-10-17,22.69,32.143,5.49,0.14,0.28,7.01,9.1,0
2002-10-17,22.22,31.195,5.52,,,,,0
2002-10-17,20.34,31.612,5.5,0.23,0.32,7.76,8.83,0
2002-10-17,18.88,32.68,4.99,0.27,0.27,4.86,7.81,0
2002-10-17,18.82,32.75,4.69,,,,,0
2002-10-17,18.67,32.85,5.05,0.27,0.27,4.63,6.82,0
2002-10-17,18.2,32.82,4.1,,,,,0
2002-10-18,18.9,32.41,5.28,0.25,0.24,3.14,8.63,0
2002-10-18,21.79,32.15,4.45,,,,,0
2002-10-18,21.99,32.66,4.59,0.25,0.28,3.12,3.81,0
2002-10-18,21.04,32.96,4.67,0.31,0.84,2.64,4.69,0
2002-10-18,20.76,33.04,4.19,,,,,0
2002-10-18,20.32,32.94,4.91,0.29,0.22,2.51,0.05,0
2002-10-18,20.85,32.83,4.87,,,,,0
2002-10-18,22.64,33.07,4.44,0.49,0.14,2.87,4.26,0
2002-10-18,22.2,32.9,4.12,,,,,0
2002-10-23,18.2,32.17,4.44,0.34,0.52,3.64,7.28,0
2002-10-23,17.28,33.05,4.52,,,,,0
2002-10-23,17.01,33.0,4.54,0.36,0.33,3.99,6.88,0
2002-10-23,17.38,32.89,4.84,0.46,0.24,3.72,7.84,0
2002-10-25,17.06,32.35,4.73,0.41,0.43,5.45,8.86,0
2002-10-25,17.03,32.54,4.86,,,,,0
2002-10-25,16.78,33.06,4.08,0.29,0.16,4.74,8.8,0
2002-10-25,20.82,33.08,4.63,,,,,0
2002-10-25,19.96,33.13,4.68,0.49,0.24,3.77,5.77,0
2002-10-25,19.16,33.1,4.43,,,,,0
2002-10-25,18.01,32.78,3.91,0.43,0.2,2.71,6.65,0
2002-10-25,18.15,32.93,4.27,,,,,0
2002-10-26,19.07,33.07,4.21,0.48,0.2,2.83,6.93,0
2002-10-26,18.93,33.1,4.76,0.46,0.14,2.29,5.99,0
2002-10-26,18.76,33.06,4.27,,,,,0
2002-10-28,11.05,32.536,,,,,,0
2002-10-30,18.3,32.67,3.99,,,,,0
2002-10-30,17.81,33.32,4.01,0.4,0.27,2.8,6.86,0
2002-10-30,17.56,32.93,4.08,,,,,0
2002-10-30,20.59,33.58,4.48,0.5,0.31,3.04,6.2,0
2002-10-30,20.64,33.7,4.55,,,,,0
2002-10-30,19.65,33.21,4.1,0.37,0.42,6.79,8.18,0
2002-10-30,18.45,32.72,4.57,,,,,0
2002-10-30,18.3,32.67,3.99,,,,,0
2002-10-30,18.0,32.46,3.95,,,,,0
2002-10-30,19.42,33.21,4.07,0.36,0.3,3.99,4.62,0
2002-10-30,19.58,32.96,3.88,,,,,0
2002-10-31,20.55,33.58,4.53,0.51,0.19,2.89,4.79,0
2002-10-31,18.4,33.21,4.14,,,,,0
2002-10-31,17.69,33.15,4.55,0.35,0.14,3.07,7.24,0
2002-10-31,19.42,33.41,4.25,0.3,0.48,2.45,4.66,0
2002-10-31,19.62,33.33,3.98,,,,,0
2002-10-31,20.25,33.24,4.2,0.38,0.41,4.21,7.97,0
2002-10-31,19.0,32.85,4.6,,,,,0
2002-10-31,19.98,33.02,4.26,0.4,0.42,5.79,6.73,0
2002-10-31,19.44,32.86,4.67,,,,,0
2002-10-31,13.13,34.049,5.23,0.5,0.34,10.13,10.94,0
2002-11-05,20.49,32.769,5.65,1.17,0.66,5.95,14.82,0
2002-11-05,20.76,32.945,5.6,1.02,0.51,3.77,10.68,0
2002-11-05,21.0,32.549,,,,,,0
2002-11-05,21.25,32.599000000000004,5.52,0.85,0.68,4.2,13.3,0
2002-11-05,21.45,32.802,5.32,,,,,0
2002-11-05,21.76,33.065,5.05,0.57,1.02,2.42,13.71,0
2002-11-05,20.85,32.99,4.86,,,,,0
2002-11-05,17.6,32.85,3.76,,,,,0
2002-11-05,16.33,32.51,3.95,0.38,0.31,4.11,6.59,0
2002-11-05,21.62,33.36,5.19,0.67,0.89,5.0,10.94,0
2002-11-05,17.97,33.3,3.96,,,,,0
2002-11-05,21.5,33.405,4.95,,,,,0
2002-11-05,19.63,33.55,4.1,0.24,0.4,4.1,5.64,0
2002-11-05,21.9,32.827,4.96,0.52,0.62,3.52,10.42,0
2002-11-05,18.91,33.23,4.21,,,,,0
2002-11-06,19.97,33.65,3.97,,,,,0
2002-11-06,19.72,33.46,4.37,0.37,0.2,4.32,5.26,0
2002-11-06,19.97,33.65,3.97,,,,,0
2002-11-06,22.52,34.101,4.78,0.54,0.56,2.83,8.13,0
2002-11-06,19.72,33.46,4.37,0.37,0.2,4.32,5.26,0
2002-11-06,22.07,33.988,4.99,0.55,0.6,1.88,9.14,0
2002-11-06,17.23,32.72,3.87,,,,,0
2002-11-06,16.57,32.72,4.35,0.42,0.23,4.99,6.21,0
2002-11-06,20.92,33.572,4.83,,,,,0
2002-11-06,21.04,33.672,4.57,0.79,0.7,3.94,16.34,0
2002-11-06,21.22,33.718,4.53,,,,,0
2002-11-06,20.9,32.698,4.8,0.78,1.16,5.98,15.21,0
2002-11-06,21.35,32.733000000000004,4.96,,,,,0
2002-11-06,20.4,32.384,5.05,0.72,0.5,4.06,12.89,0
2002-11-06,20.81,32.718,5.24,,,,,0
2002-11-06,20.44,33.107,5.32,1.05,0.25,4.54,11.57,0
2002-11-06,20.13,32.782,5.18,1.83,0.28,6.25,18.28,0
2002-11-06,19.53,32.562,5.44,1.86,0.41,8.55,24.42,0
2002-11-06,19.95,33.126999999999995,5.45,1.52,0.41,8.98,22.02,0
2002-11-07,20.45,32.664,5.28,,,,,0
2002-11-07,20.17,32.587,5.23,1.32,0.99,4.34,18.98,0
2002-11-07,20.0,32.43,5.04,,,,,0
2002-11-07,20.17,32.45,5.18,0.46,1.67,3.65,13.13,0
2002-11-07,20.7,33.059,5.21,,,,,0
2002-11-07,20.47,32.786,5.37,0.43,1.61,3.58,11.16,0
2002-11-07,21.39,33.883,5.21,,,,,0
2002-11-07,22.55,34.267,5.19,0.13,0.14,0.78,3.46,0
2002-11-07,22.49,34.292,5.31,0.11,0.3,1.03,3.14,0
2002-12-03,15.71,34.181999999999995,5.48,0.4,0.35,13.46,8.62,0
2002-12-03,17.38,33.729,5.4,,,,,0
2002-12-03,16.49,33.723,5.49,0.2,0.29,10.0,8.54,0
2002-12-04,15.84,33.854,5.86,0.15,0.78,9.97,5.96,0
2002-12-04,15.25,33.79,5.58,,,,,0
2002-12-04,15.08,33.757,5.35,0.56,0.45,9.42,9.23,0
2002-12-04,13.41,33.375,5.74,0.39,0.44,9.64,7.5,0
2002-12-04,15.44,33.611999999999995,5.27,,,,,0
2002-12-04,18.78,34.059,5.23,,,,,0
2002-12-05,19.54,34.08,5.21,0.39,0.43,8.1,4.26,0
2002-12-05,19.66,34.257,5.46,,,,,0
2002-12-05,19.95,34.128,4.44,,,,,0
2002-12-05,19.57,34.193000000000005,4.84,0.38,0.5,7.8,4.89,0
2002-12-05,18.1,33.846,4.86,,,,,0
2002-12-05,14.89,33.357,5.31,0.28,0.49,9.81,4.31,0
2002-12-05,14.87,33.563,5.5,,,,,0
2002-12-05,16.1,33.657,5.22,0.5,0.39,9.09,6.93,0
2002-12-05,14.85,33.477,5.73,,,,,0
2002-12-05,11.92,32.889,6.02,0.68,0.6,9.48,11.34,0
2002-12-05,13.64,33.179,6.18,,,,,0
2002-12-05,17.61,33.65,6.02,0.31,0.66,6.28,6.15,0
2002-12-05,19.57,34.175,5.68,,,,,0
2002-12-05,19.49,34.059,5.38,0.2,0.6,6.85,6.47,0
2002-12-11,18.35,34.125,5.45,,,,,0
2002-12-11,19.96,34.122,5.31,,,,,0
2002-12-11,18.83,34.265,5.26,0.33,0.53,6.27,5.76,0
2002-12-11,17.99,33.959,5.35,,,,,0
2002-12-11,19.39,34.402,5.44,0.48,0.8,6.26,3.65,0
2002-12-11,19.49,34.22,5.38,,,,,0
2002-12-11,19.35,34.243,5.4,0.22,0.61,5.64,4.55,0
2002-12-11,19.24,34.098,5.21,,,,,0
2002-12-11,18.98,33.803000000000004,5.19,0.27,1.27,6.69,5.38,0
2002-12-11,17.7,33.771,5.58,,,,,0
2002-12-11,18.45,33.842,5.46,0.25,0.54,5.65,7.8,0
2002-12-12,18.02,33.832,5.22,,,,,0
2002-12-12,17.73,33.606,5.67,0.27,0.63,7.84,11.83,0
2002-12-12,17.05,33.324,5.6,,,,,0
2002-12-12,15.67,33.007,5.74,,,,,0
2002-12-12,15.79,32.733000000000004,5.62,0.24,0.49,13.25,14.71,0
2002-12-12,15.41,33.149,5.47,,,,,0
2002-12-12,15.73,33.111999999999995,5.69,0.21,0.62,10.89,10.82,0
2002-12-12,16.07,33.361,5.38,,,,,0
2002-12-12,15.85,33.325,5.32,0.24,0.66,15.59,14.31,0
2002-12-12,16.94,33.336,5.29,,,,,0
2002-12-12,17.5,33.507,5.38,0.27,0.89,16.12,10.36,0
2002-12-12,17.35,33.666,5.34,,,,,0
2002-12-12,15.76,33.298,5.39,0.23,0.93,15.59,12.01,0
2002-12-12,16.01,33.129,5.29,,,,,0
2002-12-12,13.4,32.747,5.96,0.43,0.75,16.99,15.99,0
2002-12-14,16.16,34.09,4.44,0.44,0.38,6.63,11.11,0
2002-12-14,16.34,33.96,4.44,,,,,0
2002-12-14,17.24,34.21,4.47,0.35,0.19,5.48,10.55,0
2002-12-14,17.49,34.29,4.52,,,,,0
2002-12-14,16.47,34.13,4.72,,,,,0
2002-12-14,16.07,33.9,4.44,0.45,0.36,5.4,8.15,0
2002-12-14,15.68,33.64,4.31,,,,,0
2002-12-14,15.35,33.3,4.37,0.3,0.42,6.62,10.52,0
2002-12-14,13.95,33.56,4.38,,,,,0
2002-12-15,14.0,33.85,4.64,,,,,0
2002-12-15,13.64,33.88,4.66,0.33,0.32,5.43,10.95,0
2002-12-15,14.86,34.05,4.63,,,,,0
2002-12-15,13.64,33.9,4.57,0.32,0.29,4.44,9.13,0
2002-12-15,14.97,34.08,4.57,,,,,0
2002-12-15,15.43,33.85,4.42,0.39,0.16,4.41,8.54,0
2002-12-15,15.43,33.85,4.42,0.39,0.16,4.41,8.54,0
2002-12-15,16.74,34.19,4.72,,,,,0
2002-12-15,13.71,33.91,4.52,0.21,0.18,4.34,9.11,0
2002-12-15,15.6,33.83,4.53,,,,,0
2002-12-15,15.37,34.01,4.8,0.33,0.16,3.66,8.5,0
2002-12-15,15.64,33.92,4.44,,,,,0
2002-12-15,15.69,33.9,4.43,0.36,0.21,5.34,7.93,0
2002-12-15,15.55,34.09,4.78,,,,,0
2002-12-15,15.54,34.04,4.5,0.44,0.29,6.43,9.29,0
2002-12-15,14.71,33.89,4.57,,,,,0
2002-12-17,13.8,33.086,,,,,,0
2002-12-18,12.65,32.919000000000004,6.03,0.81,0.21,13.52,16.15,0
2002-12-18,11.22,31.18,,,,,,0
2002-12-18,11.33,32.602,5.6,0.91,0.27,13.21,13.98,0
2002-12-18,11.55,31.941,,,,,,0
2002-12-20,14.96,34.08,4.6,,,,,0
2002-12-20,15.36,34.07,4.77,0.28,0.35,4.34,9.52,0
2002-12-20,13.78,33.94,4.73,,,,,0
2002-12-20,12.67,33.86,4.78,0.34,0.33,4.24,9.2,0
2002-12-20,12.44,33.69,4.84,,,,,0
2002-12-20,12.05,33.77,4.88,0.33,0.24,3.82,9.72,0
2002-12-20,14.16,33.91,4.65,,,,,0
2002-12-20,14.19,33.76,4.56,0.3,0.17,3.84,7.44,0
2002-12-21,12.05,33.8,4.7,0.33,0.18,3.39,8.07,0
2002-12-21,14.07,33.96,4.75,,,,,0
2002-12-21,14.69,34.1,4.63,0.29,0.12,3.98,10.44,0
2002-12-21,10.3,33.76,5.22,,,,,0
2002-12-21,12.76,33.7,4.71,0.32,0.28,2.9,9.16,0
2002-12-21,12.76,33.7,4.71,0.32,0.28,2.9,9.16,0
2002-12-21,14.71,33.8,4.49,,,,,0
2002-12-21,11.74,32.871,5.85,1.15,0.37,9.57,11.37,0
2002-12-21,13.82,33.95,5.26,0.45,0.36,5.41,12.53,0
2002-12-21,11.33,32.681999999999995,,,,,,0
2002-12-21,7.46,33.57,5.63,,,,,0
2002-12-21,11.33,32.681999999999995,,,,,,0
2002-12-21,11.71,32.68,6.15,0.44,0.44,8.9,9.34,0
2002-12-21,7.72,33.59,5.28,0.4,0.31,6.91,8.07,0
2002-12-21,11.64,32.503,6.48,,,,,0
2002-12-28,10.84,32.332,7.14,0.75,0.66,25.73,12.2,0
2002-12-28,9.89,32.079,,,,,,0
2002-12-28,6.65,33.52,5.79,0.35,0.34,5.16,7.76,0
2002-12-28,6.6,33.55,5.81,0.35,0.34,5.39,8.78,0
2002-12-28,6.65,33.52,5.79,0.35,0.34,5.16,7.76,0
2002-12-28,6.55,33.53,5.67,,,,,0
2002-12-28,9.41,33.85,5.38,0.38,0.25,4.42,11.39,0
2002-12-28,12.28,33.94,4.92,,,,,0
2002-12-28,13.04,33.98,4.84,0.42,0.37,6.2,12.59,0
2002-12-28,10.89,32.353,6.03,,,,,0
2002-12-28,10.95,32.295,6.24,0.55,0.38,7.84,9.81,0
2002-12-28,10.93,32.608000000000004,,,,,,0
2002-12-28,10.97,32.706,6.58,0.78,0.16,10.24,13.06,0
2002-12-30,8.71,32.188,7.0,0.67,0.18,11.37,11.9,0
2002-12-30,8.69,32.251,,,,,,0
2002-12-30,9.51,32.212,,,,,,0
2002-12-30,9.44,32.211,7.05,0.77,0.08,10.2,12.36,0
2002-12-30,9.14,32.287,,,,,,0
2002-12-30,9.22,32.289,6.43,0.64,0.15,9.83,11.19,0
2002-12-30,9.52,32.405,,,,,,0
2002-12-30,9.35,32.223,6.72,0.54,0.14,7.52,10.05,0
2002-12-30,9.5,32.257,6.4,,,,,0
2002-12-30,9.43,32.253,6.55,,,,,0
2002-12-30,9.32,32.261,6.9,0.65,0.47,6.94,9.16,0
2002-12-30,8.95,32.259,,,,,,0
2002-12-30,8.96,32.265,6.73,0.51,0.38,7.16,9.89,0
2002-12-30,8.96,32.265,6.73,0.51,0.38,7.16,9.89,0
2002-12-30,8.69,32.251,,,,,,0
2002-12-31,9.1,32.324,6.7,,,,,0
2002-12-31,9.14,32.247,6.72,0.69,0.17,9.37,10.03,0
2002-12-31,9.29,32.219,,,,,,0
2002-12-31,9.05,32.118,6.76,0.43,0.32,5.72,6.6,0
2002-12-31,8.71,32.097,,,,,,0
2002-12-31,7.96,31.991,7.18,0.66,0.06,6.66,7.6,0
2002-12-31,9.14,32.247,6.72,0.69,0.17,9.37,10.03,0
2002-12-31,7.23,31.899,7.17,0.54,0.2,8.61,9.53,0
2002-12-31,8.29,31.946,,,,,,0
2002-12-31,8.86,32.116,6.82,0.54,0.2,5.42,6.99,0
2002-12-31,8.1,31.987,,,,,,0
2002-12-31,8.17,32.097,6.79,0.53,0.18,4.62,5.68,0
2002-12-31,8.5,32.33,6.61,0.44,0.2,3.67,6.53,0
2002-12-31,8.62,32.303000000000004,,,,,,0
2002-12-31,9.13,32.287,6.9,0.63,0.54,5.08,8.44,0
2002-12-31,9.1,32.324,6.7,,,,,0
2002-12-31,9.14,32.439,6.92,,,,,0
2002-12-31,9.0,32.446,6.93,0.47,0.2,4.85,7.99,0
2002-12-31,8.52,32.378,,,,,,0
2002-12-31,7.74,32.145,6.8,0.55,0.22,6.15,4.89,0
2002-12-31,7.43,32.005,,,,,,0
2002-12-31,7.85,32.07,6.91,0.47,0.36,0.16,3.73,0
2003-01-01,6.48,31.696,,,,,,0
2003-01-01,6.49,31.522,6.98,0.69,0.13,8.87,8.22,0
2003-01-08,5.45,33.77,5.77,0.44,0.39,5.79,8.96,0
2003-01-08,5.68,33.71,5.83,,,,,0
2003-01-08,5.68,33.73,5.82,0.32,0.31,4.96,9.46,0
2003-01-08,5.29,33.66,5.63,,,,,0
2003-01-08,7.36,33.67,5.43,0.28,0.58,7.64,9.49,0
2003-01-08,10.61,33.92,5.32,,,,,0
2003-01-08,10.01,33.53,5.33,0.36,0.32,6.89,8.72,0
2003-01-09,10.68,33.93,4.73,0.41,0.22,6.78,8.21,0
2003-01-09,10.52,33.92,4.84,,,,,0
2003-01-09,10.85,33.93,5.08,0.35,0.17,6.19,8.99,0
2003-01-09,11.06,33.93,5.11,,,,,0
2003-02-06,2.75,32.657,,0.7,0.12,10.56,11.36,0
2003-02-06,11.63,34.047,6.0,0.52,0.32,11.12,12.39,0
2003-02-06,2.65,31.58,,,,,,0
2003-02-06,12.89,34.229,6.0,,,,,0
2003-02-06,13.01,33.789,5.92,0.46,0.24,6.77,10.59,0
2003-02-06,4.19,31.989,,0.59,0.09,7.16,9.38,0
2003-02-06,4.17,32.159,,,,,,0
2003-02-06,5.52,32.335,,0.61,0.09,5.4,12.19,0
2003-02-06,6.42,32.6,,,,,,0
2003-02-06,14.6,34.47,5.93,0.26,0.3,6.35,7.27,0
2003-02-06,6.51,32.535,,0.41,0.17,4.43,12.14,0
2003-02-06,12.46,34.166,6.03,,,,,0
2003-02-06,12.37,33.934,5.9,0.39,0.27,7.38,11.81,0
2003-02-06,6.67,32.166,,,,,,0
2003-02-06,9.93,33.743,6.5,0.56,0.31,8.63,12.06,0
2003-02-06,10.32,33.835,6.3,0.41,0.38,5.07,10.94,0
2003-02-06,9.8,33.418,6.37,0.52,0.36,9.7,12.62,0
2003-02-06,6.92,32.356,,,,,,0
2003-02-06,8.87,33.749,6.58,,,,,0
2003-02-06,13.15,34.239000000000004,6.03,,,,,0
2003-02-07,11.98,34.08,6.29,0.38,0.34,8.45,11.15,0
2003-02-07,14.94,34.564,5.64,,,,,0
2003-02-07,15.34,34.556,5.89,,,,,0
2003-02-07,15.49,34.435,5.75,0.26,0.37,6.9,6.4,0
2003-02-07,6.78,32.465,,0.6,0.08,5.23,11.85,0
2003-02-07,15.05,34.521,5.63,,,,,0
2003-02-07,13.19,34.376999999999995,6.21,0.31,0.23,8.18,8.37,0
2003-02-07,6.64,32.471,,0.69,0.13,6.5,13.31,0
2003-02-07,8.48,33.471,6.72,,,,,0
2003-02-07,6.21,32.453,,,,,,0
2003-02-07,9.94,33.523,6.41,0.4,0.25,9.85,14.96,0
2003-02-07,5.56,32.197,,0.6,0.14,5.71,9.55,0
2003-02-07,9.7,33.779,6.43,,,,,0
2003-02-07,7.21,33.511,6.42,0.29,0.24,6.97,11.71,0
2003-02-07,4.83,32.173,,,,,,0
2003-02-07,13.71,33.933,6.25,,,,,0
2003-02-07,5.06,31.682,,0.7,0.13,8.09,11.44,0
2003-02-07,4.57,31.891,,,,,,0
2003-02-07,15.64,34.588,5.84,0.22,0.28,8.46,7.45,0
2003-02-07,4.26,31.779,,0.8,0.16,9.01,11.95,0
2003-02-07,15.83,34.571,5.5,,,,,0
2003-02-09,15.73,34.633,5.65,0.37,0.38,7.11,8.17,0
2003-02-09,4.67,31.76,,0.86,0.23,8.17,11.65,0
2003-02-09,15.82,34.479,5.72,,,,,0
2003-02-09,5.33,32.034,,,,,,0
2003-02-09,5.33,32.034,,,,,,0
2003-02-09,15.59,34.397,5.76,0.29,0.36,7.99,7.08,0
2003-02-09,6.07,32.188,,0.64,0.19,7.45,14.39,0
2003-02-09,15.7,34.47,5.57,,,,,0
2003-02-09,6.28,32.188,,,,,,0
2003-02-09,6.16,32.402,,0.7,0.17,6.02,13.16,0
2003-02-09,6.57,32.405,,,,,,0
2003-02-09,6.04,32.35,,0.53,0.33,5.08,13.46,0
2003-02-09,16.32,34.568000000000005,5.59,0.37,0.28,5.96,7.33,0
2003-02-09,7.34,32.402,,,,,,0
2003-02-09,16.49,34.485,5.45,,,,,0
2003-02-09,7.57,32.381,,0.71,0.17,8.44,15.36,0
2003-02-09,16.2,34.533,5.51,0.3,0.31,6.77,7.6,0
2003-02-09,7.66,32.397,,,,,,0
2003-02-09,15.95,34.386,5.61,,,,,0
2003-02-09,15.18,34.154,5.93,0.41,0.17,8.46,9.6,0
2003-02-09,15.01,34.214,5.64,,,,,0
2003-02-09,7.5,32.954,,,,,,0
2003-02-09,7.2,29.689,,2.26,0.12,10.66,17.18,0
2003-02-09,15.1,34.376999999999995,5.66,0.37,0.14,6.91,9.28,0
2003-02-10,7.29,32.337,,,,,,0
2003-02-10,14.43,34.156,5.76,,,,,0
2003-02-10,7.06,32.283,,0.8,0.11,9.19,15.19,0
2003-02-10,14.2,34.159,5.94,0.4,0.11,6.11,9.62,0
2003-02-10,6.71,32.278,,,,,,0
2003-02-10,13.23,33.854,5.92,,,,,0
2003-02-10,6.76,32.184,,0.84,0.11,9.3,16.04,0
2003-02-10,6.54,32.106,,,,,,0
2003-02-10,4.7,32.186,,0.74,0.19,8.27,12.39,0
2003-02-10,12.1,33.76,6.12,,,,,0
2003-02-10,12.31,33.7,6.09,0.52,0.11,6.65,10.68,0
2003-02-10,12.42,33.617,5.97,,,,,0
2003-02-10,5.01,32.162,,,,,,0
2003-02-10,13.04,33.622,5.76,0.41,0.11,8.75,10.69,0
2003-02-10,6.48,32.481,,2.4,0.07,7.85,18.31,0
2003-02-10,13.09,33.677,5.79,,,,,0
2003-02-10,13.71,33.856,5.96,0.35,0.21,8.49,9.92,0
2003-02-10,13.8,34.19,5.96,,,,,0
2003-02-10,13.96,34.111999999999995,5.84,0.37,0.27,7.01,9.22,0
2003-02-10,14.54,34.375,5.8,,,,,0
2003-02-13,15.49,34.055,5.69,0.3,0.35,9.23,6.35,0
2003-02-13,14.03,34.392,5.61,0.51,0.28,9.8,11.37,0
2003-02-13,13.77,34.275,5.84,,,,,0
2003-02-13,12.06,33.023,5.65,0.43,0.27,9.81,13.24,0
2003-02-13,14.57,33.757,6.17,,,,,0
2003-02-13,9.82,33.331,6.25,0.58,0.34,8.06,13.8,0
2003-02-13,13.48,33.558,6.13,0.31,0.04,8.96,6.58,0
2003-02-13,12.77,33.467,6.43,,,,,0
2003-02-13,7.3,33.475,6.92,0.39,0.35,8.26,12.23,0
2003-02-13,10.71,32.78,6.4,0.63,0.14,13.02,11.89,0
2003-02-13,8.1,33.507,6.82,0.39,0.36,8.62,10.35,0
2003-02-13,6.92,33.027,,,,,,0
2003-02-13,9.87,32.568000000000005,6.23,,,,,0
2003-02-13,12.31,34.19,5.57,0.19,0.46,12.45,6.95,0
2003-02-13,9.27,32.45,6.65,0.4,0.34,14.16,10.97,0
2003-02-13,7.43,32.247,,2.22,0.31,13.04,17.53,0
2003-02-13,12.33,34.28,5.58,,,,,0
2003-02-13,12.33,34.23,5.69,0.21,0.21,14.95,5.43,0
2003-02-13,8.12,32.482,,,,,,0
2003-02-13,9.3,32.076,6.74,,,,,0
2003-02-13,8.47,32.388000000000005,,0.79,0.25,6.63,15.98,0
2003-02-13,7.73,32.882,,,,,,0
2003-02-13,13.76,34.43,5.56,,,,,0
2003-02-13,9.29,32.985,6.51,0.65,0.11,13.88,19.35,0
2003-02-13,9.43,32.044000000000004,6.43,0.56,0.09,19.4,13.65,0
2003-02-14,8.53,32.625,,,,,,0
2003-02-14,9.72,32.927,,1.28,0.11,6.38,12.56,0
2003-02-14,13.24,34.21,5.52,,,,,0
2003-02-14,13.24,34.21,5.52,,,,,0
2003-02-14,10.56,33.302,,,,,,0
2003-02-14,10.54,33.132,,0.77,0.17,7.13,15.03,0
2003-02-14,12.56,34.31,5.59,0.21,0.26,14.04,4.88,0
2003-02-14,11.76,34.21,5.63,,,,,0
2003-02-14,8.31,32.645,,,,,,0
2003-02-14,11.18,34.03,5.65,0.2,0.34,12.01,6.17,0
2003-02-14,7.32,32.339,,1.74,0.11,7.25,19.57,0
2003-02-14,10.47,33.67,5.63,,,,,0
2003-02-14,11.16,34.1,2.78,,,,,0
2003-02-14,6.91,32.344,,,,,,0
2003-02-14,7.88,32.631,,1.38,0.14,6.48,13.27,0
2003-02-14,8.19,32.758,,,,,,0
2003-02-14,16.73,34.56,5.35,0.48,0.35,9.74,8.48,0
2003-02-14,15.57,34.213,5.18,0.39,0.32,8.92,7.63,0
2003-02-14,15.17,34.11,5.8,,,,,0
2003-02-14,14.64,33.938,6.26,0.23,0.17,6.57,5.98,0
2003-02-14,14.34,33.879,6.09,,,,,0
2003-02-15,12.12,33.475,6.11,0.51,0.18,10.88,10.25,0
2003-02-15,11.39,33.313,6.37,,,,,0
2003-02-15,8.77,32.318000000000005,6.68,0.42,0.24,11.04,13.48,0
2003-02-15,8.38,32.055,7.05,,,,,0
2003-02-15,8.48,31.549,6.85,0.64,0.23,16.72,17.82,0
2003-02-15,9.51,33.93,5.95,,,,,0
2003-02-15,8.52,31.695,7.02,0.82,0.3,16.96,17.35,0
2003-02-15,11.5,34.11,3.01,,,,,0
2003-02-15,10.74,34.16,5.66,,,,,0
2003-02-15,9.91,34.12,5.75,0.24,0.29,12.59,5.97,0
2003-02-15,8.59,32.531,7.02,0.52,0.2,9.97,11.54,0
2003-02-15,10.1,34.12,5.78,,,,,0
2003-02-15,11.22,34.15,5.74,0.21,0.2,14.74,5.85,0
2003-02-15,9.25,32.865,6.8,0.45,0.03,8.16,11.57,0
2003-02-15,11.62,34.25,5.69,,,,,0
2003-02-15,10.92,33.355,6.2,,,,,0
2003-02-15,11.83,34.21,5.68,0.23,0.27,12.98,,0
2003-02-15,12.1,33.611,6.26,0.47,0.17,9.71,10.03,0
2003-02-15,13.54,33.736999999999995,,,,,,0
2003-02-15,13.81,33.731,6.0,0.13,0.08,6.87,7.65,0
2003-02-15,11.82,34.27,5.62,,,,,0
2003-02-15,14.55,33.939,6.0,,,,,0
2003-02-15,15.22,34.159,5.69,0.22,0.16,7.28,8.93,0
2003-02-16,16.43,34.607,5.2,,,,,0
2003-02-16,11.72,34.08,5.72,,,,,0
2003-02-16,16.38,34.589,5.86,0.16,0.69,9.2,7.38,0
2003-02-16,11.48,34.18,5.67,0.23,0.16,14.73,5.35,0
2003-02-16,16.77,34.683,5.69,0.27,0.62,6.09,7.05,0
2003-02-16,11.56,34.09,5.72,,,,,0
2003-02-16,10.52,33.94,5.82,0.22,0.21,15.92,5.37,0
2003-02-16,9.57,34.02,5.91,0.2,0.2,12.35,6.86,0
2003-02-16,9.78,33.91,5.94,,,,,0
2003-02-24,9.79,34.12,5.94,,,,,0
2003-02-24,10.04,34.17,2.98,,,,,0
2003-02-24,9.72,34.13,5.94,,,,,0
2003-02-24,8.87,33.98,5.95,0.22,0.24,11.94,6.28,0
2003-02-24,9.44,34.03,5.95,,,,,0
2003-02-24,9.54,34.1,5.94,0.19,0.26,12.79,,0
2003-02-24,9.57,34.07,5.95,,,,,0
2003-02-24,9.19,33.8,5.95,0.18,0.28,15.42,4.57,0
2003-02-24,10.58,33.92,5.91,0.17,0.29,13.91,4.66,0
2003-02-25,11.4,34.24,5.78,,,,,0
2003-02-25,10.6,34.23,5.88,0.2,0.23,12.76,,0
2003-02-25,10.4,34.13,5.88,,,,,0
2003-02-25,9.66,34.14,5.93,0.19,0.24,,,0
2003-02-25,10.13,34.05,5.97,,,,,0
2003-02-25,10.37,33.99,5.9,0.18,0.26,13.53,5.33,0
2003-02-25,9.26,33.91,6.01,,,,,0
2003-02-25,9.51,33.95,5.93,0.19,0.24,14.53,4.16,0
2003-02-25,8.96,34.0,6.02,,,,,0
2003-02-25,8.15,34.05,5.94,0.2,0.22,15.39,5.82,0
2003-02-25,8.25,33.87,5.91,,,,,0
2003-02-25,8.46,33.92,5.88,0.2,0.39,10.66,5.16,0
2003-02-25,9.22,33.98,5.91,,,,,0
2003-02-25,8.5,33.78,5.85,0.19,0.2,13.67,4.73,0
2003-02-25,8.37,33.86,2.95,,,,,0
2003-02-26,8.21,33.85,5.85,0.21,,11.89,5.38,0
2003-02-26,8.42,34.01,5.93,0.21,0.62,15.89,4.96,0
2003-02-26,8.7,34.06,6.04,,,,,0
2003-02-26,9.38,34.23,6.09,0.2,0.23,15.7,4.96,0
2003-02-26,8.0,34.07,6.05,,,,,0
2003-02-26,7.63,33.93,6.03,0.22,0.32,15.51,4.78,0
2003-02-26,8.96,33.97,6.06,,,,,0
2003-02-26,8.91,33.88,6.03,0.15,0.47,13.62,4.64,0
2003-02-26,9.26,33.93,5.98,,,,,0
2003-02-26,9.93,33.7,5.91,0.2,0.38,12.13,4.55,0
2003-02-26,9.93,33.7,5.91,0.2,0.38,12.13,4.55,0
2003-02-28,6.88,33.92,6.16,0.17,0.23,13.33,4.79,0
2003-02-28,7.91,34.01,6.08,,,,,0
2003-02-28,6.09,33.98,6.12,0.17,0.3,10.52,4.54,0
2003-02-28,7.95,34.02,6.1,,,,,0
2003-02-28,6.84,33.92,6.17,0.21,0.64,12.49,4.27,0
2003-02-28,4.21,33.85,6.58,,,,,0
2003-02-28,4.45,33.74,6.52,0.17,,8.9,4.0,0
2003-04-04,13.46,34.569,6.31,0.31,0.52,10.45,9.15,0
2003-04-04,13.95,34.414,6.39,,,,,0
2003-04-04,14.65,34.555,6.16,0.13,0.3,7.11,10.44,0
2003-04-05,13.3,34.544000000000004,6.16,0.17,0.29,6.9,8.05,0
2003-04-05,13.29,34.315,5.93,,,,,0
2003-04-05,13.17,34.388000000000005,6.15,0.21,0.41,5.77,11.78,0
2003-04-05,11.8,34.3,6.5,0.31,0.33,5.57,14.72,0
2003-04-05,11.81,34.52,6.29,0.3,0.23,4.48,10.2,0
2003-04-05,12.08,34.0,6.23,4.22,0.24,4.22,11.57,0
2003-04-05,13.36,34.26,6.24,,,,,0
2003-04-05,11.61,34.061,6.27,,,,,0
2003-04-05,12.84,34.343,6.37,0.16,0.46,3.23,13.21,0
2003-04-05,15.85,34.689,6.11,,,,,0
2003-04-06,15.88,34.583,5.93,0.14,0.34,8.47,10.79,0
2003-04-06,15.22,34.579,6.07,,,,,0
2003-04-06,14.05,34.364000000000004,5.35,0.25,0.49,5.28,9.83,0
2003-04-06,12.61,34.021,5.98,,,,,0
2003-04-06,11.01,33.751,6.29,0.43,0.25,4.17,11.47,0
2003-04-06,11.13,33.615,6.48,,,,,0
2003-04-06,11.47,33.871,6.35,0.71,0.43,9.07,12.62,0
2003-04-06,11.51,33.76,6.42,,,,,0
2003-04-06,13.3,34.204,6.0,0.36,0.37,9.67,13.85,0
2003-04-06,14.12,34.428000000000004,6.17,,,,,0
2003-04-06,13.25,34.229,6.08,0.43,0.34,5.08,9.11,0
2003-04-09,14.83,34.396,6.02,0.26,0.63,4.9,7.1,0
2003-04-09,16.1,34.642,5.81,,,,,0
2003-04-09,15.93,34.579,5.77,0.1,0.67,4.49,6.67,0
2003-04-09,15.51,34.676,6.12,,,,,0
2003-04-09,16.23,34.708,5.76,0.4,0.47,4.83,5.63,0
2003-04-09,16.53,34.391,5.87,,,,,0
2003-04-09,16.35,34.489000000000004,5.59,0.48,0.34,3.99,7.85,0
2003-04-09,16.0,34.603,5.94,,,,,0
2003-04-09,15.44,34.507,5.83,0.34,0.55,7.26,8.68,0
2003-04-09,14.35,34.288000000000004,5.74,,,,,0
2003-04-10,13.88,34.0,5.86,0.66,0.34,6.9,9.73,0
2003-04-10,12.74,33.584,6.24,,,,,0
2003-04-10,11.54,33.117,6.51,0.43,0.36,7.99,11.65,0
2003-04-10,10.24,32.593,6.47,,,,,0
2003-04-10,11.12,33.386,6.45,,,,,0
2003-04-10,11.72,33.743,6.41,0.58,0.11,7.85,13.64,0
2003-04-10,6.45,31.774,,,,,,0
2003-04-10,11.72,33.743,6.41,0.58,0.11,7.85,13.64,0
2003-04-10,11.49,33.4,6.5,,,,,0
2003-04-10,11.72,33.445,6.52,0.49,0.16,6.13,14.82,0
2003-04-10,7.16,31.761,7.2,0.6,0.35,10.45,12.92,0
2003-04-10,12.01,33.681,6.55,,,,,0
2003-04-10,12.59,33.704,6.29,0.43,0.22,7.59,12.6,0
2003-04-10,6.65,32.02,8.04,0.04,0.16,2.5,5.2,0
2003-04-10,12.82,33.795,6.03,,,,,0
2003-04-10,7.33,32.02,,,,,,0
2003-04-10,7.12,32.093,7.51,0.11,0.15,0.95,6.23,0
2003-04-10,12.77,33.687,6.02,0.47,0.19,6.91,12.64,0
2003-04-10,7.28,32.276,,,,,,0
2003-04-10,13.05,33.794000000000004,5.93,,,,,0
2003-04-10,7.63,32.408,9.38,0.01,0.3,4.3,6.43,0
2003-04-10,7.48,32.466,7.58,,,,,0
2003-04-10,14.66,34.545,5.67,0.58,0.21,5.06,17.23,0
2003-04-10,8.1,32.462,7.15,,,,,0
2003-04-10,14.87,34.58,5.63,,,,,0
2003-04-10,8.13,32.449,7.22,0.16,0.14,0.41,7.87,0
2003-04-10,14.41,34.539,5.65,0.77,0.5,12.93,7.09,0
2003-04-10,7.96,32.453,,,,,,0
2003-04-11,14.06,34.598,5.62,,,,,0
2003-04-11,7.97,32.395,7.67,0.06,0.19,0.83,5.58,0
2003-04-11,7.89,32.291,,,,,,0
2003-04-11,7.75,32.281,7.28,0.09,0.17,0.63,5.89,0
2003-04-11,13.11,34.51,5.66,,,,,0
2003-04-11,7.08,32.138000000000005,,,,,,0
2003-04-11,7.34,32.937,7.66,0.54,0.28,1.16,7.42,0
2003-04-11,13.64,34.5,5.68,,,5.0,18.0,0
2003-04-11,14.36,34.56,5.62,,,,,0
2003-04-11,19.43,31.839,,,,,,0
2003-04-11,13.3,34.39,5.11,,,6.0,19.0,0
2003-04-11,7.44,31.834,7.16,0.44,0.19,1.3,6.83,0
2003-04-11,13.75,34.44,5.55,,,,,0
2003-04-11,13.46,34.417,5.57,0.61,0.43,16.09,8.8,0
2003-04-12,12.74,34.17,6.24,0.57,0.4,5.3,9.52,0
2003-04-12,12.15,33.831,6.27,,,,,0
2003-04-12,11.44,33.642,6.17,0.63,0.2,5.76,14.59,0
2003-04-12,11.09,33.451,6.21,0.91,0.27,7.17,14.35,0
2003-04-12,8.17,31.745,7.46,0.2,0.21,0.42,6.71,0
2003-04-12,7.89,31.853,,,,,,0
2003-04-12,7.77,32.059,7.21,0.22,0.23,0.82,8.88,0
2003-04-12,7.68,32.295,,,,,,0
2003-04-12,7.98,32.341,7.93,0.06,0.26,1.19,4.97,0
2003-04-12,8.24,32.402,,,,,,0
2003-04-12,8.41,32.415,7.35,0.19,0.14,0.81,5.45,0
2003-04-12,8.55,32.428000000000004,,,,,,0
2003-04-12,8.76,32.416,7.02,0.14,0.13,1.28,4.46,0
2003-04-12,8.74,32.41,6.91,,,,,0
2003-04-13,9.03,32.476,7.22,,,,,0
2003-04-13,8.99,32.424,7.51,0.11,0.09,1.16,6.52,0
2003-04-13,8.92,32.389,,,,,,0
2003-04-13,8.76,32.38,7.34,0.24,0.25,0.66,5.14,0
2003-04-13,8.6,32.364000000000004,,,,,,0
2003-04-13,8.35,31.917,,,,,,0
2003-04-13,8.58,32.199,7.98,0.16,0.18,6.05,4.52,0
2003-04-13,8.35,31.917,,,,,,0
2003-04-13,8.4,31.72300000000001,6.96,0.29,0.16,2.16,7.41,0
2003-04-13,12.98,34.31,5.81,0.55,0.29,8.05,7.69,0
2003-04-13,13.15,34.37,5.78,,,,,0
2003-04-13,13.85,34.45,5.9,0.81,0.21,10.77,24.2,0
2003-04-13,8.67,32.139,,,,,,0
2003-04-13,14.34,34.54,5.95,,,,,0
2003-04-13,8.44,32.259,6.49,0.63,0.2,7.12,15.1,0
2003-04-14,14.43,34.54,6.02,0.68,0.29,6.08,19.62,0
2003-04-14,14.43,34.54,6.02,0.68,0.29,6.08,19.62,0
2003-04-14,13.83,34.52,6.03,,,,,0
2003-04-14,13.84,34.67,5.96,0.94,0.33,3.7,18.88,0
2003-04-14,13.92,34.51,5.98,,,,,0
2003-04-14,12.64,34.31,6.15,0.65,0.14,6.52,15.55,0
2003-04-14,12.84,34.56,6.05,,,,,0
2003-04-14,13.88,34.48,6.12,0.71,0.29,8.0,14.73,0
2003-04-14,13.78,34.43,6.04,,,,,0
2003-04-15,13.99,34.4,5.98,0.65,0.14,9.3,18.2,0
2003-04-15,13.36,34.4,5.92,,,,,0
2003-04-15,13.35,34.35,6.03,0.61,0.29,10.66,22.1,0
2003-04-15,13.79,34.31,5.95,,,,,0
2003-04-15,13.52,34.29,5.97,0.52,0.36,11.85,7.41,0
2003-04-15,9.92,32.295,,,,,,0
2003-04-15,10.9,32.322,8.15,0.12,0.08,1.96,5.49,0
2003-04-15,10.82,32.69,,,,,,0
2003-04-15,12.14,32.461,8.03,0.12,0.06,0.78,8.97,0
2003-04-15,10.86,32.568000000000005,8.2,,,,,0
2003-04-15,12.16,33.168,6.55,,,,,0
2003-04-15,10.71,32.885,7.89,0.13,0.07,0.62,5.84,0
2003-04-15,10.42,32.683,,,,,,0
2003-04-16,10.69,32.711,8.39,0.16,0.06,1.05,7.04,0
2003-04-16,11.55,32.826,,,,,,0
2003-04-16,11.37,32.667,7.44,0.14,0.11,1.09,7.22,0
2003-04-16,10.48,32.679,,,,,,0
2003-04-16,11.1,32.628,7.89,0.08,0.06,1.36,6.56,0
2003-04-16,10.43,32.604,,,,,,0
2003-04-18,13.93,34.42,6.11,0.61,0.29,14.72,6.14,0
2003-04-18,13.94,34.44,6.15,,,,,0
2003-04-18,14.28,34.44,6.16,0.45,0.21,6.74,14.65,0
2003-04-18,13.77,34.465,6.08,,,,,0
2003-04-18,14.33,34.434,6.08,0.13,0.36,8.13,12.58,0
2003-04-23,14.02,34.451,5.88,,,,,0
2003-04-23,13.86,34.404,5.81,0.26,0.21,8.97,19.99,0
2003-04-23,14.03,34.293,5.86,,,,,0
2003-04-24,11.53,34.228,6.13,0.65,0.21,7.41,17.33,0
2003-04-24,10.87,34.136,6.19,0.65,0.14,8.31,10.52,0
2003-04-24,10.84,34.144,6.11,,,,,0
2003-04-24,12.2,34.375,6.05,0.65,0.29,8.68,12.28,0
2003-04-24,11.25,34.165,6.14,,,,,0
2003-04-24,13.03,34.371,6.16,0.65,0.07,9.04,11.65,0
2003-04-24,10.8,34.02,6.0,0.74,0.21,11.12,5.01,0
2003-04-24,12.6,34.429,6.19,,,,,0
2003-04-24,14.49,34.658,5.99,0.71,0.21,11.93,10.25,0
2003-04-24,13.6,34.769,5.95,,,,,0
2003-04-24,9.52,33.989000000000004,5.85,0.65,0.07,10.39,9.96,0
2003-04-24,9.97,34.573,5.88,0.65,0.21,4.57,8.9,0
2003-04-24,10.87,33.946,6.19,,,,,0
2003-04-24,10.8,34.02,6.0,0.74,0.21,11.12,5.01,0
2003-04-24,10.98,33.978,6.07,,,,,0
2003-04-24,13.49,34.301,6.07,0.58,0.5,9.76,5.8,0
2003-04-24,13.78,34.32,6.16,,,,,0
2003-04-24,12.29,34.292,6.29,0.45,0.07,9.94,5.91,0
2003-04-24,12.48,34.309,6.02,,,,,0
2003-04-24,13.13,34.41,6.13,0.45,0.21,9.91,5.29,0
2003-04-25,11.97,34.194,6.13,,,,,0
2003-04-25,11.03,34.06,6.16,0.36,0.21,9.88,6.49,0
2003-04-25,12.5,34.305,6.24,0.26,0.07,10.06,10.94,0
2003-04-25,13.55,34.336,6.19,,,,,0
2003-04-25,10.23,34.082,6.22,0.16,0.14,15.54,8.7,0
2003-04-25,10.48,34.054,6.01,,,,,0
2003-04-25,11.12,34.143,6.29,0.29,0.07,12.05,9.58,0
2003-04-25,10.49,34.001,6.36,,,,,0
2003-04-25,10.52,33.856,6.16,0.42,0.07,8.56,10.63,0
2003-06-01,19.93,31.941,6.24,0.24,0.43,3.65,3.28,0
2003-06-01,19.85,32.681,5.21,,,,,0
2003-06-01,19.64,32.511,6.28,0.32,0.05,2.52,3.47,0
2003-06-02,18.33,31.846,6.75,,,,,0
2003-06-02,18.5,32.089,6.46,0.28,0.04,1.86,5.25,0
2003-06-02,18.26,31.712,5.44,,,,,0
2003-06-02,18.19,31.914,5.36,0.07,0.13,2.03,6.06,0
2003-06-02,17.94,31.907,6.07,,,,,0
2003-06-02,17.28,32.24,6.11,0.18,0.02,1.63,8.43,0
2003-06-02,15.93,32.123000000000005,5.81,0.14,0.49,1.49,8.33,0
2003-06-02,16.47,32.116,6.12,0.3,0.1,5.14,9.33,0
2003-06-02,18.0,31.769,5.99,0.16,0.09,3.04,8.81,0
2003-06-02,18.02,31.75800000000001,6.73,,,,,0
2003-06-02,18.43,31.978,6.36,0.36,0.11,1.47,8.3,0
2003-06-02,18.84,31.817,6.9,,,,,0
2003-06-02,19.51,32.218,5.04,0.22,0.07,1.48,4.9,0
2003-06-02,20.22,33.062,5.1,,,,,0
2003-06-02,19.45,32.607,4.93,0.21,0.09,3.25,4.2,0
2003-06-03,19.64,32.454,5.59,,,,,0
2003-06-03,20.52,32.242,5.48,0.07,0.03,1.04,4.59,0
2003-06-03,20.34,31.914,5.51,,,,4.0,0
2003-06-03,21.2,32.819,3.97,0.03,0.07,1.01,2.32,0
2003-06-03,20.38,32.748000000000005,4.95,0.07,0.12,0.82,3.0,0
2003-06-03,20.08,32.465,5.11,,,,,0
2003-06-03,20.12,32.973,6.15,1.16,0.09,0.99,6.61,0
2003-06-03,20.05,33.171,6.2,,,,,0
2003-06-03,18.82,32.278,5.88,0.69,0.16,0.64,9.44,0
2003-06-03,18.71,32.095,6.23,,,,,0
2003-06-03,18.29,32.152,6.39,0.32,0.33,0.17,12.74,0
2003-06-03,18.39,31.804,6.39,,,,,0
2003-06-03,18.08,31.83,7.79,0.07,0.05,0.83,8.36,0
2003-06-03,18.15,31.718000000000004,6.74,0.11,0.04,0.73,8.81,0
2003-06-09,15.61,33.75,5.78,0.22,0.42,5.76,7.02,0
2003-06-09,18.03,33.71,5.67,,,,,0
2003-06-09,19.12,33.1,5.46,0.18,0.32,4.22,5.22,0
2003-06-09,19.93,33.53,5.69,,,,,0
2003-06-09,19.93,33.53,5.69,,,,,0
2003-06-09,20.46,33.68,5.45,0.16,0.22,4.11,3.93,0
2003-06-09,19.67,34.2,5.52,,,,,0
2003-06-10,19.39,34.04,5.37,0.16,0.2,5.15,3.95,0
2003-06-10,18.48,33.87,5.24,0.16,0.22,3.82,3.44,0
2003-06-10,18.68,33.98,5.21,,,,,0
2003-06-10,18.9,34.11,5.29,0.15,0.18,3.97,3.72,0
2003-06-10,19.84,34.23,5.27,,,,,0
2003-06-10,19.93,34.15,5.28,0.16,0.28,4.32,4.0,0
2003-06-10,19.17,33.42,5.79,,,,,0
2003-06-10,17.35,33.51,5.81,0.17,0.24,4.71,4.22,0
2003-06-10,19.22,33.36,5.87,,,,,0
2003-06-10,18.9,34.11,5.29,0.15,0.18,3.97,3.72,0
2003-06-10,19.22,33.43,5.72,0.21,0.34,4.43,5.03,0
2003-06-10,19.63,33.21,5.96,0.21,0.43,4.98,6.36,0
2003-06-11,19.41,33.385,5.84,0.14,0.2,4.12,4.42,0
2003-06-12,19.42,33.36,4.23,,,,,0
2003-06-12,19.48,33.25,5.75,0.2,0.45,3.97,4.11,0
2003-06-12,18.34,33.39,5.48,,,,,0
2003-06-12,18.32,33.61,5.47,0.15,0.35,3.55,4.32,0
2003-06-12,19.45,33.46,5.48,,,,,0
2003-06-12,19.45,33.46,5.48,,,,,0
2003-06-12,20.27,34.02,5.56,0.14,0.27,3.12,4.41,0
2003-06-12,20.15,33.7,5.53,,,,,0
2003-06-12,20.34,33.95,5.52,0.16,0.25,3.48,4.04,0
2003-06-13,19.09,34.0,5.66,,,,,0
2003-06-13,19.36,34.0,5.71,0.14,0.29,3.84,3.23,0
2003-06-13,19.14,34.05,5.31,0.12,0.23,3.85,3.83,0
2003-06-13,19.74,34.18,5.33,,,,,0
2003-06-13,19.43,33.59,5.43,0.14,0.28,3.51,3.66,0
2003-06-13,19.73,34.03,5.31,,,,,0
2003-06-13,19.82,33.507,5.3,,,,,0
2003-06-13,20.79,33.705,5.22,,,,,0
2003-06-13,19.56,34.19,5.33,0.14,0.25,3.16,4.13,0
2003-06-13,21.45,33.493,5.43,0.11,0.13,5.34,3.17,0
2003-06-13,19.0,34.03,5.35,,,,,0
2003-06-13,19.25,33.45,5.45,0.14,0.34,3.56,5.1,0
2003-06-13,18.7,33.5,5.42,,,,,0
2003-06-13,18.57,33.56,4.33,,,,,0
2003-06-13,21.17,33.39,5.17,0.13,0.16,4.35,4.71,0
2003-06-13,20.6,33.665,5.15,,,,,0
2003-06-13,19.21,33.291,5.18,0.26,0.68,4.41,8.9,0
2003-06-13,18.33,33.068000000000005,5.75,0.15,0.73,4.02,9.87,0
2003-06-13,19.44,33.241,5.48,0.16,0.4,4.89,7.94,0
2003-06-13,20.22,32.332,5.77,0.11,0.56,4.03,10.97,0
2003-06-13,19.71,32.922,5.52,,,,,0
2003-06-13,19.82,33.507,5.3,,,,,0
2003-06-13,20.56,33.397,5.34,0.19,0.55,2.28,4.73,0
2003-06-14,21.43,33.096,5.0,,,,,0
2003-06-14,21.6,33.025,5.06,,,,,0
2003-06-14,21.37,32.798,5.21,0.1,0.65,2.43,5.01,0
2003-06-14,20.94,33.334,5.26,,,,,0
2003-06-14,20.48,33.401,5.29,0.14,0.92,4.06,7.94,0
2003-06-14,19.36,33.224000000000004,5.51,,,,,0
2003-06-14,19.45,32.802,5.58,0.16,0.22,2.73,11.45,0
2003-06-14,19.44,32.844,5.69,,,,,0
2003-06-14,19.71,32.796,5.63,0.22,0.89,2.72,10.86,0
2003-06-14,18.87,33.111,5.58,,,,,0
2003-06-14,19.23,33.302,5.49,0.1,0.55,2.58,7.56,0
2003-06-14,20.25,33.201,5.6,,,,,0
2003-06-14,19.69,33.16,4.25,,,,,0
2003-06-14,19.96,33.26,5.32,,,,,0
2003-06-14,20.49,33.381,5.31,0.1,0.35,2.95,6.5,0
2003-06-14,20.01,33.3,5.54,0.17,0.24,3.68,8.71,0
2003-06-14,20.06,33.85,5.31,,,,,0
2003-06-14,20.24,34.1,5.32,0.14,0.26,3.44,6.99,0
2003-06-14,19.92,34.06,5.31,,,,,0
2003-06-14,20.0,34.09,5.35,0.12,0.25,3.19,3.76,0
2003-06-14,20.05,34.15,5.37,,,,,0
2003-06-14,20.27,34.03,5.39,0.09,0.24,3.38,4.18,0
2003-06-15,20.23,33.9,5.08,,,,,0
2003-06-15,20.02,34.06,5.11,0.08,0.24,2.38,5.77,0
2003-06-15,19.89,34.09,5.09,,,,,0
2003-06-15,19.91,33.651,5.64,0.1,0.17,6.03,8.35,0
2003-06-15,19.7,34.06,5.12,0.15,0.32,2.58,7.44,0
2003-06-15,21.43,33.161,5.42,,,,,0
2003-06-15,20.63,33.69,5.11,,,,,0
2003-06-15,21.57,32.013000000000005,5.1,0.13,0.12,5.17,8.15,0
2003-06-15,19.88,33.56,5.18,0.15,0.27,2.78,9.54,0
2003-06-15,18.86,33.33,5.09,,,,,0
2003-06-15,21.37,32.729,5.26,,,,,0
2003-06-15,19.25,33.0,3.79,,,,,0
2003-06-15,23.13,33.599000000000004,5.16,0.12,0.2,3.71,6.03,0
2003-06-15,13.58,31.538,6.42,0.69,0.59,7.25,5.05,0
2003-06-15,22.43,31.783,5.35,,,,,0
2003-06-15,16.03,31.541,,,,,,0
2003-06-15,16.73,31.59800000000001,6.33,0.22,0.18,3.34,7.97,0
2003-06-15,22.47,32.55,5.24,0.14,0.1,3.52,5.83,0
2003-06-15,17.54,31.505,,,,,,0
2003-06-15,21.67,32.8,5.09,,,,,0
2003-06-15,18.26,31.59,5.86,0.26,0.14,1.51,7.0,0
2003-06-15,19.46,31.733,,,,,,0
2003-06-15,21.6,33.442,5.26,0.1,0.2,5.2,6.81,0
2003-06-15,19.81,31.827,6.02,0.33,0.12,0.83,8.28,0
2003-06-15,20.56,32.517,5.17,,,,,0
2003-06-15,19.92,31.88300000000001,6.04,,,,,0
2003-06-15,20.61,32.236999999999995,5.34,0.09,0.12,5.39,8.07,0
2003-06-15,20.35,32.287,5.23,,,,,0
2003-06-16,20.39,31.91800000000001,5.54,,,,,0
2003-06-16,20.42,31.727,5.43,0.12,0.37,6.03,13.95,0
2003-06-16,20.29,32.017,5.63,0.36,0.13,1.33,10.46,0
2003-06-16,20.22,31.992,,,,,,0
2003-06-16,20.3,31.672,5.29,,,,,0
2003-06-16,19.98,31.933000000000003,5.41,0.32,0.11,1.91,6.57,0
2003-06-16,19.04,31.88300000000001,,,,,,0
2003-06-16,18.62,31.923,5.61,0.47,0.1,2.01,9.19,0
2003-06-16,19.81,31.727,5.61,,,,,0
2003-06-16,18.93,31.887,,,,,,0
2003-06-16,20.04,31.843000000000004,5.39,0.13,0.28,12.43,15.83,0
2003-06-16,20.11,31.911,5.5,,,,,0
2003-06-16,18.73,31.765,5.71,0.32,0.06,1.29,7.34,0
2003-06-16,20.04,31.597,5.42,0.08,0.19,9.41,14.67,0
2003-06-16,14.76,31.396,,,,,,0
2003-06-16,20.15,31.622,5.7,,,,,0
2003-06-16,16.56,31.28,6.17,0.47,0.14,1.5,6.79,0
2003-06-16,20.45,32.407,5.42,0.14,0.14,4.59,10.26,0
2003-06-16,16.07,31.026,6.22,0.32,0.18,1.97,5.79,0
2003-06-16,20.76,32.465,5.43,,,,,0
2003-06-16,17.34,31.555,,,,,,0
2003-06-16,20.88,32.504,5.63,0.11,0.26,4.27,7.64,0
2003-06-16,17.99,31.737,5.88,0.31,0.16,1.79,12.09,0
2003-06-16,20.72,32.24,5.28,,,,,0
2003-06-16,19.39,31.769,,,,,,0
2003-06-16,19.68,31.785,5.66,0.39,0.41,1.38,10.79,0
2003-06-16,20.8,32.426,5.61,0.13,0.28,4.61,9.74,0
2003-06-16,19.74,31.834,,,,,,0
2003-06-16,20.58,32.556999999999995,5.51,,,,,0
2003-06-16,16.16,34.56,3.21,,,,,0
2003-06-16,18.15,33.61,5.18,,,,,0
2003-06-16,20.52,31.909,5.2,,,1.0,9.0,0
2003-06-16,17.49,33.569,5.52,0.14,0.22,4.78,12.53,0
2003-06-16,19.98,33.24,5.17,,,,,0
2003-06-16,17.81,33.413000000000004,5.75,0.14,0.24,6.85,9.48,0
2003-06-16,21.31,31.881,,,,,,0
2003-06-16,20.12,33.37,5.13,,,,,0
2003-06-16,20.88,31.881,5.18,0.32,0.09,0.71,9.73,0
2003-06-16,20.84,31.963,5.32,,,,,0
2003-06-16,19.91,33.89,5.18,0.14,0.26,1.92,7.03,0
2003-06-16,20.84,31.963,5.32,,,,,0
2003-06-16,20.47,33.93,5.18,,,,,0
2003-06-16,20.51,31.965,5.12,,,,,0
2003-06-16,20.79,32.496,5.72,0.12,0.3,6.3,9.69,0
2003-06-17,12.11,33.798,5.67,0.14,0.32,4.6,8.8,0
2003-06-17,20.72,31.917,5.15,1.62,0.09,4.47,9.48,0
2003-06-17,21.24,33.53,4.97,,,,,0
2003-06-17,20.61,31.929,,,,,,0
2003-06-17,21.28,33.64,5.02,0.18,0.32,1.33,6.21,0
2003-06-17,19.85,31.75,5.42,0.37,0.1,7.13,10.94,0
2003-06-17,19.97,33.44,5.14,,,,,0
2003-06-17,19.73,31.854,,,,,,0
2003-06-17,18.16,33.27,5.13,0.18,0.16,2.45,7.73,0
2003-06-17,19.33,31.873,5.35,0.35,0.09,7.56,6.91,0
2003-06-17,19.26,31.886,,,,,,0
2003-06-17,17.44,32.096,5.49,,,7.0,14.0,0
2003-06-20,16.61,32.701,,,,,,0
2003-06-20,15.09,32.723,,,,,,0
2003-06-20,19.66,32.272,5.5,0.4,0.04,1.03,9.91,0
2003-06-20,20.42,32.062,,,,,,0
2003-06-20,20.49,31.963,5.13,0.36,0.04,1.23,9.36,0
2003-06-20,20.44,31.847,4.94,,,,,0
2003-06-21,20.29,32.245,5.34,,,,,0
2003-06-21,20.39,32.133,5.13,0.33,0.06,1.73,8.46,0
2003-06-21,20.23,32.294000000000004,,,,,,0
2003-06-21,19.95,32.321,5.27,0.35,0.05,1.59,6.57,0
2003-06-21,20.79,32.111999999999995,,,,,,0
2003-06-21,19.45,32.271,5.27,0.68,0.08,1.86,7.92,0
2003-06-21,20.41,32.058,,,,,,0
2003-06-21,20.58,32.183,5.23,0.35,0.02,0.64,7.05,0
2003-06-21,20.48,32.424,,,,,,0
2003-08-05,23.71,29.75,5.4,0.4,0.26,4.77,7.79,0
2003-08-05,24.78,31.894,5.38,,,,,0
2003-08-05,26.24,31.785,5.3,0.31,0.19,5.47,8.59,0
2003-08-05,19.27,31.023000000000003,6.52,0.2,0.77,8.66,4.03,0
2003-08-05,22.12,30.875,,,,,,0
2003-08-05,26.56,31.618,5.42,0.38,0.15,3.08,8.76,0
2003-08-05,23.43,30.695,6.13,0.01,0.18,1.79,4.52,0
2003-08-05,25.97,31.707,5.55,,,,,0
2003-08-05,23.44,31.486,5.4,0.02,0.19,2.2,2.52,0
2003-08-05,23.5,30.487,,,,,,0
2003-08-05,23.46,31.403,5.75,0.3,0.12,4.34,6.78,0
2003-08-05,28.63,30.526,6.08,0.01,0.16,2.24,5.18,0
2003-08-05,18.33,33.068000000000005,5.72,0.37,0.11,4.49,5.07,0
2003-08-05,23.6,31.556,,,,,,0
2003-08-05,25.3,31.103,5.75,0.36,0.12,4.3,5.62,0
2003-08-05,23.44,31.486,5.4,0.02,0.19,2.2,2.52,0
2003-08-05,25.08,31.114,5.52,0.42,0.14,0.42,8.44,0
2003-08-05,23.36,31.798,5.33,,,,,0
2003-08-05,25.35,31.761,5.39,,,,,0
2003-08-05,26.89,31.259,4.88,,,,,0
2003-08-06,27.8,30.411,4.6,0.27,0.16,4.14,7.48,0
2003-08-06,23.92,31.604,5.43,,,,,0
2003-08-06,27.49,31.018,4.9,,,,,0
2003-08-06,23.63,31.457,5.21,0.28,0.3,1.86,2.73,0
2003-08-06,23.48,31.624,,,,,,0
2003-08-06,28.04,30.211,4.67,,,,,0
2003-08-06,23.57,31.305,5.74,0.06,0.2,2.19,2.95,0
2003-08-06,28.82,30.067,4.7,0.25,0.17,2.32,5.48,0
2003-08-06,23.7,31.22300000000001,,,,,,0
2003-08-06,28.39,29.958,4.73,,,,,0
2003-08-06,23.7,31.208,5.26,0.11,0.08,1.53,2.82,0
2003-08-06,27.43,30.814,4.87,0.25,0.16,2.1,8.17,0
2003-08-06,24.22,31.263,,,,,,0
2003-08-06,26.51,31.764,4.99,,,,,0
2003-08-06,24.29,31.361,5.47,0.06,0.09,1.3,2.14,0
2003-08-06,26.08,31.847,5.14,0.46,0.12,1.81,8.02,0
2003-08-06,22.08,29.017,,,,,,0
2003-08-06,25.96,31.57,5.06,,,,,0
2003-08-06,22.38,28.161,6.49,0.09,0.53,5.25,11.13,0
2003-08-06,25.25,31.818,5.45,0.37,0.11,6.23,0.37,0
2003-08-06,25.76,31.954,5.32,,,,,0
2003-08-09,23.72,27.58,,0.07,0.45,5.38,9.68,0
2003-08-09,23.21,31.332,,,,,,0
2003-08-09,21.07,32.738,4.27,0.4,0.34,4.33,5.23,0
2003-08-09,24.16,31.155,5.51,0.05,0.18,0.47,3.69,0
2003-08-09,20.47,33.134,3.82,,,,,0
2003-08-09,20.09,33.394,4.29,0.39,0.4,3.99,4.4,0
2003-08-09,24.63,31.02,,,,,,0
2003-08-09,24.13,31.719,5.02,0.22,0.14,5.16,10.7,0
2003-08-09,20.28,33.076,4.42,,,,,0
2003-08-09,24.49,31.089,5.31,0.03,0.19,1.8,2.23,0
2003-08-09,23.53,31.659,5.23,,,,,0
2003-08-09,24.74,31.111,,,,,,0
2003-08-09,24.74,31.111,,,,,,0
2003-08-09,22.55,32.922,4.34,0.5,0.35,4.25,2.94,0
2003-08-09,25.64,31.188,4.97,0.2,0.14,5.03,8.93,0
2003-08-09,24.71,31.38300000000001,5.18,0.07,0.11,1.91,2.3,0
2003-08-09,23.43,32.08,4.5,,,,,0
2003-08-09,24.71,31.305,,,,,,0
2003-08-09,24.76,31.355,5.53,0.09,0.21,2.31,1.84,0
2003-08-09,24.02,32.28,3.96,0.76,0.22,3.59,2.72,0
2003-08-09,24.84,31.179,4.97,,,,,0
2003-08-10,25.09,31.554,5.46,,,,,0
2003-08-10,22.94,33.653,4.51,0.26,0.37,3.01,2.21,0
2003-08-10,23.39,32.854,4.41,,,,,0
2003-08-10,24.82,31.349,5.19,0.3,0.37,1.49,3.43,0
2003-08-10,24.89,31.401,,,,,,0
2003-08-10,24.18,32.409,4.25,0.28,0.23,4.27,2.82,0
2003-08-10,24.65,31.537,5.46,0.07,0.25,0.36,5.76,0
2003-08-10,24.03,32.461,4.34,,,,,0
2003-08-10,24.83,31.484,,,,,,0
2003-08-10,26.37,30.518,4.87,0.33,0.12,1.78,5.03,0
2003-08-10,24.07,31.597,5.52,0.03,0.17,0.34,4.71,0
2003-08-10,23.94,32.391,3.75,0.36,0.48,3.74,4.19,0
2003-08-10,27.4,30.04300000000001,4.8,,,,,0
2003-08-10,24.02,31.501,,,,,,0
2003-08-10,23.3,32.678000000000004,4.39,,,,,0
2003-08-10,23.1,31.003,5.38,0.35,0.15,1.86,10.83,0
2003-08-10,27.8,30.986,4.69,0.18,0.1,3.68,5.93,0
2003-08-10,22.86,33.228,3.59,0.3,0.39,4.07,5.38,0
2003-08-10,27.73,31.726,4.67,,,,,0
2003-08-10,20.3,33.097,4.79,,,,,0
2003-08-10,21.91,31.885,,,,,,0
2003-08-10,20.37,33.236,4.84,0.39,0.37,5.3,4.73,0
2003-08-10,22.44,31.958,5.76,0.51,0.13,1.46,8.63,0
2003-08-10,21.26,33.049,4.72,0.45,0.4,,5.14,0
2003-08-10,28.34,31.152,4.67,0.22,0.13,6.51,6.29,0
2003-08-10,28.46,30.915,4.62,,,,,0
2003-08-12,28.36,31.08,4.45,0.13,0.18,3.78,4.29,0
2003-08-12,27.49,30.71,4.4,,,,,0
2003-08-12,21.44,32.907,4.46,,,,,0
2003-08-12,21.17,33.046,4.21,,,,,0
2003-08-12,27.25,30.72300000000001,4.49,0.11,0.12,4.38,6.19,0
2003-08-12,20.59,33.021,4.7,0.46,0.32,2.29,5.27,0
2003-08-12,26.19,30.964,4.92,,,,,0
2003-08-12,22.72,32.789,4.55,,,,,0
2003-08-12,26.43,30.669,4.95,0.14,0.17,3.69,9.8,0
2003-08-12,19.39,32.054,,,,,,0
2003-08-12,24.48,31.374,4.37,0.46,0.24,2.88,3.97,0
2003-08-12,26.35,30.193,4.99,,,,,0
2003-08-12,22.98,31.542,5.91,0.13,0.62,0.57,5.68,0
2003-08-12,24.29,32.26,4.39,,,,,0
2003-08-12,26.47,28.504,5.11,0.12,0.13,5.18,8.64,0
2003-08-12,25.05,31.065,,,,,,0
2003-08-12,25.38,31.104,4.93,0.48,0.15,0.78,5.01,0
2003-08-12,24.1,32.698,3.9,0.37,0.2,2.79,4.02,0
2003-08-12,27.36,25.693,5.21,,,,,0
2003-08-12,25.17,31.07,5.24,,,,,0
2003-08-12,24.02,32.515,3.95,,,,,0
2003-08-12,24.17,32.803000000000004,4.34,0.41,0.19,2.97,3.87,0
2003-08-12,26.33,30.787,4.72,,,,,0
2003-08-12,25.69,31.238000000000003,5.03,,,,,0
2003-08-12,26.73,28.341,5.13,0.19,0.17,2.87,7.01,0
2003-08-12,22.99,30.861,5.09,0.13,0.23,,4.25,0
2003-08-12,27.0,26.574,5.2,,,,,0
2003-08-13,24.03,32.747,4.36,,,,,1
2003-08-13,25.41,30.554,,,,,,1
2003-08-13,27.05,26.117,5.04,0.21,0.14,8.07,8.07,1
2003-08-13,24.75,30.785,5.08,0.16,0.16,0.9,3.88,1
2003-08-13,26.78,27.019,4.92,,,,,1
2003-08-13,23.76,32.876,4.36,,,,,1
2003-08-13,23.8,32.847,4.34,,,,,1
2003-08-13,26.89,26.492,4.93,0.11,0.18,4.91,7.95,1
2003-08-13,21.59,31.897,,,,,,1
2003-08-13,23.8,32.847,4.34,,,,,1
2003-08-13,26.29,28.993,4.99,,,,,1
2003-08-13,22.78,32.42,5.55,0.22,0.25,0.75,6.23,1
2003-08-13,25.91,30.189,4.88,0.13,0.22,2.66,7.83,1
2003-08-13,22.38,31.574,,,,,,1
2003-08-13,25.64,30.964,5.08,,,,,1
2003-08-13,22.22,32.491,5.57,0.16,0.18,2.7,5.44,1
2003-08-13,24.13,32.75,4.22,,,,,1
2003-08-13,25.49,30.865,5.06,0.18,0.12,2.49,10.16,1
2003-08-13,24.39,30.745,,,,,,1
2003-08-13,24.62,32.292,4.28,,,,,1
2003-08-13,25.61,30.489,5.11,,,,,1
2003-08-13,20.25,32.219,5.47,0.15,0.14,3.45,11.56,1
2003-08-13,24.59,32.141,4.34,,,,,1
2003-08-13,20.94,32.217,5.53,0.26,5.49,5.24,10.33,1
2003-08-13,20.25,32.219,5.47,0.15,0.14,3.45,11.56,1
2003-08-13,23.92,33.141,4.02,0.29,0.14,3.22,3.59,1
2003-08-13,24.18,30.708,5.45,0.41,0.28,5.22,13.65,1
2003-08-13,24.17,32.93,4.37,,,,,1
2003-08-13,24.25,31.009,5.53,0.3,0.31,5.04,17.13,1
2003-08-13,24.08,32.486999999999995,4.39,0.41,0.26,4.26,4.77,1
2003-08-13,24.77,31.728,4.39,,,,,1
2003-08-13,25.46,30.994,4.37,0.4,0.24,2.57,4.43,1
2003-08-13,23.57,31.743,4.44,,,,,1
2003-08-13,22.11,32.086,4.11,0.34,0.33,4.62,4.43,1
2003-08-13,22.84,31.958,3.92,,,,,1
2003-08-13,22.62,32.478,4.53,,,,,1
2003-08-18,23.97,31.601,4.3,,,,,0
2003-08-18,23.97,31.626,4.28,,,,,0
2003-08-18,23.53,31.811,4.41,0.24,0.32,3.29,3.93,0
2003-08-18,24.45,31.364,4.05,,,,,0
2003-08-18,24.12,32.109,4.09,0.23,0.09,3.13,4.29,0
2003-08-18,24.83,31.8,3.96,,,,,0
2003-08-18,23.9,32.46,4.38,0.44,0.39,2.84,1.69,0
2003-08-18,23.81,32.899,4.07,,,,,0
2003-08-18,23.84,32.415,3.7,0.21,0.1,2.48,2.37,0
2003-08-19,23.98,32.498000000000005,4.36,,,,,1
2003-08-19,23.54,32.767,4.0,0.31,0.11,2.54,4.34,1
2003-08-19,23.38,32.621,3.79,,,,,1
2003-08-19,23.48,32.393,4.4,0.25,0.3,2.11,4.4,1
2003-08-19,24.38,31.201,4.33,,,,,1
2003-08-19,24.3,31.713,3.81,0.18,0.32,2.8,4.67,1
2003-08-19,24.0,31.5,4.37,,,,,1
2003-08-19,23.92,31.238000000000003,4.4,,,,,1
2003-08-19,25.13,30.954,4.06,,,,,1
2003-08-19,24.91,30.92,4.06,,,,,1
2003-08-19,24.65,31.143,4.31,0.46,0.2,2.66,5.63,1
2003-08-19,24.46,32.387,3.84,,,,,1
2003-08-19,24.56,32.839,3.83,0.41,0.21,2.66,5.22,1
2003-08-19,24.52,32.65,4.22,,,,,1
2003-08-19,24.87,32.303000000000004,4.09,,,,,1
2003-08-19,25.71,31.511,4.2,0.44,0.35,3.38,5.24,1
2003-08-20,24.97,31.39,3.77,,,,,1
2003-08-20,24.44,31.006,3.89,0.5,0.23,,5.77,1
2003-08-23,28.39,31.657,3.94,0.61,0.2,2.87,4.21,0
2003-08-23,28.03,32.501,4.78,0.46,0.11,2.75,3.24,0
2003-08-23,28.23,30.975,5.25,,,,,0
2003-08-23,27.62,28.66800000000001,4.87,0.48,0.22,1.37,1.6,0
2003-08-23,27.3,28.378,5.34,,,,,0
2003-08-23,28.03,32.501,4.78,0.46,0.11,2.75,3.24,0
2003-08-23,28.17,29.948,5.49,0.27,0.1,1.47,3.97,0
2003-08-23,28.9,30.192,5.51,,,,,0
2003-08-23,28.93,30.706,5.84,0.33,0.1,2.34,1.76,0
2003-08-23,28.96,29.823,6.05,,,,,0
2003-08-23,29.53,31.916,4.82,0.38,0.03,2.89,3.1,0
2003-08-23,29.5,32.015,4.65,0.41,0.1,1.48,3.15,0
2003-08-23,28.84,30.498,5.06,0.14,0.08,2.15,9.2,0
2003-08-23,28.63,30.32,5.22,,,,,0
2003-08-23,28.13,30.689,4.72,0.33,0.04,3.45,7.78,0
2003-08-24,28.04,28.226,6.2,,,,,0
2003-08-24,27.81,29.076,5.31,0.13,0.06,2.39,3.23,0
2003-08-24,27.81,27.678,6.27,,,,,0
2003-08-24,27.55,27.298,5.65,0.11,0.21,6.38,2.29,0
2003-08-24,27.7,29.23,5.62,,,,,0
2003-08-24,28.13,28.972,5.56,0.17,0.1,2.13,3.13,0
2003-08-24,28.38,30.189,4.91,0.33,0.12,2.73,3.37,0
2003-08-24,28.1,29.149,5.41,0.36,0.03,2.7,4.52,0
2003-08-24,27.64,28.772,5.55,0.05,0.05,2.11,3.07,0
2003-08-24,28.51,27.426,4.98,,,,,0
2003-08-24,28.19,27.195,5.62,0.11,0.31,8.68,3.86,0
2003-08-24,28.05,26.184,5.13,,,,,0
2003-08-24,28.54,25.789,5.04,0.33,0.15,1.48,2.17,0
2003-08-24,28.39,29.801,5.14,,,,,0
2003-08-25,28.47,30.755,5.24,0.3,0.12,0.01,2.07,0
2003-08-25,28.3,30.85,5.09,,,,,0
2003-08-25,28.86,32.443000000000005,4.7,0.05,0.02,1.59,3.23,0
2003-08-25,28.25,31.742,4.97,0.02,0.08,2.98,3.42,0
2003-10-08,19.48,32.114000000000004,5.7,0.1,0.49,4.41,0.97,0
2003-10-08,19.55,32.242,5.74,,,,,0
2003-10-08,18.9,32.445,5.58,0.08,0.19,5.36,1.03,0
2003-10-08,18.98,32.467,5.29,,,,,0
2003-10-08,19.72,32.419000000000004,5.91,0.15,0.28,3.92,1.08,0
2003-10-08,20.16,32.537,5.4,,,,,0
2003-10-09,21.45,32.227,5.71,0.11,0.31,5.14,2.36,0
2003-10-09,20.65,33.032,5.2,0.08,0.61,4.97,0.81,0
2003-10-09,20.9,33.05,5.55,,,,,0
2003-10-09,21.01,33.181,5.22,0.08,,3.35,0.73,0
2003-10-09,20.31,31.886,5.15,0.05,0.16,8.1,12.67,0
2003-10-09,22.15,33.173,5.66,,,,,0
2003-10-09,21.64,32.063,5.82,,,,,0
2003-10-09,23.38,31.664,5.16,0.08,0.23,3.66,8.35,0
2003-10-09,22.54,33.046,5.64,0.13,,3.76,1.48,0
2003-10-09,19.84,32.547,3.36,,,,,0
2003-10-09,23.68,32.611999999999995,6.39,0.08,0.14,3.25,9.56,0
2003-10-09,19.38,32.422,2.54,0.1,0.26,3.06,1.09,0
2003-10-09,22.21,32.981,6.06,,,,,0
2003-10-09,19.56,32.176,3.1,,,,,0
2003-10-09,19.85,32.489000000000004,2.74,0.18,0.36,4.03,0.73,0
2003-10-09,19.63,32.535,3.03,,,,,0
2003-10-10,20.86,31.783,5.73,0.17,0.27,2.62,13.46,0
2003-10-10,21.14,31.642,5.58,0.18,0.12,1.7,13.23,0
2003-10-10,21.52,31.975,5.91,0.12,0.12,1.74,9.4,0
2003-10-10,21.53,31.711,5.53,0.15,0.1,2.27,11.4,0
2003-10-10,24.42,33.957,5.53,,,,,0
2003-10-10,21.54,31.693,5.53,,,,,0
2003-10-10,21.31,31.782,6.37,0.13,0.05,1.3,10.11,0
2003-10-10,20.53,31.992,6.01,,,,,0
2003-10-10,24.21,33.812,5.66,0.12,0.06,2.66,6.87,0
2003-10-10,25.02,34.056999999999995,5.64,,,,,0
2003-10-10,24.83,34.064,5.63,0.18,0.16,1.66,6.54,0
2003-10-10,24.59,33.642,5.53,,,,,0
2003-10-11,24.42,33.957,5.53,,,,,0
2003-10-11,20.91,31.832,5.53,0.16,0.09,1.71,11.39,0
2003-10-11,21.1,31.69400000000001,5.53,,,,,0
2003-10-11,21.05,31.661,5.98,,,,,0
2003-10-11,21.64,31.55,6.03,0.16,0.08,1.27,12.7,0
2003-10-11,20.58,31.641,6.11,,,,,0
2003-10-11,20.96,31.519,6.23,0.13,0.16,3.91,12.42,0
2003-10-11,21.06,32.425,4.89,,,,,0
2003-10-11,24.04,33.865,4.69,0.13,0.21,1.88,9.21,0
2003-10-15,20.71,33.295,5.29,0.15,0.08,3.64,0.67,0
2003-10-15,18.53,32.33,5.49,0.09,0.21,5.0,0.95,0
2003-10-15,18.53,32.286,5.64,0.13,0.49,2.81,0.87,0
2003-10-15,18.38,32.594,5.7,,,,,0
2003-10-15,18.27,32.775,5.78,0.05,0.27,3.71,0.85,0
2003-10-15,22.0,33.504,5.32,,,,,0
2003-10-15,20.83,33.385,5.23,0.2,0.31,3.91,0.8,0
2003-10-15,20.13,33.165,5.21,,,,,0
2003-10-16,20.39,33.155,5.25,,,,,0
2003-10-16,21.57,33.35,5.38,0.12,0.18,4.37,0.79,0
2003-10-16,19.93,33.019,5.23,0.11,0.34,,0.9,0
2003-10-16,21.51,33.255,5.82,0.25,0.29,9.52,15.55,0
2003-10-16,21.29,33.28,5.12,,,,,0
2003-10-16,24.31,33.983000000000004,5.25,,,,,0
2003-10-16,24.78,33.989000000000004,4.68,0.3,0.14,2.71,7.53,0
2003-10-16,21.66,33.365,5.06,0.17,0.97,2.19,0.71,0
2003-10-16,24.82,34.13,4.98,,,,,0
2003-10-16,20.03,33.275,5.33,,,,,0
2003-10-16,18.0,31.0,5.0,,,3.0,6.0,0
2003-10-16,17.0,31.0,,,,,,0
2003-10-16,21.43,33.29,4.91,0.23,0.97,2.57,0.82,0
2003-10-16,18.16,31.794,5.61,0.36,0.23,3.51,6.49,0
2003-10-16,24.02,33.956,5.43,0.22,0.24,1.25,6.25,0
2003-10-16,19.45,31.651,,,,,,0
2003-10-16,21.52,33.424,5.3,,,,,0
2003-10-16,19.61,31.637,5.68,0.94,0.16,3.64,6.15,0
2003-10-16,24.85,34.027,5.44,,,,,0
2003-10-16,21.2,33.16,5.11,0.2,0.92,2.89,1.7,0
2003-10-16,19.17,32.578,5.79,,,,,0
2003-10-16,19.2,32.59,5.86,0.17,0.39,6.67,1.22,0
2003-10-16,25.01,33.794000000000004,5.45,0.23,0.17,4.46,6.83,0
2003-10-16,22.89,33.379,5.42,,,,,0
2003-10-16,20.19,32.74,5.22,0.27,0.46,7.99,1.83,0
2003-10-16,19.56,31.654,,,,,,0
2003-10-16,19.81,32.681,5.01,,,,,0
2003-10-16,22.0,33.529,4.95,0.17,0.27,33.78,1.38,0
2003-10-16,19.34,31.669,5.79,0.23,0.67,3.09,6.77,0
2003-10-16,23.48,33.687,5.38,0.21,0.22,2.61,8.66,0
2003-10-16,22.41,33.779,5.32,,,,,0
2003-10-16,19.37,31.644,,,,,,0
2003-10-16,23.37,33.728,5.37,,,,,0
2003-10-16,19.24,31.526,5.6,0.16,0.1,4.33,5.99,0
2003-10-16,21.91,33.525,5.25,0.19,0.61,6.31,1.03,0
2003-10-17,22.99,33.324,5.35,0.28,0.14,2.71,10.87,0
2003-10-17,19.33,31.692,5.37,,,,,0
2003-10-17,21.47,33.412,5.4,,,,,0
2003-10-17,21.12,31.447,5.69,,,,,0
2003-10-17,21.63,33.382,5.32,0.16,0.71,2.84,0.76,0
2003-10-17,20.95,31.273000000000003,6.02,0.22,0.75,8.5,13.51,0
2003-10-17,21.74,31.601,6.0,,,,,0
2003-10-17,20.68,33.208,5.18,,,,,0
2003-10-17,18.94,31.678,5.67,,,,,0
2003-10-17,21.0,33.335,5.39,0.17,0.29,1.86,0.75,0
2003-10-17,18.56,31.712,5.51,0.19,0.19,3.4,6.76,0
2003-10-17,17.99,31.813,,,,,,0
2003-10-17,20.54,30.711,5.99,,,,,0
2003-10-17,20.6,30.97300000000001,5.98,0.16,0.23,2.82,8.81,0
2003-10-17,17.18,31.895,5.83,0.29,0.16,5.52,7.72,0
2003-10-17,21.05,33.39,4.81,,,,,0
2003-10-17,20.43,31.22300000000001,5.82,,,,,0
2003-10-17,20.43,31.22300000000001,5.82,,,,,0
2003-10-17,16.56,31.97,,,,,,0
2003-10-17,21.44,33.406,5.05,0.14,0.16,3.3,1.11,0
2003-10-17,20.88,31.17,6.05,0.14,0.16,2.32,8.25,0
2003-10-17,20.3,31.338,5.69,0.17,0.1,3.57,9.05,0
2003-10-17,16.67,31.885,5.67,0.26,0.31,6.8,8.13,0
2003-10-17,20.62,31.279,5.74,,,,,0
2003-10-17,19.99,31.163,5.78,,,,,0
2003-10-17,21.83,33.475,5.01,,,,,0
2003-10-17,17.28,31.876,,,,,,0
2003-10-17,20.88,31.17,6.05,0.14,0.16,2.32,8.25,0
2003-10-17,17.83,31.686,5.37,0.65,0.6,11.87,10.31,0
2003-10-17,20.82,31.579,5.97,,,,,0
2003-10-17,21.7,33.427,5.34,0.21,0.39,2.89,0.82,0
2003-10-17,21.52,31.745,5.63,0.18,0.2,3.22,10.09,0
2003-10-17,22.57,33.684,4.9,,,,,0
2003-10-17,21.27,32.785,5.36,0.23,0.72,4.36,1.64,0
2003-10-17,22.49,33.028,5.92,,,,,0
2003-10-17,21.27,32.785,5.36,0.23,0.72,4.36,1.64,0
2003-10-17,21.17,32.725,5.38,,,,,0
2003-10-17,20.03,32.76,5.17,0.28,1.01,10.22,2.21,0
2003-10-17,19.99,31.163,5.78,,,,,0
2003-10-17,19.9,31.318,4.75,0.1,0.3,5.42,4.81,0
2003-10-17,19.1,31.274,,,,,,0
2003-10-18,18.64,31.437,4.2,0.19,0.35,5.57,7.7,0
2003-10-18,18.11,31.594,,,,,,0
2003-10-18,20.41,31.312,4.17,0.36,0.3,5.18,5.57,0
2003-10-18,19.84,31.398000000000003,,,,,,0
2003-10-18,22.15,33.12,5.59,0.26,0.17,10.23,12.96,0
2003-10-18,20.3,31.429,5.01,1.68,0.46,6.0,5.31,0
2003-10-18,21.28,32.326,5.74,,,,,0
2003-10-18,18.94,31.582,,,,,,0
2003-10-18,20.77,32.233000000000004,5.85,0.16,0.33,4.68,12.27,0
2003-10-18,18.18,31.979,5.79,0.32,0.31,4.71,18.06,0
2003-10-18,20.19,31.426,6.16,0.17,0.06,3.02,8.24,0
2003-10-18,20.19,31.159,6.36,0.28,0.06,5.99,9.38,0
2003-10-19,19.76,32.47,5.24,0.69,0.39,6.19,1.83,0
2003-10-19,20.01,32.401,5.59,,,,,0
2003-10-19,20.53,32.29,5.4,0.24,0.68,4.54,1.35,0
2003-10-19,23.23,33.89,5.23,,,,,0
2003-10-19,22.18,33.53,5.43,,,5.0,,0
2003-10-19,21.14,33.464,5.41,,,,,0
2003-10-19,22.91,33.905,4.96,,,,,0
2003-10-19,21.88,33.343,5.09,0.2,0.88,6.25,1.44,0
2003-10-19,20.45,32.639,5.36,,,,,0
2003-10-19,20.84,32.666,5.19,0.3,0.34,3.8,1.27,0
2003-10-26,18.85,31.769,5.58,,,,,0
2003-10-26,17.28,31.872,5.91,0.32,0.23,4.77,6.74,0
2003-10-26,18.38,31.66,5.59,,,,,0
2003-10-26,17.61,31.637,5.57,0.39,0.3,2.98,6.86,0
2003-10-26,16.12,31.905,,,,,,0
2003-10-26,15.79,31.996,6.0,1.26,0.66,8.71,7.66,0
2003-10-26,15.57,32.106,,,,,,0
2003-10-29,15.72,31.805,5.67,0.42,0.51,5.51,7.29,0
2003-10-29,15.99,31.949,,,,,,0
2003-10-30,15.47,32.093,5.16,0.48,0.35,7.19,8.81,0
2003-10-30,15.7,32.034,,,,,,0
2003-10-30,16.93,31.853,5.65,0.19,0.22,4.84,6.88,0
2003-10-30,17.03,31.839,,,,,,0
2003-10-30,16.88,31.845,5.04,0.58,0.24,3.48,6.91,0
2003-10-30,15.99,31.963,,,,,,0
2003-10-30,16.37,31.909,5.91,0.19,0.17,4.59,6.89,0
2003-10-30,16.43,31.896,5.83,,,,,0
2003-10-31,16.38,31.714,5.63,,,,,0
2003-10-31,15.98,31.699,5.8,0.13,0.27,4.32,6.82,0
2003-10-31,15.73,31.264,,,,,,0
2003-10-31,15.26,30.969,6.08,0.32,0.38,7.96,5.67,0
2003-10-31,7.0,31.0,,,,,,0
2003-10-31,15.54,31.003,6.12,0.77,0.56,6.55,5.38,0
2003-10-31,15.14,31.093000000000004,,,,,,0
2003-10-31,16.21,31.119,5.56,,,,,0
2003-11-06,23.42,34.343,6.71,0.12,0.45,7.4,3.52,0
2003-11-06,23.49,34.368,6.82,0.2,0.17,4.59,4.04,0
2003-11-06,23.43,34.286,6.58,,,,,0
2003-11-06,23.18,34.428000000000004,6.1,0.19,0.19,6.72,5.74,0
2003-11-06,23.14,34.185,6.34,,,,,0
2003-11-06,22.37,33.826,6.51,0.16,0.16,9.79,8.38,0
2003-11-07,20.34,31.985,6.45,,,,,0
2003-11-07,19.94,31.978,6.03,0.12,0.27,12.82,9.81,0
2003-11-07,20.39,31.801,6.01,,,,,0
2003-11-07,20.93,32.324,6.0,0.08,0.17,23.84,11.73,0
2003-11-07,21.37,32.944,6.0,0.09,0.17,27.28,12.17,0
2003-11-14,22.9,34.302,6.07,0.9,0.37,7.87,6.24,0
2003-11-14,22.74,34.322,6.14,,,,,0
2003-11-14,21.97,33.943000000000005,5.83,0.22,0.18,19.09,9.67,0
2003-11-14,21.67,33.669000000000004,5.83,,,,,0
2003-11-14,21.17,33.096,5.35,0.14,0.22,15.98,11.24,0
2003-11-14,20.81,32.873000000000005,5.79,,,,,0
2003-11-15,20.98,32.852,5.76,0.41,1.02,19.05,10.44,0
2003-11-15,22.91,34.233000000000004,5.76,0.05,0.82,10.22,4.27,0
2003-11-15,21.08,33.145,,,,,,0
2003-11-15,21.11,33.71,5.79,0.32,0.38,21.68,8.37,0
2003-11-15,21.06,33.848,5.83,0.28,0.09,20.41,8.48,0
2003-11-15,20.34,33.548,6.03,0.11,0.23,29.14,8.97,0
2003-11-15,20.62,33.389,6.17,0.61,0.23,26.41,9.99,0
2003-11-15,21.02,32.912,6.24,,,,,0
2003-11-15,20.82,32.617,5.07,0.39,0.33,25.93,10.78,0
2003-11-15,20.52,32.418,5.93,,,,,0
2003-11-15,20.87,32.673,5.73,0.27,0.44,24.77,9.62,0
2003-11-15,22.29,34.304,5.59,,,,,0
2003-11-15,22.48,34.365,5.23,0.28,0.65,9.53,5.88,0
2003-11-15,22.72,34.376999999999995,5.55,,,,,0
2003-11-15,22.26,34.363,5.9,0.31,0.05,8.12,3.02,0
2003-11-16,22.91,34.233000000000004,5.76,0.05,0.82,10.22,4.27,0
2003-12-09,10.84,33.318000000000005,5.96,0.03,0.71,10.71,5.38,0
2003-12-09,10.69,33.203,5.78,,,,,0
2003-12-09,10.23,33.088,5.85,,0.5,4.5,4.43,0
2003-12-09,15.45,33.887,5.76,,,,,0
2003-12-09,16.93,33.602,5.44,,0.79,5.14,5.85,0
2003-12-09,15.93,33.485,5.36,,,,,0
2003-12-09,16.96,33.791,5.35,,0.86,5.57,5.47,0
2003-12-10,14.73,33.289,5.42,,0.71,6.89,10.09,0
2003-12-10,14.73,33.289,5.42,,0.71,6.89,10.09,0
2003-12-10,15.82,33.828,5.48,,,,,0
2003-12-10,15.52,33.662,5.4,0.03,0.36,11.93,6.22,0
2003-12-10,15.54,33.274,5.35,,,,,0
2003-12-10,14.95,33.396,,,,,,0
2003-12-10,12.18,32.419000000000004,6.34,0.83,0.15,11.95,20.24,0
2003-12-10,16.42,33.642,5.31,,0.64,7.71,7.79,0
2003-12-10,11.34,32.329,,,,,,0
2003-12-10,12.1,32.443000000000005,5.37,0.73,0.14,10.33,16.65,0
2003-12-10,17.16,33.92,5.63,,,,,0
2003-12-10,12.47,32.453,,,,,,0
2003-12-10,15.28,33.789,5.76,,1.0,6.07,6.31,0
2003-12-10,12.76,32.29,5.27,0.77,0.15,5.94,18.41,0
2003-12-10,12.02,33.386,6.0,,,,,0
2003-12-10,12.93,32.03,,,,,,0
2003-12-10,15.59,33.831,5.73,,1.0,4.29,5.87,0
2003-12-10,13.65,31.949,5.79,0.17,0.38,5.34,14.74,0
2003-12-10,14.83,33.693000000000005,5.61,,0.93,5.43,4.25,0
2003-12-10,13.65,31.971,5.9,,,,,0
2003-12-10,12.04,32.113,6.29,,,,,0
2003-12-10,12.15,32.108000000000004,5.97,0.25,0.22,3.22,12.66,0
2003-12-10,12.15,32.108000000000004,5.97,0.25,0.22,3.22,12.66,0
2003-12-10,11.79,32.336,,,,,,0
2003-12-11,11.72,32.313,5.79,0.49,0.41,7.2,16.59,0
2003-12-11,11.78,32.455,,,,,,0
2003-12-11,11.27,32.302,5.63,0.65,0.18,7.23,16.87,0
2003-12-11,10.54,31.806,,,,,,0
2003-12-11,15.25,33.125,6.09,0.51,0.26,11.79,14.3,0
2003-12-11,19.28,34.39,5.54,,,,,0
2003-12-11,11.54,32.224000000000004,5.99,0.59,1.08,5.48,16.03,0
2003-12-11,19.13,34.316,5.58,0.43,0.35,9.77,12.61,0
2003-12-11,11.66,32.299,,,,,,0
2003-12-11,10.69,32.287,5.8,0.77,0.32,7.32,18.34,0
2003-12-11,10.97,32.249,,,,,,0
2003-12-11,10.69,32.265,6.29,0.7,0.41,8.77,18.27,0
2003-12-11,10.93,32.226,,,,,,0
2003-12-13,16.94,34.061,5.41,0.36,0.53,10.6,9.4,0
2003-12-13,16.52,33.894,5.32,,,,,0
2003-12-13,16.26,33.268,5.09,0.95,0.44,10.76,13.3,0
2003-12-13,14.38,32.812,5.08,,,,,0
2003-12-13,14.8,33.311,5.44,0.63,0.5,11.62,16.44,0
2003-12-13,14.52,32.788000000000004,5.42,,,,,0
2003-12-13,13.3,32.976,5.39,,,,,0
2003-12-13,14.73,33.516,5.4,,,,,0
2003-12-13,18.37,34.352,5.45,0.35,0.61,13.7,10.89,0
2003-12-13,18.78,34.035,5.43,,,,,0
2003-12-14,19.3,34.27,5.45,,,,,0
2003-12-14,19.58,34.291,5.46,0.33,0.81,5.73,6.6,0
2003-12-14,19.18,33.954,5.53,,,,,0
2003-12-14,14.61,33.001999999999995,5.43,0.59,0.19,10.59,14.07,0
2003-12-14,13.37,32.54,5.63,,,,,0
2003-12-14,13.6,33.163000000000004,5.75,0.59,0.42,10.87,15.32,0
2003-12-14,14.0,32.563,6.13,,,,,0
2003-12-14,11.64,32.755,6.26,0.57,0.27,9.91,14.7,0
2003-12-14,13.87,33.321,6.38,,,,,0
2003-12-14,14.4,33.654,5.15,0.03,0.86,7.5,7.21,0
2003-12-14,14.09,33.598,5.15,,0.86,7.86,7.56,0
2003-12-14,14.54,33.681999999999995,5.3,,,,,0
2003-12-14,18.81,34.406,6.45,0.6,0.3,11.57,16.34,0
2003-12-14,14.82,33.617,5.43,,0.86,8.64,16.79,0
2003-12-14,19.34,34.149,5.27,,,,,0
2003-12-14,17.34,34.114000000000004,5.47,,,,,0
2003-12-14,18.43,32.363,5.27,0.46,0.86,8.24,10.02,0
2003-12-14,19.58,34.291,5.46,0.33,0.81,5.73,6.6,0
2003-12-14,16.59,33.891,5.62,,0.86,5.21,21.77,0
2003-12-14,16.06,33.901,5.43,,,,,0
2003-12-14,15.37,33.336,5.24,,0.79,5.79,7.19,0
2003-12-14,16.16,33.915,5.69,,,,,0
2003-12-14,14.04,33.836,5.56,,0.71,6.5,3.02,0
2003-12-15,16.39,33.914,5.68,,0.64,7.79,3.7,0
2003-12-15,15.36,33.86,5.57,,,,,0
2003-12-15,16.36,33.897,5.53,0.03,0.64,7.79,8.73,0
2003-12-16,18.57,33.947,5.18,0.22,0.6,9.75,8.12,0
2003-12-16,19.65,34.105,5.17,,,,,0
2003-12-16,19.52,34.438,5.15,0.2,0.64,9.47,5.98,0
2003-12-16,20.03,34.447,5.15,,,,,0
2003-12-16,20.03,34.083,5.24,0.2,0.5,4.09,4.19,0
2003-12-16,20.01,33.833,5.23,,,,,0
2003-12-16,20.17,34.341,5.02,0.77,0.1,9.1,5.97,0
2003-12-16,10.46,32.244,5.99,0.38,0.51,5.29,14.23,0
2003-12-16,19.44,33.865,5.01,,,,,0
2003-12-16,10.96,32.072,6.17,,,,,0
2003-12-16,18.82,34.212,5.32,0.28,0.71,5.3,6.92,0
2003-12-16,11.02,31.902,6.03,,,,,0
2003-12-17,10.83,31.966,6.16,0.18,0.34,3.36,11.47,0
2003-12-17,11.66,32.299,,,,,,0
2003-12-21,17.71,33.918,5.21,,,,,0
2003-12-21,17.75,33.296,5.4,0.49,0.82,12.98,10.26,0
2003-12-21,17.85,34.412,5.38,,,,,0
2003-12-21,8.89,32.288000000000004,,,,,,0
2003-12-21,17.63,34.214,5.42,0.49,0.58,8.39,9.28,0
2003-12-21,8.97,32.108000000000004,6.42,0.63,0.47,6.06,16.01,0
2003-12-21,9.32,32.166,6.42,,,8.0,15.0,0
2003-12-21,17.1,34.184,5.43,,,,,0
2003-12-21,9.5,32.271,6.25,0.79,0.4,8.93,17.39,0
2003-12-21,9.61,32.34,,,,,,0
2003-12-21,16.82,34.079,5.69,,,,,0
2003-12-21,16.62,34.061,5.79,0.25,0.22,7.7,9.07,0
2003-12-21,9.05,32.317,5.76,0.75,0.23,10.59,18.32,0
2003-12-21,16.06,34.525,5.55,,,,,0
2003-12-21,8.81,32.212,,,,,,0
2003-12-21,18.82,34.212,5.32,0.28,0.71,5.3,6.92,0
2003-12-21,16.3,34.325,5.05,,0.71,6.57,10.08,0
2003-12-21,16.99,33.758,5.4,0.6,0.42,9.8,10.38,0
2003-12-21,8.98,32.234,6.17,0.75,0.37,8.37,15.99,0
2003-12-21,16.81,34.387,5.07,,,,,0
2003-12-21,17.06,34.483000000000004,5.31,,,,,0
2003-12-21,17.05,34.474000000000004,5.53,0.47,0.53,12.84,11.21,0
2003-12-21,17.57,34.439,5.16,,0.86,5.5,3.46,0
2003-12-22,17.13,34.295,5.43,,,,,0
2003-12-22,17.54,34.358000000000004,5.41,,,,,0
2003-12-22,17.28,34.485,5.38,0.29,0.61,9.74,9.8,0
2003-12-22,9.28,32.288000000000004,6.06,0.9,0.19,10.07,17.81,0
2003-12-22,17.23,34.01,5.24,,,,,0
2003-12-22,8.42,32.262,,,,,,0
2003-12-22,15.53,34.069,5.49,,,,,0
2003-12-22,7.82,32.079,6.28,0.76,0.26,8.96,16.18,0
2003-12-22,15.89,33.833,5.16,0.43,0.35,9.77,12.61,0
2003-12-22,7.95,31.948,,,,,,0
2003-12-22,16.1,33.887,5.16,,,,,0
2003-12-22,16.6,34.24,5.46,,0.86,5.71,6.38,0
2003-12-22,8.43,31.896,6.65,0.46,0.4,5.21,14.22,0
2003-12-22,12.37,32.995,5.75,0.51,0.26,11.79,14.3,0
2003-12-22,10.81,32.585,5.2,,,,,0
2003-12-22,16.27,33.935,5.42,,,,,0
2003-12-22,9.01,32.021,,,,,,0
2003-12-22,16.5,34.22,5.33,,0.71,11.0,3.7,0
2003-12-22,9.57,32.197,6.12,0.31,0.57,3.38,14.89,0
2003-12-22,16.59,34.405,5.27,,,,,0
2003-12-22,16.05,33.6,5.29,,0.64,9.14,19.53,0
2003-12-22,16.15,34.343,5.43,0.26,0.14,13.21,5.4,0
2003-12-22,10.99,33.204,5.18,,,,,0
2003-12-22,11.99,33.454,5.74,,,,,0
2003-12-22,11.99,33.454,5.74,,,,,0
2003-12-22,9.53,31.846,6.42,,,,,0
2003-12-22,9.53,31.826,6.39,0.31,0.38,4.47,13.12,0
2003-12-22,8.09,31.966,,,,,,0
2003-12-22,8.09,31.966,,,,,,0
2003-12-22,7.67,31.925,6.6,0.39,0.24,6.27,14.49,0
2003-12-22,16.28,34.344,5.36,,,,,0
2003-12-22,7.89,32.013000000000005,6.34,0.91,0.19,11.2,18.34,0
2003-12-22,7.84,31.721,,,,,,0
2003-12-22,9.12,31.409,6.43,0.88,0.12,11.19,17.05,0
2003-12-23,16.25,34.196,5.19,,0.64,6.86,24.35,0
2003-12-23,16.54,34.277,5.43,,,,,0
2003-12-23,16.51,34.223,5.53,,0.57,7.86,20.65,0
2003-12-23,16.31,34.169000000000004,5.38,,,,,0
2003-12-23,16.02,34.171,5.66,,0.71,6.36,18.61,0
2003-12-23,16.19,34.14,5.44,,,,,0
2003-12-23,15.93,34.106,5.7,,,,,0
2003-12-24,15.88,34.068000000000005,5.62,,,,,0
2003-12-24,15.96,34.141,5.48,,,,,0
2003-12-24,15.96,34.094,5.56,,,,,0
2003-12-24,16.37,34.28,5.47,,,,,0
2003-12-24,16.56,34.288000000000004,5.41,,,,,0
2003-12-24,16.4,34.368,5.57,,0.71,5.93,18.49,0
2003-12-24,14.38,34.263000000000005,5.23,,,,,0
2003-12-24,14.07,34.355,5.09,,0.79,6.5,22.7,0
2003-12-24,16.02,34.347,5.53,,0.86,6.57,17.2,0
2003-12-24,15.85,34.341,5.49,,,,,0
2003-12-24,16.47,34.322,5.65,,0.86,6.57,30.56,0
2003-12-24,15.8,34.145,5.71,,,,,0
2003-12-24,16.49,34.302,5.54,,0.64,7.07,17.62,0
2003-12-24,15.7,34.085,5.41,,,,,0
2004-01-29,13.04,34.095,6.05,0.55,0.09,16.64,15.41,0
2004-01-29,12.87,33.922,6.11,,,,,0
2004-01-29,13.96,34.325,5.9,0.66,0.16,11.91,12.96,0
2004-01-29,14.7,34.424,5.81,0.41,0.19,9.88,12.29,0
2004-01-29,14.65,34.439,5.88,,,,,0
2004-01-29,12.95,33.883,5.99,0.43,0.17,10.52,13.2,0
2004-01-29,10.77,32.992,6.75,0.45,0.24,11.56,16.2,0
2004-01-29,9.74,33.655,6.57,0.49,0.25,10.42,15.57,0
2004-01-29,10.29,33.846,6.5,0.48,0.15,13.53,17.08,0
2004-01-29,8.68,33.673,6.6,,,,,0
2004-01-29,12.99,34.238,6.1,,,,,0
2004-01-29,15.44,34.201,5.71,0.42,0.23,11.39,12.6,0
2004-01-30,15.79,33.993,5.8,,,,,0
2004-01-30,15.65,33.455,5.99,,,,,0
2004-01-30,16.26,34.144,5.92,0.34,0.21,9.19,9.29,0
2004-01-30,15.47,33.25,5.9,,,,,0
2004-01-30,15.79,33.993,5.8,,,,,0
2004-01-30,14.35,34.269,5.99,0.44,0.17,9.95,12.1,0
2004-01-30,11.69,34.131,6.2,,,,,0
2004-01-30,12.47,34.29,6.22,0.46,0.18,15.0,15.37,0
2004-01-30,10.07,33.861,6.7,,,,,0
2004-01-30,7.85,33.466,6.89,0.56,0.24,13.32,18.56,0
2004-01-30,12.22,34.213,5.9,,,,,0
2004-01-30,16.17,33.744,5.65,0.39,0.2,8.63,10.31,0
2004-01-30,16.72,34.633,5.9,,,,,0
2004-01-30,16.45,34.463,5.74,0.35,0.16,8.03,8.93,0
2004-01-30,16.66,34.626,5.53,0.36,0.18,9.54,9.53,0
2004-01-30,16.76,34.672,5.7,,,,,0
2004-01-30,16.87,34.407,6.05,0.37,0.22,12.82,10.51,0
2004-01-30,16.71,33.907,6.15,,,,,0
2004-01-30,16.99,34.393,5.53,0.37,0.25,22.1,14.56,0
2004-01-30,17.14,34.607,5.75,,,,,0
2004-01-31,16.85,34.55,5.7,0.41,0.24,8.25,8.5,0
2004-01-31,16.71,34.001999999999995,5.81,,,,,0
2004-01-31,16.73,34.34,5.67,0.38,0.12,7.24,7.54,0
2004-01-31,15.88,34.5,5.72,,,,,0
2004-02-07,9.74,34.013000000000005,5.79,0.14,0.25,6.34,8.9,0
2004-02-08,15.21,34.678000000000004,5.89,0.35,0.09,7.46,7.63,0
2004-02-08,15.59,34.722,5.9,,,,,0
2004-02-08,14.61,34.496,5.78,0.47,0.07,16.15,12.84,0
2004-02-08,13.98,34.438,5.8,,,,,0
2004-02-09,12.14,34.059,6.0,,,,,0
2004-02-09,13.03,34.317,6.15,0.58,0.05,12.93,13.69,0
2004-02-09,13.98,34.449,6.11,,,,,0
2004-02-09,14.38,34.477,5.72,0.52,0.05,14.38,13.15,0
2004-02-09,14.16,34.469,5.8,,,,,0
2004-02-09,14.02,34.467,5.81,0.48,0.06,14.52,13.85,0
2004-02-09,14.55,34.524,5.81,,,,,0
2004-02-09,15.24,34.664,5.8,0.49,0.05,9.44,9.64,0
2004-02-09,9.74,34.524,6.04,,,,,0
2004-02-09,9.43,33.951,6.02,0.14,0.3,7.85,8.2,0
2004-02-09,14.83,34.601,5.99,,,,,0
2004-02-09,9.27,34.064,6.09,,,,,0
2004-02-09,14.43,34.521,6.02,0.53,0.06,13.19,12.0,0
2004-02-09,10.76,33.933,5.83,0.14,0.17,7.66,7.29,0
2004-02-09,13.58,34.137,6.22,,,,,0
2004-02-09,11.79,34.156,6.31,0.6,0.06,9.59,13.66,0
2004-02-09,10.33,33.615,5.42,,,,,0
2004-02-09,10.28,33.742,6.2,,,,,0
2004-02-09,10.07,33.861,6.7,,,,,0
2004-02-09,7.75,33.78,6.59,,,,,0
2004-02-10,11.7,34.531,5.88,0.14,0.17,6.56,6.59,0
2004-02-10,10.48,33.794000000000004,5.35,0.14,0.26,5.47,6.88,0
2004-02-10,10.64,33.859,5.35,,,,,0
2004-02-11,10.8,33.942,5.78,0.14,0.23,6.11,6.65,0
2004-02-11,11.0,34.04,5.77,,,,,0
2004-02-11,10.91,33.969,5.67,0.14,0.15,5.93,5.14,0
2004-02-11,11.17,34.076,5.76,,,,,0
2004-02-11,9.58,33.975,5.81,0.14,0.17,7.36,5.17,0
2004-02-11,9.96,34.147,5.94,,,,,0
2004-02-11,10.1,33.896,6.52,0.14,0.23,7.33,8.85,0
2004-02-11,3.27,31.445,7.38,0.84,0.43,11.93,10.45,0
2004-02-11,9.44,34.054,4.58,,,,,0
2004-02-12,6.83,32.082,6.69,,,,,0
2004-02-12,3.09,31.57800000000001,,,,,,0
2004-02-12,9.82,34.21,,,,,,0
2004-02-12,9.47,34.049,6.08,0.14,0.16,8.15,10.82,0
2004-02-12,3.92,31.788,6.87,0.55,0.46,7.97,8.75,0
2004-02-12,10.98,34.289,5.79,,,,,0
2004-02-12,10.37,33.992,5.86,0.14,0.24,8.11,9.62,0
2004-02-12,4.34,31.891,,,,,,0
2004-02-12,6.21,32.087,6.96,0.8,0.32,7.7,6.73,0
2004-02-12,10.87,34.13,5.81,,,,,0
2004-02-12,6.21,32.119,,,,,,0
2004-02-12,6.88,32.042,6.98,0.61,0.35,5.79,7.34,0
2004-02-12,10.86,34.145,5.82,0.14,0.15,8.25,8.24,0
2004-02-12,7.03,32.042,6.71,,,,,0
2004-02-12,11.12,34.139,5.78,,,,,0
2004-02-12,10.82,33.865,5.75,0.14,0.22,7.75,7.12,0
2004-02-12,10.87,33.934,5.74,,,,,0
2004-02-12,10.44,33.776,5.38,0.14,0.2,7.57,6.5,0
2004-02-12,9.95,33.919000000000004,5.91,,,,,0
2004-02-13,6.64,32.117,6.62,0.48,0.28,5.44,9.62,0
2004-02-13,10.56,33.704,4.8,0.14,0.2,5.66,5.4,0
2004-02-13,6.45,32.133,,,,,,0
2004-02-13,9.15,33.811,5.74,,,,,0
2004-02-13,6.06,32.13,6.83,0.44,0.29,6.13,9.05,0
2004-02-13,5.93,32.145,,,,,,0
2004-02-13,5.01,32.065,7.13,0.56,0.42,8.82,9.47,0
2004-02-13,11.7,34.03,5.64,,,,,0
2004-02-13,4.71,31.921,,,,,,0
2004-02-13,4.91,31.943,6.99,0.71,0.28,11.5,12.22,0
2004-02-13,4.68,31.845,,,,,,0
2004-02-13,12.29,34.166,5.57,0.14,0.18,6.1,5.87,0
2004-02-13,4.68,31.845,,,,,,0
2004-02-13,11.84,34.043,5.57,,,,,0
2004-02-13,4.33,31.767,7.22,0.57,0.39,10.38,11.06,0
2004-02-13,12.26,34.202,5.12,0.14,0.63,6.61,6.72,0
2004-02-13,10.63,33.916,5.9,,,,,0
2004-02-15,4.61,31.738000000000003,7.28,0.71,0.36,11.21,9.07,0
2004-02-15,4.96,31.984,,,,,,0
2004-02-15,5.88,32.25,7.04,0.77,0.43,11.75,6.56,0
2004-02-15,5.79,32.171,,,,,,0
2004-02-15,6.13,32.202,6.87,0.64,0.27,8.57,10.82,0
2004-02-15,5.85,32.136,,,,,,0
2004-02-15,6.66,32.218,6.52,0.73,0.45,8.72,12.2,0
2004-02-15,6.65,32.207,,,,,,0
2004-02-15,6.69,32.225,6.57,0.8,0.59,8.56,7.34,0
2004-02-15,6.79,32.179,6.65,,,,,0
2004-02-16,6.97,32.333,6.62,0.59,0.42,6.82,12.67,0
2004-02-16,6.71,32.323,,,,,,0
2004-02-16,6.53,32.269,6.73,0.64,0.36,9.24,10.46,0
2004-02-16,6.32,32.196,,,,,,0
2004-02-16,6.17,32.186,6.69,0.5,0.29,7.21,11.43,0
2004-02-16,5.95,32.295,,,,,,0
2004-02-16,4.68,32.118,7.52,0.62,0.45,9.07,7.32,0
2004-02-16,11.14,34.21,5.35,0.14,0.58,7.32,6.26,0
2004-02-16,5.58,32.393,,,,,,0
2004-02-16,10.68,33.944,5.48,,,,,0
2004-02-16,7.03,32.428000000000004,6.76,0.89,0.32,10.54,10.79,0
2004-02-16,10.46,34.117,5.69,0.14,0.21,7.4,6.4,0
2004-02-16,10.75,34.044000000000004,5.77,,,,,0
2004-02-16,10.19,34.087,5.64,0.14,0.3,7.95,6.7,0
2004-02-16,11.12,34.234,5.2,,,,,0
2004-02-16,11.22,34.178000000000004,6.36,,,,,0
2004-02-17,7.05,32.356,6.58,,,,,0
2004-02-17,7.06,32.465,,,,,,0
2004-02-17,7.28,32.427,6.56,0.75,0.43,9.15,10.3,0
2004-02-17,7.87,32.553000000000004,,,,,,0
2004-02-17,8.35,32.663000000000004,6.54,0.7,0.24,7.24,9.05,0
2004-02-17,8.2,32.609,6.45,,,,,0
2004-02-17,9.94,33.407,6.27,,,,,0
2004-02-17,8.81,32.983000000000004,6.41,0.62,0.45,7.61,9.19,0
2004-02-18,11.99,34.406,5.59,,,,,0
2004-02-18,8.92,32.995,,,,,,0
2004-02-18,9.26,33.202,6.33,0.44,0.4,8.61,10.45,0
2004-02-18,10.48,33.602,,,,,,0
2004-02-18,9.63,33.322,6.31,0.59,0.35,7.99,10.32,0
2004-02-18,7.23,32.623000000000005,,,,,,0
2004-02-18,7.92,32.87,6.48,0.74,0.26,7.78,10.83,0
2004-02-18,8.8,33.144,,,,,,0
2004-02-18,10.39,34.423,5.82,,,,,0
2004-02-18,11.31,34.28,5.33,,,,,0
2004-02-18,11.28,34.452,5.8,0.14,0.33,7.73,6.63,0
2004-02-18,10.65,34.426,5.95,,,,,0
2004-02-18,10.82,34.391,6.02,0.14,0.32,7.82,7.17,0
2004-02-18,11.02,34.467,5.91,,,,,0
2004-02-18,12.06,34.478,5.86,0.14,0.33,6.39,7.68,0
2004-02-18,11.95,34.409,5.55,,,,,0
2004-02-18,10.85,34.318000000000005,5.36,0.14,0.38,6.3,6.43,0
2004-02-19,13.16,34.57,5.54,0.14,0.38,6.64,5.8,0
2004-02-19,12.16,34.461,5.75,,,,,0
2004-02-19,12.39,34.424,5.33,0.14,0.34,6.49,8.96,0
2004-02-19,13.26,34.365,5.3,,,,,0
2004-02-19,12.8,34.313,5.02,0.14,0.37,6.92,8.77,0
2004-02-19,11.06,34.44,5.43,,,,,0
2004-02-19,10.98,34.323,,,,,,0
2004-02-19,12.95,34.51,,,,,,0
2004-02-19,12.92,34.54,5.64,,,,,0
2004-02-19,13.31,34.516,5.64,0.08,0.31,7.41,7.04,0
2004-02-19,13.67,34.6,5.57,,,,,0
2004-02-19,12.48,34.568000000000005,5.75,0.1,0.38,6.56,5.48,0
2004-02-19,13.64,34.61,5.28,,,,,0
2004-02-19,13.68,34.606,5.18,,,,,0
2004-02-19,14.3,34.656,5.41,0.08,0.33,6.91,8.64,0
2004-02-19,14.05,34.626999999999995,5.21,,,,,0
2004-02-19,13.49,34.559,5.7,0.08,0.34,7.15,8.45,0
2004-03-07,16.16,34.736,5.98,,,,,0
2004-03-07,15.97,34.764,6.35,0.24,0.36,4.57,6.61,0
2004-03-08,16.06,34.584,6.11,0.13,0.31,8.09,5.28,0
2004-03-08,15.81,34.681,5.94,0.41,0.58,4.09,6.35,0
2004-03-08,11.93,33.597,7.61,,,,,0
2004-03-08,11.93,33.597,7.61,,,,,0
2004-03-08,11.93,33.597,7.61,,,,,0
2004-03-08,11.88,33.387,6.55,,,,,0
2004-03-08,9.97,32.839,7.78,,,,,0
2004-03-08,9.67,32.492,7.08,0.44,0.32,7.29,13.36,0
2004-03-08,9.23,32.3,7.69,0.73,0.24,5.53,12.48,0
2004-03-08,9.39,32.42,8.1,,,,,0
2004-03-08,9.38,32.75,7.0,,,,,0
2004-03-08,9.72,33.087,7.08,0.62,0.32,10.18,15.16,0
2004-03-08,9.13,32.415,7.37,0.7,0.12,10.14,17.5,0
2004-03-09,8.72,32.014,7.82,0.8,0.14,10.13,15.69,0
2004-03-09,16.16,34.63,5.9,,,,,0
2004-03-09,15.47,34.556999999999995,5.94,,,,,0
2004-03-09,8.48,31.96,7.37,,,,,0
2004-03-09,8.41,32.017,7.37,0.75,0.25,7.87,12.67,0
2004-03-09,9.07,33.721,7.78,,,,,0
2004-03-09,11.24,33.586,8.79,,,,,0
2004-03-09,12.32,33.784,6.64,,,,,0
2004-03-09,14.08,34.493,6.15,,,,,0
2004-03-09,15.47,34.556999999999995,5.94,,,,,0
2004-03-09,16.16,34.63,5.9,,,,,0
2004-03-11,16.16,34.736,5.94,,,,,0
2004-03-11,14.78,34.523,6.07,0.2,0.79,4.65,6.37,0
2004-03-11,14.01,34.458,5.98,,,,,0
2004-03-11,12.97,34.047,6.47,,,,,0
2004-03-12,12.94,34.459,7.78,,,,,0
2004-03-12,10.81,33.645,7.12,,,,,0
2004-03-13,9.1,32.675,7.17,,,,,0
2004-03-13,8.24,31.963,7.41,,,,,0
2004-03-13,8.14,31.856,7.37,0.33,0.12,8.57,11.73,0
2004-04-08,13.58,34.401,6.2,0.2,0.54,1.63,2.11,0
2004-04-08,14.04,34.638000000000005,6.48,,,,,0
2004-04-08,14.82,34.751,6.98,0.21,0.56,1.65,3.69,0
2004-04-08,15.72,34.893,6.24,0.23,0.63,1.46,3.15,0
2004-04-08,14.84,34.287,6.88,,,,,0
2004-04-08,11.95,34.037,6.9,0.43,0.76,1.33,4.93,0
2004-04-08,11.76,34.076,6.92,0.37,0.11,4.49,5.07,0
2004-04-08,12.65,34.111,7.64,0.22,0.29,1.45,1.65,0
2004-04-08,11.71,33.995,7.42,,,,,0
2004-04-08,11.72,33.998000000000005,7.45,,,,,0
2004-04-08,12.63,34.219,6.72,,,,,0
2004-04-09,15.04,34.559,6.83,0.15,0.63,1.11,1.04,0
2004-04-09,15.01,34.587,6.74,,,,,0
2004-04-09,15.52,34.647,5.92,,,,,0
2004-04-09,15.52,34.611999999999995,5.86,0.36,0.62,1.51,4.84,0
2004-04-09,15.01,34.358000000000004,6.08,,,,,0
2004-04-09,14.01,34.742,6.09,0.24,0.76,1.39,0.24,0
2004-04-09,12.73,34.331,6.13,,,,,0
2004-04-09,11.38,33.854,7.08,0.36,0.62,1.85,9.24,0
2004-04-09,11.57,33.635,7.1,,,,,0
2004-04-09,11.98,34.036,6.41,0.33,0.43,2.68,9.78,0
2004-04-09,12.46,34.31,6.48,,,,,0
2004-04-09,13.95,34.643,6.7,0.09,0.12,2.01,3.48,0
2004-04-09,16.16,34.721,6.83,,,,,0
2004-04-09,14.17,34.651,6.78,0.24,0.47,1.98,3.61,0
2004-04-09,14.71,34.51,7.55,0.16,0.37,1.43,3.87,0
2004-04-09,15.78,34.639,7.48,,,,,0
2004-04-09,15.86,34.604,5.84,0.25,0.04,1.81,3.76,0
2004-04-09,15.64,34.609,5.92,,,,,0
2004-04-10,16.37,34.703,6.06,0.2,0.7,1.23,3.76,0
2004-04-10,16.66,34.643,6.42,,,,,0
2004-04-10,16.22,34.594,6.48,0.1,0.54,1.31,3.39,0
2004-04-10,16.18,34.642,6.52,,,,,0
2004-04-10,15.8,34.576,6.23,0.04,0.52,1.29,3.44,0
2004-04-10,14.9,34.602,6.38,,,,,0
2004-04-10,13.1,34.274,6.57,0.39,0.38,1.59,6.86,0
2004-04-10,12.76,34.115,7.42,,,,,0
2004-04-10,12.14,33.81,7.6,0.23,0.05,1.8,6.2,0
2004-04-10,11.66,33.727,7.58,,,,,0
2004-04-10,10.64,33.121,7.08,,,,,0
2004-04-10,11.01,33.394,7.02,0.29,0.98,1.16,8.69,0
2004-04-10,11.7,33.927,6.52,,,,,0
2004-04-10,12.27,34.234,6.44,0.22,0.71,1.53,9.87,0
2004-04-10,12.26,34.3,6.28,,,,,0
2004-04-10,12.79,34.35,6.21,0.23,0.67,1.55,8.18,0
2004-04-11,12.97,34.496,6.57,,,,,0
2004-04-11,13.04,34.27,6.67,0.29,0.51,1.4,7.44,0
2004-04-11,14.36,34.479,6.63,,,,,0
2004-04-12,14.28,34.357,6.7,,,,,0
2004-04-12,11.4,34.013000000000005,6.83,,,,,0
2004-04-12,12.57,34.357,6.28,0.23,0.26,3.36,8.23,0
2004-04-12,12.87,34.203,6.48,,,,,0
2004-04-13,12.33,33.893,6.48,,,,,0
2004-04-13,12.27,33.759,6.98,,,,,0
2004-04-18,6.97,31.494,6.63,0.49,0.33,10.39,3.82,0
2004-04-18,8.0,31.459,,,,,,0
2004-04-18,9.13,31.725,7.34,0.3,0.24,1.9,2.29,0
2004-04-18,8.72,31.772,,,,,,0
2004-04-18,9.71,32.032,6.88,0.15,0.23,1.31,1.37,0
2004-04-18,9.81,32.208,,,,,,0
2004-04-18,9.89,32.173,7.0,0.06,0.1,1.51,1.4,0
2004-04-18,9.83,32.266,6.94,,,,,0
2004-04-18,10.43,32.359,6.32,,,,,0
2004-04-18,10.24,32.26,6.74,0.05,0.21,0.63,0.03,0
2004-04-18,10.34,32.224000000000004,,,,,,0
2004-04-18,10.35,32.175,6.76,0.21,0.26,0.76,3.13,0
2004-04-18,10.26,32.13,,,,,,0
2004-04-19,9.99,31.822,8.13,0.03,0.17,0.69,0.48,0
2004-04-19,10.22,31.8,,,,,,0
2004-04-19,8.48,31.737,8.19,0.25,0.11,1.05,0.48,0
2004-04-19,7.48,31.805,,,,,,0
2004-04-19,8.64,31.643,7.98,0.33,0.21,1.69,0.82,0
2004-04-20,8.96,31.745,7.6,0.13,0.29,0.73,0.23,0
2004-04-20,8.64,31.835,,,,,,0
2004-04-20,8.8,32.016,7.39,0.14,0.44,0.62,4.11,0
2004-04-20,10.82,31.976,,,,,,0
2004-04-20,9.43,34.159,6.54,0.23,0.47,6.67,8.3,0
2004-04-20,11.37,32.007,7.35,0.15,0.23,1.7,0.28,0
2004-04-20,9.23,34.123000000000005,6.59,,,,,0
2004-04-20,10.54,32.142,,,,,,0
2004-04-20,9.15,34.134,6.82,0.22,0.49,5.11,7.38,0
2004-04-20,10.55,32.071,6.85,0.2,0.16,0.28,0.23,0
2004-04-20,11.18,32.174,,,,,,0
2004-04-20,13.29,34.483000000000004,5.93,,,,,0
2004-04-20,11.23,32.195,6.7,0.11,0.21,1.0,0.32,0
2004-04-20,13.82,34.507,5.31,0.1,0.28,6.41,6.36,0
2004-04-20,11.35,32.278,7.0,,,,,0
2004-04-21,13.72,34.554,5.27,,,,,0
2004-04-21,10.86,32.184,7.05,,,,,0
2004-04-21,13.46,34.515,4.8,0.09,0.24,4.32,5.11,0
2004-04-21,10.72,32.205,6.92,0.09,0.27,2.27,0.21,0
2004-04-21,10.94,32.16,,,,,,0
2004-04-21,10.82,32.089,7.82,0.08,0.24,2.16,0.16,0
2004-04-21,10.59,32.111999999999995,,,,,,0
2004-04-21,10.1,32.097,7.23,0.53,0.3,3.37,3.64,0
2004-04-21,9.51,32.056,,,,,,0
2004-04-21,12.39,34.28,5.25,0.12,0.15,3.96,6.35,0
2004-04-21,9.87,31.837,6.71,0.33,0.39,2.46,5.18,0
2004-04-21,11.7,34.21,5.17,,,,,0
2004-04-21,11.87,34.2,5.83,0.07,0.27,3.75,6.92,0
2004-04-21,9.03,32.342,,,,,,0
2004-04-21,8.3,32.133,6.86,0.71,0.46,4.87,8.25,0
2004-04-21,12.77,34.3,4.9,,,,,0
2004-04-21,12.45,34.3,5.11,0.1,0.24,3.53,6.02,0
2004-04-21,14.55,34.55,4.8,,,,,0
2004-04-21,14.05,34.52,4.96,0.1,0.28,5.18,7.64,0
2004-04-21,15.18,34.56,4.12,,,,,0
2004-04-21,11.44,34.3,5.36,0.14,0.1,5.69,8.08,0
2004-04-21,9.68,34.28,5.78,,,,,0
2004-04-24,8.18,32.312,,,,,,0
2004-04-24,8.75,32.357,6.93,0.46,0.58,2.49,5.9,0
2004-04-24,9.81,32.28,,,,,,0
2004-04-24,9.81,32.33,7.44,0.07,0.26,0.89,2.08,0
2004-04-24,10.04,32.346,,,,,,0
2004-04-25,10.24,32.558,7.09,,,,,0
2004-04-25,9.91,32.535,7.23,0.16,0.19,0.49,2.51,0
2004-04-25,10.5,32.819,,,,,,0
2004-04-25,10.16,32.839,6.81,0.31,0.28,1.4,5.84,0
2004-04-25,9.14,32.728,,,,,,0
2004-04-25,9.67,33.033,6.47,0.57,0.21,1.73,10.65,0
2004-04-25,9.79,33.043,,,,,,0
2004-04-25,11.93,33.797,6.8,0.15,0.16,1.26,3.15,0
2004-04-25,12.62,34.029,,,,,,0
2004-04-29,13.36,34.312,5.49,,,,,0
2004-04-29,13.61,34.292,5.27,0.05,0.18,4.75,8.98,0
2004-04-29,13.15,34.639,5.28,,,,,0
2004-04-29,12.6,34.687,5.7,0.14,0.13,5.86,10.7,0
2004-04-29,15.2,34.6,4.89,,,,,0
2004-04-29,12.3,34.24,5.16,,,,,0
2004-04-29,11.9,34.179,5.5,0.12,0.21,5.12,5.52,0
2004-04-29,11.74,34.283,5.48,,,,,0
2004-04-29,12.02,34.196,6.09,0.1,0.16,4.46,5.84,0
2004-04-30,12.78,34.497,5.63,0.06,0.09,5.04,6.88,0
2004-04-30,12.75,34.461,5.55,,,,,0
2004-04-30,12.79,34.418,5.32,0.07,0.11,5.47,5.98,0
2004-04-30,12.3,34.341,5.03,,,,,0
2004-04-30,14.9,34.53,4.91,0.05,0.15,5.47,6.72,0
2004-04-30,13.82,34.334,5.12,,,,,0
2004-04-30,14.78,34.47,5.03,0.05,0.24,3.53,8.78,0
2004-04-30,14.97,34.513000000000005,5.16,,,,,0
2004-04-30,14.91,34.48,5.09,,,,,0
2004-05-02,14.64,34.243,5.78,,0.31,5.9,6.97,0
2004-05-02,15.46,34.473,4.73,,,,,0
2004-05-02,15.9,34.566,4.95,,0.22,5.04,6.74,0
2004-05-02,15.75,34.606,4.7,,,,,0
2004-05-02,15.56,34.635,4.73,,,,,0
2004-05-02,15.72,34.476,4.93,,0.34,5.33,6.18,0
2004-05-02,15.78,34.464,5.3,,,,,0
2004-05-02,14.83,34.206,5.23,,0.28,1.94,6.27,0
2004-05-02,14.65,34.278,5.52,,,,,0
2004-05-02,14.62,34.303000000000004,6.07,,,,,0
2004-05-05,13.89,34.3,5.25,,,,,0
2004-05-05,13.78,34.458,5.02,,,,,0
2004-05-05,14.58,34.441,5.16,0.09,0.18,2.16,6.52,0
2004-05-05,14.89,34.341,5.58,,,,,0
2004-05-05,14.91,34.322,5.53,0.11,0.24,4.82,5.92,0
2004-05-05,17.02,35.159,3.64,,,,,0
2004-05-05,15.46,34.6,4.98,0.08,0.16,3.89,6.38,0
2004-05-05,15.1,34.57,4.96,,,,,0
2004-05-05,13.21,34.375,5.3,0.08,0.15,5.9,6.66,0
2004-05-06,14.18,34.501,4.99,,,,,0
2004-05-06,15.27,34.554,5.47,0.15,0.02,3.17,5.15,0
2004-05-06,15.47,34.449,5.33,,,,,0
2004-05-06,15.6,34.545,4.85,0.09,0.11,6.12,6.94,0
2004-05-06,15.49,34.5,5.0,,,,,0
2004-05-06,15.54,34.521,4.9,0.05,0.07,4.39,7.03,0
2004-05-06,15.35,34.458,5.31,,,,,0
2004-05-06,14.57,34.402,5.37,,,,,0
2004-05-08,12.96,32.846,8.24,0.55,0.4,11.6,12.0,0
2004-05-08,12.82,32.753,8.48,0.19,0.33,10.52,10.84,0
2004-05-08,13.55,32.41,9.22,,,,,0
2004-05-08,13.76,32.365,9.75,0.26,0.07,9.74,9.81,0
2004-05-08,13.9,32.569,10.23,,,,,0
2004-05-08,15.85,34.085,8.03,0.12,0.05,5.69,5.73,0
2004-05-08,15.94,34.115,8.16,,,,,0
2004-05-09,17.29,34.09,7.91,,,,,0
2004-05-09,17.26,34.065,8.16,,,,,0
2004-05-09,19.65,34.472,7.79,,,,,0
2004-05-09,19.95,34.5,7.83,0.08,0.14,1.59,1.73,0
2004-05-10,17.87,33.986,8.07,0.26,0.09,4.7,4.8,0
2004-05-10,18.49,34.18,7.42,,,,,0
2004-05-10,18.74,34.157,7.5,,,,,0
2004-05-10,16.07,33.437,7.99,,,,,0
2004-05-10,14.71,32.813,8.69,,,,,0
2004-05-10,14.1,32.221,8.97,,,,,0
2004-05-10,14.45,32.236999999999995,9.01,,,,,0
2004-05-10,13.95,32.277,8.89,0.23,0.39,10.51,10.9,0
2004-05-10,14.19,32.515,8.93,,,,,0
2004-05-10,13.71,32.7,8.6,0.39,0.3,10.22,10.52,0
2004-05-10,15.02,32.111999999999995,8.2,0.35,0.73,8.15,8.88,0
2004-05-10,14.81,32.588,8.73,0.6,0.86,6.36,7.21,0
2004-05-11,14.14,32.948,9.22,0.21,0.61,9.02,9.63,0
2004-05-11,14.35,32.194,9.13,,,,,0
2004-05-11,14.6,31.965,8.64,,,,,0
2004-05-11,14.54,32.035,8.85,,,,,0
2004-05-11,14.45,32.225,9.01,0.19,0.13,8.69,8.82,0
2004-05-11,14.68,32.532,8.73,,,,,0
2004-05-11,16.55,33.619,8.03,0.24,0.05,5.66,5.71,0
2004-05-11,16.88,33.613,8.2,,,,,0
2004-05-11,17.28,33.584,8.48,0.2,0.05,5.03,5.08,0
2004-06-09,16.97,33.832,5.18,,0.29,5.19,12.83,0
2004-06-09,16.66,34.087,4.41,,,,,0
2004-06-09,16.7,33.829,4.41,0.04,0.21,3.01,8.53,0
2004-06-09,17.4,33.904,5.46,,,,,0
2004-06-09,17.52,34.048,5.11,,0.36,3.41,6.51,0
2004-06-09,18.4,34.407,4.72,,,,,0
2004-06-10,19.06,33.749,4.54,,0.14,2.39,12.74,0
2004-06-10,18.85,34.232,4.32,,0.14,1.85,6.86,0
2004-06-10,18.22,34.544000000000004,4.63,,,,,0
2004-06-10,18.33,34.559,4.7,0.15,0.21,3.21,7.7,0
2004-06-10,18.96,34.48,4.72,,,,,0
2004-06-10,18.82,34.357,4.84,0.11,0.14,0.87,6.85,0
2004-06-10,18.71,33.872,4.71,,,,,0
2004-06-10,17.88,33.989000000000004,6.0,0.16,0.21,3.58,4.52,0
2004-06-10,17.28,33.922,5.84,,,,,0
2004-06-10,17.04,33.771,4.52,0.1,0.21,1.94,6.76,0
2004-06-10,16.88,33.866,4.47,,,,,0
2004-06-11,12.92,31.397,6.2,0.74,0.5,6.26,4.01,0
2004-06-11,17.26,31.837,,,,,,0
2004-06-11,16.33,31.812,6.35,0.34,0.08,1.46,4.54,0
2004-06-11,19.24,31.79300000000001,,,,,,0
2004-06-11,17.74,31.95300000000001,6.19,0.33,0.14,0.43,3.06,0
2004-06-11,19.75,32.093,,,,,,0
2004-06-11,19.97,32.192,5.62,0.51,0.07,0.5,1.27,0
2004-06-11,20.8,32.329,5.8,,,,,0
2004-06-11,20.74,32.266,5.55,,,,,0
2004-06-11,18.51,32.254,5.7,0.87,0.22,0.22,0.88,0
2004-06-11,19.13,32.217,,,,,,0
2004-06-11,20.71,32.019,5.73,0.55,0.27,0.52,2.17,0
2004-06-11,18.69,32.162,,,,,,0
2004-06-12,19.72,32.089,5.66,0.93,0.18,7.17,1.69,0
2004-06-12,16.03,31.822,7.22,0.5,0.11,0.36,2.24,0
2004-06-12,17.25,31.799,,,,,,0
2004-06-12,15.73,31.717,5.9,0.26,0.16,0.74,2.78,0
2004-06-12,16.12,31.515,,,,,,0
2004-06-12,15.61,31.502,6.23,0.27,0.24,0.99,3.29,0
2004-06-12,18.0,30.968000000000004,5.96,0.37,0.24,1.62,0.76,0
2004-06-12,16.2,31.558000000000003,,,,,,0
2004-06-12,18.76,31.71,6.04,0.18,0.18,0.6,1.23,0
2004-06-12,19.05,31.847,,,,,,0
2004-06-12,20.72,31.97,5.54,0.21,0.13,1.77,1.77,0
2004-06-12,20.63,30.947,,,,,,0
2004-06-12,19.72,32.089,5.66,0.93,0.18,7.17,1.69,0
2004-06-12,20.01,32.084,,,,,,0
2004-06-12,20.29,32.219,6.34,0.26,0.13,1.71,1.48,0
2004-06-12,18.85,32.421,5.7,,,,,0
2004-06-13,19.73,32.097,5.42,,,,,0
2004-06-13,19.75,32.018,5.68,0.21,0.17,0.64,0.88,0
2004-06-13,19.98,32.035,,,,,,0
2004-06-13,19.93,31.927,5.69,0.25,0.4,1.19,1.6,0
2004-06-13,20.38,31.87,,,,,,0
2004-06-13,19.29,31.817,5.66,0.75,0.71,1.57,1.2,0
2004-06-13,19.73,31.784,,,,,,0
2004-06-13,19.8,31.887,6.01,0.73,0.61,1.54,10.04,0
2004-06-13,15.76,34.097,5.23,,,,,0
2004-06-13,16.03,34.021,4.94,0.01,0.14,3.34,5.83,0
2004-06-13,15.88,34.193000000000005,4.67,,,,,0
2004-06-13,18.4,33.935,4.92,,0.29,3.91,4.25,0
2004-06-13,14.28,32.34,,,,,,0
2004-06-13,19.01,34.42,4.6,,,,,0
2004-06-13,15.04,32.425,5.92,0.65,0.2,1.25,10.19,0
2004-06-13,19.61,34.43,4.31,,0.14,4.39,2.84,0
2004-06-13,19.72,34.38,4.47,,,,,0
2004-06-13,19.27,34.276,4.43,,0.14,1.18,3.38,0
2004-06-13,18.72,34.321,4.63,,,,,0
2004-06-13,19.29,34.345,4.54,,0.21,1.21,3.17,0
2004-06-14,19.03,34.061,4.58,,0.21,0.78,3.82,0
2004-06-14,19.24,34.03,4.83,,,,,0
2004-06-14,18.98,34.337,4.8,,0.14,5.08,2.91,0
2004-06-14,19.24,34.412,4.54,,,,,0
2004-06-14,19.35,34.43,4.35,,0.14,3.51,2.76,0
2004-06-14,19.95,34.146,4.18,,,,,0
2004-06-14,19.69,33.86,4.63,0.14,0.14,1.91,5.24,0
2004-06-14,19.33,33.906,4.41,,,,,0
2004-06-14,19.61,33.851,4.85,,,,,0
2004-06-15,19.97,34.076,6.03,0.17,0.12,2.34,4.51,0
2004-06-15,20.78,33.803000000000004,6.04,,,,,0
2004-06-15,20.67,33.658,6.05,0.47,0.27,6.05,6.8,0
2004-06-15,12.77,32.911,,,,,,0
2004-06-15,21.54,34.204,5.87,0.39,0.09,1.9,5.32,0
2004-06-15,19.26,31.985,6.32,0.73,0.39,2.34,10.01,0
2004-06-15,21.95,33.771,6.02,,,,,0
2004-06-15,20.38,33.82,7.21,,,,,0
2004-06-15,19.86,32.907,,,,,,0
2004-06-15,20.29,33.762,6.47,0.29,0.11,1.62,7.82,0
2004-06-15,18.46,32.615,6.44,0.25,0.28,4.7,14.09,0
2004-06-15,20.38,33.82,7.21,,,,,0
2004-06-15,19.03,32.116,6.06,,,,,0
2004-06-15,20.52,33.754,6.69,0.15,0.07,1.0,4.75,0
2004-06-15,20.19,33.783,6.09,,,,,0
2004-06-15,19.01,33.851,6.11,,,,,0
2004-06-15,21.31,32.764,,,,,,0
2004-06-15,20.17,33.607,5.83,,,,,0
2004-06-16,20.76,32.964,7.35,0.13,0.11,0.52,11.1,0
2004-06-16,21.54,33.536,5.8,0.06,0.09,1.76,5.23,0
2004-06-16,20.47,32.731,,,,,,0
2004-06-16,21.15,33.694,5.82,,,,,0
2004-06-16,16.44,32.931,5.6,0.34,0.33,1.19,12.98,0
2004-06-16,22.94,34.19,5.59,,,,,0
2004-06-16,19.98,32.507,,,,,,0
2004-06-16,22.81,34.282,5.54,0.1,0.19,6.76,6.68,0
2004-06-16,16.73,32.788000000000004,5.82,0.73,0.49,1.04,10.65,0
2004-06-16,13.5,32.779,,,,,,0
2004-06-16,22.13,33.939,6.42,,,,,0
2004-06-16,17.04,33.286,6.23,0.84,0.25,0.34,14.41,0
2004-06-16,18.33,33.967,6.17,0.16,0.05,4.76,9.42,0
2004-06-16,20.48,32.535,,,,,,0
2004-06-16,18.52,33.14,6.13,,,,,0
2004-06-16,19.25,34.811,6.08,0.1,0.2,9.49,9.29,0
2004-06-16,20.02,33.797,6.1,,,,,0
2004-06-16,19.12,33.901,5.83,0.11,0.08,1.74,6.27,0
2004-06-16,17.87,33.922,5.92,,,,,0
2004-06-16,19.19,33.713,5.0,,0.29,5.34,5.31,0
2004-06-16,19.62,33.439,5.8,0.1,0.15,7.77,9.84,0
2004-06-16,20.97,33.816,4.74,,,,,0
2004-06-16,21.16,33.482,5.72,,,,,0
2004-06-16,21.22,34.183,4.62,,0.29,2.01,3.82,0
2004-06-16,22.25,33.035,5.65,0.1,0.18,2.93,5.97,0
2004-06-16,21.17,34.207,4.65,,,,,0
2004-06-16,20.75,34.129,4.18,,,,,0
2004-06-16,21.1,34.106,4.19,,0.29,2.18,3.71,0
2004-06-16,20.63,33.668,3.96,,,,,0
2004-06-16,20.61,33.717,4.18,0.04,0.21,2.06,7.48,0
2004-06-17,19.21,33.694,4.63,,,,,0
2004-06-17,19.43,33.573,4.26,,,,,0
2004-06-18,19.39,33.604,5.72,0.06,0.23,4.74,7.08,0
2004-06-18,22.51,34.07,5.82,,,,,0
2004-06-18,22.7,34.209,5.51,0.06,0.1,2.01,3.13,0
2004-06-18,22.97,34.339,5.71,,,,,0
2004-06-18,23.42,34.324,5.04,0.07,0.12,2.74,1.97,0
2004-06-18,23.13,34.054,5.4,,,,,0
2004-06-18,23.1,34.083,5.3,0.13,0.1,0.54,3.12,0
2004-06-18,23.02,33.134,5.75,,,,,0
2004-06-22,22.14,33.341,5.54,0.09,0.09,0.71,4.89,0
2004-06-22,22.09,33.264,5.67,,,,,0
2004-06-22,22.52,33.554,5.27,0.07,0.18,3.37,5.63,0
2004-06-22,21.93,32.46,5.63,,,,,0
2004-06-22,22.0,32.321,5.49,0.07,0.07,1.94,6.78,0
2004-06-22,22.89,32.613,5.6,,,,,0
2004-06-22,21.56,29.503,6.0,,,,,0
2004-06-22,20.87,33.437,4.19,0.09,0.5,6.26,8.04,0
2004-06-22,21.01,33.467,4.45,,,,,0
2004-06-22,21.91,29.56900000000001,5.73,0.06,0.7,12.73,9.75,0
2004-06-22,20.27,33.273,4.91,,,,,0
2004-06-22,20.9,33.579,4.36,,,,,0
2004-06-22,22.34,29.671,5.84,,,,,0
2004-06-22,22.05,29.579,5.73,0.13,0.35,6.28,6.81,0
2004-06-22,21.3,34.113,4.33,0.08,0.29,1.51,5.89,0
2004-06-22,22.12,30.576,5.83,,,,,0
2004-06-23,20.5,34.139,4.65,,,,,0
2004-06-23,22.45,30.955,5.88,0.17,0.17,3.69,5.1,0
2004-06-23,21.69,32.693000000000005,6.02,,,,,0
2004-06-23,20.85,33.757,4.59,0.01,0.21,1.24,6.25,0
2004-06-23,21.89,32.889,5.83,0.13,0.26,6.81,10.23,0
2004-06-23,20.18,33.834,5.02,,,,,0
2004-06-23,21.97,32.739000000000004,6.04,,,,,0
2004-06-23,21.83,32.751,5.35,0.13,0.29,1.03,7.14,0
2004-06-23,19.96,34.103,5.01,,0.36,7.38,5.05,0
2004-06-23,20.08,32.568000000000005,5.98,,,,,0
2004-06-23,18.2,33.315,6.65,0.1,0.32,3.19,7.74,0
2004-06-23,17.39,33.444,6.66,,,,,0
2004-06-23,19.59,34.214,5.15,,,,,0
2004-06-23,19.75,34.159,5.41,,,,,0
2004-06-23,20.82,33.981,4.53,,,,,0
2004-06-23,19.82,33.767,5.6,,,,,0
2004-06-23,21.05,33.306,5.59,,,,,0
2004-06-23,21.11,34.36,4.65,,,,,0
2004-06-23,21.6,33.806,5.06,,,,,0
2004-06-23,19.64,33.63,4.75,,,,,0
2004-06-23,21.22,33.65,4.45,,,,,0
2004-06-23,20.42,33.619,4.33,,,,,0
2004-08-03,26.08,31.036,6.01,0.08,0.21,2.4,5.29,0
2004-08-03,27.46,30.813,6.02,,,,,0
2004-08-03,27.01,31.27,4.81,0.02,0.14,0.78,4.11,0
2004-08-03,27.45,31.431,5.06,0.04,0.2,2.53,5.19,0
2004-08-03,24.31,32.275,5.32,,,,,0
2004-08-03,21.47,33.262,5.51,0.25,0.23,5.68,9.82,0
2004-08-03,20.43,33.906,5.72,,,,,0
2004-08-03,25.81,32.765,4.91,0.11,0.11,1.47,5.95,0
2004-08-03,24.06,33.09,5.0,,,,,0
2004-08-03,22.28,33.341,4.82,,,,,0
2004-08-04,24.81,32.819,5.01,,,,,0
2004-08-04,25.21,31.221,4.93,0.06,0.26,5.36,5.79,0
2004-08-04,25.49,31.991,5.01,,,,,0
2004-08-04,26.01,30.994,4.73,,,,,0
2004-08-04,26.81,30.924,4.65,0.03,0.24,2.48,7.31,0
2004-08-04,26.79,30.198,4.84,,,,,0
2004-08-04,26.54,32.354,5.15,0.05,0.13,1.31,5.74,0
2004-08-05,28.32,31.51,4.67,0.1,0.1,1.31,2.45,1
2004-08-05,22.74,33.312,5.34,0.08,0.14,4.72,9.6,1
2004-08-05,19.94,30.511,5.7,0.18,0.77,6.49,7.32,1
2004-08-05,26.06,33.083,5.24,,,,,1
2004-08-05,26.4,33.163000000000004,6.53,,,,,1
2004-08-05,24.42,30.903,5.73,,,,,1
2004-08-05,25.13,33.161,5.63,,,,,1
2004-08-05,26.58,30.755,5.64,0.15,0.03,1.72,4.2,1
2004-08-05,27.15,33.574,5.13,,,,,1
2004-08-05,27.83,32.981,6.42,0.09,0.24,2.64,5.4,1
2004-08-05,26.89,30.573,,,,,,1
2004-08-05,28.11,32.782,5.82,,,,,1
2004-08-05,27.02,31.189,5.05,0.09,0.07,1.56,2.67,1
2004-08-05,28.01,32.132,5.01,0.02,0.23,4.27,6.44,1
2004-08-05,28.32,31.51,4.67,0.1,0.1,1.31,2.45,1
2004-08-05,29.1,32.039,5.53,,,,,1
2004-08-05,27.85,31.25800000000001,5.75,,,,,1
2004-08-05,27.22,33.905,5.42,0.07,0.21,2.38,7.41,1
2004-08-05,25.38,32.641,5.27,0.02,0.28,6.79,10.08,1
2004-08-05,28.87,31.83,5.28,,,,,1
2004-08-05,28.34,31.602,5.43,,,,,1
2004-08-05,28.2,33.989000000000004,4.63,0.04,0.19,4.93,6.8,1
2004-08-05,29.12,32.411,4.73,,,,,1
2004-08-06,29.54,32.776,4.7,0.07,0.32,5.99,3.46,1
2004-08-06,28.19,31.699,4.75,0.15,0.15,2.35,3.26,1
2004-08-06,29.01,32.961,4.72,,,,,1
2004-08-06,28.14,31.675,,,,,,1
2004-08-06,28.17,31.773000000000003,4.65,0.1,0.01,0.72,3.14,1
2004-08-06,29.21,33.038000000000004,4.68,0.05,0.15,3.01,2.85,1
2004-08-06,27.7,31.623,4.62,,,,,1
2004-08-06,26.36,30.846,5.2,0.61,0.04,1.02,3.18,1
2004-08-06,29.46,32.846,4.72,,,,,1
2004-08-06,27.48,31.6,,,,,,1
2004-08-06,28.68,32.865,4.89,0.06,0.1,6.09,6.77,1
2004-08-06,26.68,31.299,4.76,0.15,0.06,0.92,2.34,1
2004-08-06,22.54,31.438,,,,,,1
2004-08-06,29.35,30.502,4.7,,,,,1
2004-08-06,23.68,30.648000000000003,5.55,0.17,0.02,1.18,6.75,1
2004-08-06,29.79,30.312,4.69,0.05,0.27,8.5,6.59,1
2004-08-06,29.99,25.966,5.04,,,,,1
2004-08-06,29.95,26.086,5.02,0.03,0.52,9.65,2.78,1
2004-08-06,31.48,25.704,5.04,,,,,1
2004-08-06,28.82,30.488000000000003,4.73,,,,,1
2004-08-06,29.26,29.72300000000001,4.99,0.04,0.31,3.74,1.2,1
2004-08-06,29.43,29.429,4.88,,,,,1
2004-08-06,28.96,29.462,4.85,0.07,0.34,4.92,3.43,1
2004-08-07,29.22,30.54,4.75,,,,,0
2004-08-07,29.33,30.246,4.91,0.06,0.17,2.51,3.32,0
2004-08-07,29.09,29.545,4.93,,,,,0
2004-08-07,29.13,30.41,4.82,0.03,0.25,2.79,4.78,0
2004-08-07,28.91,31.291,4.63,,,,,0
2004-08-07,28.82,31.573,4.54,,,,,0
2004-08-07,23.51,30.083,5.42,0.09,0.15,0.87,5.25,0
2004-08-07,26.3,31.477,5.11,,,,,0
2004-08-07,28.23,31.296,4.48,0.1,0.05,1.19,2.53,0
2004-08-07,28.41,31.288,,,,,,0
2004-08-07,28.49,31.278,4.63,0.1,0.11,1.03,1.79,0
2004-08-07,28.47,31.475,,,,,,0
2004-08-07,28.57,31.393,4.49,0.11,0.03,1.06,2.74,0
2004-08-07,28.92,31.503,4.47,,,,,0
2004-08-07,28.81,31.514,4.64,0.16,0.02,1.7,1.37,0
2004-08-07,28.82,31.573,4.54,,,,,0
2004-08-08,29.14,31.426,4.33,,,,,0
2004-08-08,28.67,31.36,4.61,0.11,0.04,2.07,2.46,0
2004-08-08,28.49,31.34,,,,,,0
2004-08-08,28.91,31.459,4.76,0.19,0.17,2.32,2.9,0
2004-08-08,28.58,31.534,,,,,,0
2004-08-08,28.23,31.836,4.51,0.19,0.03,1.22,5.49,0
2004-08-08,28.04,31.916,5.42,,,,,0
2004-08-08,23.24,32.216,5.6,0.14,0.09,2.75,8.07,0
2004-08-08,22.16,32.657,5.52,,,,,0
2004-08-08,22.35,32.576,5.37,0.1,0.06,2.65,6.69,0
2004-08-08,29.14,31.426,4.33,,,,,0
2004-08-09,29.94,31.013,4.62,0.02,0.18,4.7,5.72,0
2004-08-09,29.65,30.364,4.95,,,,,0
2004-08-09,28.82,30.802,5.0,0.04,0.17,2.42,4.58,0
2004-08-09,28.58,31.033,4.82,,,,,0
2004-08-09,22.76,32.943000000000005,5.04,0.04,,5.0,3.96,0
2004-08-09,24.34,32.998000000000005,4.21,,,,,0
2004-08-09,25.32,33.056,4.66,0.01,0.01,4.29,7.25,0
2004-08-09,25.02,33.346,4.21,,,,,0
2004-08-10,25.06,33.396,4.68,0.06,0.07,4.21,5.46,1
2004-08-10,24.8,33.555,4.18,,,,,1
2004-08-10,24.03,33.251,4.72,0.18,0.14,3.43,4.64,1
2004-08-10,29.85,31.561,4.46,0.6,0.08,1.2,4.33,1
2004-08-10,25.95,33.986,4.68,0.09,0.36,4.64,7.39,1
2004-08-10,26.14,33.667,4.19,,,,,1
2004-08-10,26.96,33.824,4.24,0.24,0.07,4.21,1.82,1
2004-08-10,23.21,33.75,4.03,,,,,1
2004-08-10,27.67,32.525,,,,,,1
2004-08-10,25.7,33.369,4.13,0.09,0.07,4.21,1.46,1
2004-08-10,30.1,31.878,4.45,0.1,0.16,1.82,4.58,1
2004-08-10,29.46,31.895,,,,,,1
2004-08-10,25.38,33.458,4.19,,,,,1
2004-08-10,29.55,31.72,4.42,0.22,0.13,1.58,5.11,1
2004-08-10,25.6,33.138000000000005,4.48,0.1,0.07,3.5,2.04,1
2004-08-10,29.46,31.6,5.94,,,,,1
2004-08-10,23.63,33.324,4.49,,,,,1
2004-08-10,21.6,33.325,4.01,0.23,0.07,3.5,2.43,1
2004-08-10,30.5,31.236,4.34,,,,,1
2004-08-10,22.92,32.814,4.97,,,,,1
2004-08-11,28.36,32.259,,,,,,0
2004-08-11,27.25,32.263000000000005,4.93,0.15,0.08,0.86,5.54,0
2004-08-11,25.47,32.354,,,,,,0
2004-08-11,26.83,31.985,4.78,5.93,0.15,1.48,5.56,0
2004-08-11,29.67,31.232,,,,,,0
2004-08-11,28.96,31.478,4.64,1.23,0.18,1.46,5.31,0
2004-08-11,28.94,31.188,,,,,,0
2004-08-12,18.85,33.677,4.82,,,,,0
2004-08-12,18.86,33.296,4.73,0.05,0.07,4.21,2.18,0
2004-08-12,19.95,33.065,5.68,,,,,0
2004-08-12,22.8,32.933,4.81,0.05,0.29,3.29,1.57,0
2004-08-12,25.64,33.135,4.69,,,,,0
2004-08-12,25.17,33.57,4.66,0.06,0.21,4.07,2.29,0
2004-08-12,25.38,33.599000000000004,4.2,,,,,0
2004-08-12,26.72,33.635,4.21,0.11,0.21,3.36,1.89,0
2004-08-12,26.87,33.565,4.05,,,,,0
2004-08-12,26.6,33.759,4.07,0.16,0.36,6.07,1.64,0
2004-08-12,26.9,33.532,4.18,,,,,0
2004-08-13,26.5,33.553000000000004,4.46,0.05,0.14,8.43,15.75,0
2004-08-13,25.87,32.995,4.3,,,,,0
2004-08-13,26.67,33.664,4.48,,,,,0
2004-08-13,25.89,33.576,4.57,,0.21,11.93,18.11,0
2004-08-13,26.21,33.626999999999995,4.1,,,,,0
2004-08-13,26.31,33.616,4.21,0.21,0.21,11.21,,0
2004-08-13,27.1,33.44,4.53,,,,,0
2004-08-13,26.96,33.53,4.35,0.07,0.07,17.79,,0
2004-08-13,26.72,33.34,4.46,,,,,0
2004-08-13,26.36,33.671,4.07,0.06,0.07,13.5,,0
2004-08-13,26.4,33.623000000000005,4.15,,,,,0
2004-08-13,25.85,33.674,4.37,0.09,0.14,3.84,18.25,0
2004-08-13,24.7,33.388000000000005,4.48,,,,,0
2004-08-13,25.05,33.428000000000004,4.58,,,,,0
2004-08-16,26.14,33.438,4.5,,,,,0
2004-08-16,25.59,33.489000000000004,4.83,,,,,0
2004-08-16,25.7,33.312,4.46,,,,,0
2004-08-16,26.48,33.534,4.21,0.17,0.21,6.19,16.93,0
2004-08-16,25.99,33.706,4.31,,,,,0
2004-08-16,26.31,33.709,4.55,0.02,0.14,7.2,14.61,0
2004-08-16,26.6,33.681,4.34,,,,,0
2004-08-16,26.38,33.711,4.11,0.19,0.14,4.92,16.32,0
2004-08-16,26.28,33.622,4.11,,,,,0
2004-08-16,26.71,33.63,4.02,0.09,0.07,5.59,16.04,0
2004-08-17,27.05,32.54,4.22,0.15,0.14,4.16,,0
2004-08-17,27.87,32.14,4.11,,,,,0
2004-08-17,27.43,32.581,4.21,0.09,0.07,4.72,17.71,0
2004-08-17,27.2,32.776,4.14,,,,,0
2004-08-17,26.62,33.014,4.46,0.18,,3.91,17.54,0
2004-08-17,26.24,33.1,4.11,,,,,0
2004-08-17,25.83,32.995,4.11,,,,,0
2004-08-21,25.1,32.689,4.42,,,,,0
2004-08-21,25.02,32.623000000000005,4.12,,,,,0
2004-08-21,23.52,33.352,4.32,0.1,0.07,5.47,18.64,0
2004-08-21,22.36,33.264,4.21,,,,,0
2004-08-21,23.36,32.123000000000005,4.47,0.15,0.07,3.91,18.39,0
2004-08-21,23.63,32.04,4.11,,,,,0
2004-08-21,26.12,32.03,4.84,,,,,0
2004-08-21,24.76,32.11,4.25,0.19,,3.94,18.25,0
2004-08-21,23.4,32.977,4.2,,,,,0
2004-08-21,24.9,32.48,4.21,0.18,0.07,4.31,16.71,0
2004-09-02,26.5,31.004,3.22,0.01,0.1,9.09,5.03,0
2004-09-02,26.67,31.389,5.3,0.05,0.13,4.0,5.55,0
2004-09-02,27.0,33.878,5.83,0.14,0.07,6.04,4.65,0
2004-09-02,26.77,33.924,6.03,,,,,0
2004-09-02,27.17,31.244,6.23,,,,,0
2004-09-02,26.97,31.975,5.83,0.04,0.05,2.59,3.83,0
2004-09-03,26.88,32.524,5.99,,,,,0
2004-09-03,27.12,32.704,6.36,,,,,0
2004-09-03,27.1,32.063,5.91,,,,,0
2004-09-03,26.75,32.567,6.03,0.03,0.03,11.81,4.27,0
2004-09-03,26.65,33.352,5.94,,,,,0
2004-09-03,27.8,34.13,6.11,0.01,0.12,1.35,3.77,0
2004-09-03,27.92,34.231,5.42,,,,,0
2004-09-03,27.68,33.661,6.31,,,,,0
2004-09-03,27.25,33.163000000000004,5.75,,,,,0
2004-09-03,26.86,31.89,6.15,,,,,0
2004-09-03,26.91,30.681,6.8,,,,,0
2004-09-03,27.4,31.671,5.87,,,,,0
2004-09-03,27.05,31.029,6.19,0.05,0.21,3.24,4.19,0
2004-09-03,26.62,30.197,3.46,,,,,0
2004-09-04,27.2,31.476,6.76,,,,,0
2004-09-04,26.72,30.837,6.31,,,,,0
2004-09-04,26.63,30.39,5.99,,,,,0
2004-09-04,26.89,30.288,6.16,,,,,0
2004-09-04,26.89,30.698,6.64,,,,,0
2004-09-04,26.81,29.636,6.19,,,,,0
2004-09-04,25.94,30.619,5.75,,,,,0
2004-09-04,27.7,34.01,6.15,0.16,0.06,6.17,3.2,0
2004-09-04,27.18,33.52,6.23,,,,,0
2004-09-04,27.6,33.955,5.91,,,,,0
2004-09-04,27.13,34.174,6.03,0.06,0.08,3.06,4.09,0
2004-09-13,27.58,34.141,5.87,,,,,0
2004-10-05,20.52,33.149,5.44,,,,,0
2004-10-05,20.29,32.97,5.46,0.84,0.25,1.39,4.54,0
2004-10-05,20.52,33.149,5.44,,,,,0
2004-10-05,20.25,33.191,5.41,0.56,0.2,0.68,4.12,0
2004-10-05,19.98,33.139,5.13,,,,,0
2004-10-05,20.26,33.148,5.41,0.55,0.24,2.09,6.8,0
2004-10-05,20.21,33.185,5.43,,,,,0
2004-10-05,20.41,32.914,5.44,0.74,0.2,0.88,2.28,0
2004-10-06,21.51,32.888000000000005,5.4,1.71,0.3,1.09,4.1,0
2004-10-06,20.52,33.126,5.43,,,,,0
2004-10-06,20.28,33.101,5.34,0.39,0.22,1.7,3.51,0
2004-10-06,19.94,33.529,5.49,,,,,0
2004-10-06,21.31,33.043,5.07,0.58,0.15,1.28,2.27,0
2004-10-06,21.86,32.98,5.3,,,,,0
2004-10-06,20.66,33.194,5.34,0.48,0.11,0.83,4.32,0
2004-10-07,21.87,31.926,5.64,0.22,0.62,8.85,8.08,0
2004-10-07,23.7,33.241,5.92,,,,,0
2004-10-07,23.58,33.104,5.8,0.13,0.38,3.81,4.91,0
2004-10-07,20.74,32.881,5.29,,,,,0
2004-10-07,20.75,32.74,5.4,0.52,0.15,1.77,3.1,0
2004-10-07,20.56,32.754,5.39,,,,,0
2004-10-07,21.86,31.963,5.29,0.21,0.32,1.7,4.79,0
2004-10-07,22.34,32.342,5.25,,,,,0
2004-10-07,21.91,31.824,5.2,0.17,0.72,3.08,6.09,0
2004-10-07,21.79,31.334,4.84,,,,,0
2004-10-07,21.81,31.66,5.1,0.41,1.11,4.68,8.22,0
2004-10-07,21.9,31.493,5.02,,,,,0
2004-10-08,21.32,31.32,5.21,,,,,0
2004-10-08,21.66,31.669,5.2,,,,,0
2004-10-08,22.15,32.317,5.48,0.16,1.28,4.6,8.31,0
2004-10-08,23.82,33.357,5.5,,,,,0
2004-10-08,24.52,33.771,5.45,,,,,0
2004-10-08,24.79,33.743,4.96,0.09,0.15,1.89,2.81,0
2004-10-08,24.44,33.665,5.02,,,,,0
2004-10-08,22.92,32.606,5.19,0.19,0.33,5.64,6.57,0
2004-10-08,22.13,32.119,5.34,,,,,0
2004-10-08,21.58,30.859,5.22,0.47,0.91,4.74,8.88,0
2004-10-12,21.22,31.173,5.64,,,,,0
2004-10-12,21.17,31.233,5.55,,,,,0
2004-10-12,21.18,30.757,5.69,,,,,0
2004-10-12,21.1,31.409,5.37,0.18,0.56,9.09,6.84,0
2004-10-12,21.04,31.138,5.43,,,,,0
2004-10-12,20.94,32.712,5.48,,,,,0
2004-10-12,20.89,32.674,3.68,0.93,0.15,2.52,2.6,0
2004-10-12,20.7,32.663000000000004,5.43,,,,,0
2004-10-15,22.02,32.327,5.17,2.95,0.45,8.02,5.3,0
2004-10-15,22.64,33.17,5.02,,,,,0
2004-10-15,19.36,31.145,5.07,0.55,1.49,3.56,6.1,0
2004-10-15,23.72,33.787,4.94,0.52,0.07,3.81,3.98,0
2004-10-15,18.62,31.464,,,,,,0
2004-10-15,18.36,31.205,5.28,0.35,0.3,1.54,5.29,0
2004-10-15,18.82,31.712,,,,,,0
2004-10-15,23.48,33.743,4.98,0.14,0.14,3.57,4.43,0
2004-10-15,19.49,31.667,5.3,0.24,0.05,0.7,7.39,0
2004-10-15,23.7,33.749,5.03,,,,,0
2004-10-15,19.37,31.56,,,,,,0
2004-10-15,19.83,31.45,5.29,0.26,0.02,1.8,6.64,0
2004-10-15,24.1,33.759,5.05,0.07,0.17,4.26,3.88,0
2004-10-15,23.34,33.61,5.1,,,,,0
2004-10-15,19.75,31.429,5.27,,,,,0
2004-10-16,19.79,31.294,5.17,,,,,0
2004-10-16,24.34,33.691,5.12,0.09,0.17,5.85,5.19,0
2004-10-16,20.04,31.45,5.3,0.22,0.03,1.97,6.18,0
2004-10-16,19.99,31.47300000000001,,,,,,0
2004-10-16,24.25,33.689,5.2,,,,,0
2004-10-16,20.02,31.454,5.21,0.99,0.05,1.73,6.61,0
2004-10-16,24.04,33.645,4.99,0.07,0.07,2.6,2.88,0
2004-10-16,20.15,31.465,,,,,,0
2004-10-16,19.67,31.574,5.28,0.17,0.02,1.1,6.09,0
2004-10-16,24.06,33.758,5.13,,,,,0
2004-10-16,18.67,31.866,,,,,,0
2004-10-16,23.81,33.749,5.27,0.19,0.06,3.3,2.26,0
2004-10-16,19.57,31.582,5.29,0.18,0.14,0.74,7.03,0
2004-10-16,17.92,31.967,,,,,,0
2004-10-16,22.86,33.718,5.52,,,,,0
2004-10-16,18.37,31.797,5.06,0.43,0.11,1.46,6.9,0
2004-10-16,18.67,31.866,,,,,,0
2004-10-17,20.2,32.706,5.34,0.77,0.19,1.15,3.4,0
2004-10-17,18.1,32.019,5.21,0.61,0.44,1.75,11.82,0
2004-10-17,20.25,33.091,5.16,,,,,0
2004-10-17,18.56,31.876,,,,,,0
2004-10-17,20.03,33.192,5.45,1.52,0.21,1.75,2.26,0
2004-10-17,20.13,31.47,5.35,0.58,0.1,1.88,6.04,0
2004-10-17,20.49,31.495,,,,,,0
2004-10-17,18.45,33.521,5.53,,,,,0
2004-10-17,19.5,31.628,5.21,0.92,0.06,1.78,8.36,0
2004-10-17,19.64,31.613000000000003,,,,,,0
2004-10-17,19.12,33.506,5.29,0.89,0.11,0.53,1.83,0
2004-10-17,19.53,31.651,5.32,0.75,0.11,1.12,4.97,0
2004-10-17,19.75,31.644,,,,,,0
2004-10-18,19.11,33.508,5.46,,,,,0
2004-10-18,19.98,31.609,5.19,0.23,0.18,0.95,4.24,0
2004-10-18,19.69,31.707,5.16,,,,,0
2004-10-18,19.29,33.429,5.49,0.89,0.14,1.21,2.97,0
2004-10-18,18.76,32.001,5.36,,,,,0
2004-10-18,18.7,32.128,5.33,0.42,0.02,1.14,5.71,0
2004-10-18,18.77,31.882,,,,,,0
2004-10-18,18.84,31.818,5.27,0.29,0.02,1.0,4.44,0
2004-10-18,19.08,31.782,,,,,,0
2004-10-18,19.25,31.726,5.26,0.27,0.52,0.8,6.42,0
2004-10-18,18.0,31.89,,,,,,0
2004-10-18,18.52,31.686,4.96,0.69,0.44,5.44,14.34,0
2004-10-18,17.04,32.399,,,,,,0
2004-10-18,16.85,32.411,4.75,0.85,0.33,6.4,14.05,0
2004-10-18,19.77,33.332,5.3,2.04,0.17,1.72,4.32,0
2004-10-19,20.43,33.459,5.24,,,,,0
2004-10-21,16.67,32.653,,,,,,0
2004-10-21,22.17,32.955,5.67,0.22,0.31,5.27,2.77,0
2004-10-21,17.65,32.556999999999995,5.19,0.53,0.29,4.25,7.93,0
2004-10-21,19.33,32.124,,,,,,0
2004-10-21,21.93,32.773,4.93,,,,,0
2004-10-21,18.92,32.075,5.27,0.46,0.03,1.91,5.05,0
2004-10-21,22.13,32.463,5.32,0.16,0.71,2.89,4.91,0
2004-10-21,19.68,31.746,5.16,,,,,0
2004-10-21,22.28,32.31,5.35,,,,,0
2004-10-21,20.08,32.165,5.14,0.21,0.15,0.74,4.78,0
2004-10-21,22.06,32.382,5.4,,,,,0
2004-10-21,22.0,32.333,5.36,0.17,0.92,8.19,6.91,0
2004-10-21,20.08,32.148,,,,,,0
2004-10-21,20.12,32.306999999999995,5.15,0.31,0.07,0.68,4.56,0
2004-10-21,20.91,31.988000000000003,5.5,,,,,0
2004-10-21,21.44,32.586,5.32,0.12,0.49,8.36,7.17,0
2004-10-21,17.76,32.554,,,,,,0
2004-10-21,21.67,32.5,5.35,,,,,0
2004-10-21,18.61,32.37,5.45,0.24,0.1,1.53,1.18,0
2004-10-21,21.26,32.039,5.5,0.2,0.47,5.1,5.07,0
2004-10-21,19.6,32.226,,,,,,0
2004-10-21,20.34,32.333,5.21,0.23,0.16,1.62,5.89,0
2004-10-22,21.65,32.959,5.02,0.16,0.4,6.97,6.85,0
2004-10-22,20.22,32.287,,,,,,0
2004-10-22,22.49,33.522,5.1,,,,,0
2004-10-22,21.23,32.899,5.12,0.1,0.5,4.46,7.09,0
2004-10-22,21.21,32.674,5.18,,,,,0
2004-10-22,19.38,32.149,5.19,0.07,0.32,2.47,5.51,0
2004-10-22,18.15,32.21,5.2,,,,,0
2004-10-22,20.81,31.886,5.52,,,,,0
2004-10-23,19.18,33.486999999999995,5.22,0.89,0.14,0.05,2.32,0
2004-10-23,20.44,33.489000000000004,4.46,,,,,0
2004-10-23,19.95,33.49,5.24,1.33,0.13,1.95,6.37,0
2004-10-23,19.69,33.424,5.25,,,,,0
2004-10-23,19.72,32.88,5.31,1.31,0.38,5.31,5.86,0
2004-10-24,18.93,32.996,5.34,,,,,0
2004-10-24,18.84,32.855,5.26,,,,,0
2004-10-28,20.46,33.422,4.98,,,,,0
2004-10-28,20.16,33.539,5.18,,,,,0
2004-10-28,19.1,33.206,5.17,1.47,0.41,2.05,5.37,0
2004-10-28,18.62,33.093,5.21,,,,,0
2004-10-28,19.65,33.331,5.26,0.63,0.2,0.47,2.68,0
2004-10-28,18.74,33.225,5.25,,,,,0
2004-10-28,18.63,33.231,5.24,0.97,0.22,2.49,6.38,0
2004-10-29,19.61,33.265,5.18,,,,,0
2004-10-29,20.15,33.215,5.17,0.76,0.34,2.6,5.34,0
2004-10-29,19.15,33.043,5.21,,,,,0
2004-10-29,21.98,34.246,5.07,1.19,0.24,1.94,6.41,0
2004-10-29,20.2,33.373000000000005,5.22,,,,,0
2004-10-29,19.76,33.264,5.27,1.8,0.5,7.69,7.69,0
2004-10-29,20.04,33.322,5.29,,,,,0
2004-10-29,19.39,33.155,5.32,1.05,0.37,4.28,6.89,0
2004-10-29,19.39,33.166,5.32,,,,,0
2004-10-29,19.3,33.072,5.34,,,,,0
2004-10-29,19.41,33.227,5.33,,,,,0
2004-10-29,19.32,33.175,5.37,,,,,0
2004-10-29,19.28,33.104,5.32,1.03,0.63,5.21,6.88,0
2004-10-30,22.32,34.276,5.19,,,,,0
2004-10-30,21.72,34.106,5.18,1.62,0.27,1.97,4.45,0
2004-10-30,21.68,34.08,5.18,,,,,0
2004-10-30,21.88,34.18,5.21,,,,,0
2004-10-30,21.5,33.88,5.25,1.16,0.46,15.61,5.24,0
2004-10-30,20.96,33.812,5.21,,,,,0
2004-10-30,19.87,33.496,5.26,1.24,0.46,23.04,6.33,0
2004-11-12,20.7,33.15,,0.34,0.45,20.25,10.21,0
2004-11-12,21.06,33.055,,0.17,0.39,20.67,8.28,0
2004-11-12,21.33,33.83,,0.16,0.16,21.17,7.99,0
2004-11-12,21.33,33.798,,0.15,0.17,21.16,7.72,0
2004-11-12,20.69,33.526,,0.17,0.2,20.49,7.04,0
2004-11-12,22.03,34.047,,0.08,0.21,21.82,6.81,0
2004-11-12,21.39,33.96,,0.13,0.13,21.26,8.29,0
2004-11-13,21.58,33.625,,0.3,0.14,21.44,10.02,0
2004-11-13,21.81,33.706,,0.22,0.29,21.52,9.44,0
2004-11-13,21.44,34.044000000000004,,0.04,0.61,20.83,4.73,0
2004-11-13,22.42,33.917,,0.01,0.34,22.08,3.35,0
2004-11-13,20.74,34.281,,0.03,0.9,19.84,4.99,0
2004-11-13,20.47,34.059,,0.38,0.69,19.78,8.75,0
2004-11-13,20.36,34.052,,0.14,0.4,19.96,7.39,0
2004-11-13,21.58,33.625,,0.3,0.14,21.44,10.02,0
2004-11-13,21.48,33.851,,0.22,0.16,21.32,8.49,0
2004-11-13,22.03,34.047,,0.08,0.21,21.82,6.81,0
2004-11-13,21.6,33.722,,0.2,0.18,21.42,7.62,0
2004-11-13,21.22,33.656,,0.23,0.13,21.09,7.58,0
2004-11-13,20.38,33.776,,0.14,0.22,20.16,8.29,0
2004-11-13,19.86,33.653,,1.03,0.21,19.65,10.34,0
2004-11-13,20.2,33.491,,0.48,0.37,19.83,17.74,0
2004-11-13,20.08,33.556999999999995,,0.37,0.49,19.59,12.55,0
2004-11-13,21.39,33.96,,0.13,0.13,21.26,8.29,0
2004-11-14,19.83,32.973,,0.43,0.34,19.49,15.53,0
2004-11-14,19.9,33.368,,0.49,0.26,19.64,14.5,0
2004-11-14,20.39,33.333,,0.06,0.11,20.28,7.16,0
2004-11-14,20.46,33.537,,0.11,0.18,20.28,8.47,0
2004-11-14,20.96,33.942,,0.08,0.45,20.51,5.24,0
2004-11-14,21.2,34.137,,0.06,0.68,20.52,3.81,0
2004-11-14,20.85,33.923,,0.1,0.53,20.32,6.06,0
2004-11-14,21.23,34.015,,0.29,0.54,21.29,6.19,0
2004-11-14,21.83,34.025,8.35,0.14,0.88,20.95,4.87,0
2004-11-14,22.26,34.044000000000004,8.72,0.04,0.22,22.04,3.48,0
2004-12-02,16.08,33.229,7.95,0.58,0.56,9.8,13.38,0
2004-12-02,16.14,33.171,7.59,,,,,0
2004-12-02,19.14,33.561,7.68,0.29,0.74,3.73,6.1,0
2004-12-02,19.49,33.626999999999995,8.31,0.22,0.87,2.67,4.18,0
2004-12-02,18.69,33.547,8.0,,,,,0
2004-12-03,15.89,33.039,7.26,,,,,0
2004-12-03,16.61,33.258,8.0,0.37,0.61,7.52,9.51,0
2004-12-03,15.52,33.004,7.89,0.52,0.78,4.95,10.81,0
2004-12-03,15.71,33.014,8.21,,,,,0
2004-12-03,15.89,33.171,7.92,,,,,0
2004-12-03,17.71,33.37,8.0,,,,,0
2004-12-03,17.35,33.143,7.92,0.42,0.85,6.56,9.79,0
2004-12-03,20.39,33.766,7.94,,,,,0
2004-12-03,21.16,33.867,7.59,,,,,0
2004-12-03,21.16,33.861,7.49,0.27,0.85,3.54,3.94,0
2004-12-03,21.52,33.939,7.94,,,,,0
2004-12-03,16.53,32.59,8.56,0.33,0.44,5.95,12.1,0
2004-12-03,16.44,33.185,8.65,,,,,0
2004-12-04,14.94,32.649,7.9,0.53,0.57,7.69,10.47,0
2004-12-04,14.72,32.524,7.92,,,,,0
2004-12-04,14.35,32.333,8.02,,,,,0
2004-12-04,14.39,32.608000000000004,8.1,,,,,0
2004-12-04,14.8,32.715,8.05,0.67,0.78,7.04,11.85,0
2004-12-04,15.71,33.055,8.87,,,,,0
2004-12-04,17.35,32.684,8.78,0.26,0.63,3.84,8.31,0
2004-12-04,17.55,32.748000000000005,8.67,,,,,0
2004-12-04,17.32,32.718,8.76,0.38,0.74,7.11,10.43,0
2004-12-06,20.17,33.751,8.11,0.14,1.37,4.27,5.56,0
2004-12-06,21.23,33.943000000000005,8.14,,,,,0
2004-12-06,21.14,33.941,8.49,0.2,0.75,4.02,3.26,0
2004-12-06,21.45,33.955,8.19,,,,,0
2004-12-06,21.02,33.927,7.58,0.07,0.5,2.46,3.24,0
2004-12-06,21.53,33.939,8.6,,,,,0
2004-12-06,20.69,33.815,8.54,0.27,1.09,3.35,4.73,0
2004-12-06,20.38,33.816,8.43,,,,,0
2004-12-06,20.02,33.747,8.34,0.3,1.19,3.34,5.16,0
2004-12-06,20.26,33.72,7.47,,,,,0
2004-12-07,19.57,33.589,7.74,0.28,0.61,3.98,5.92,0
2004-12-07,19.72,33.608000000000004,7.57,,,,,0
2004-12-07,19.42,33.569,7.57,0.33,0.35,3.96,7.01,0
2004-12-07,19.12,33.492,7.75,,,,,0
2004-12-07,18.6,33.254,8.54,,,,,0
2004-12-07,18.73,33.36,8.49,0.16,0.44,6.87,9.53,0
2004-12-07,18.92,33.507,8.52,,,,,0
2004-12-07,19.07,33.637,8.23,0.16,1.08,4.85,7.31,0
2004-12-07,19.08,33.609,8.3,,,,,0
2004-12-07,19.02,33.582,8.79,0.29,0.95,8.6,7.74,0
2004-12-07,18.74,33.583,8.67,,,,,0
2004-12-07,18.83,33.568000000000005,8.3,0.27,1.04,3.82,6.46,0
2004-12-07,18.59,33.531,8.42,,,,,0
2004-12-08,13.93,32.413000000000004,8.37,,,,,0
2004-12-08,17.9,33.089,6.88,0.36,0.96,5.68,7.84,0
2004-12-08,16.69,32.939,7.52,,,,,0
2004-12-08,15.98,32.815,6.09,0.47,0.26,5.85,8.22,0
2004-12-08,13.95,33.748000000000005,5.84,0.02,0.54,4.4,11.15,0
2004-12-08,14.72,33.736999999999995,5.76,,,,,0
2004-12-08,14.55,33.815,5.87,,0.24,3.9,9.11,0
2004-12-08,14.85,33.87,5.92,,,,,0
2004-12-08,14.88,33.84,5.83,0.68,0.25,3.9,8.65,0
2004-12-08,17.0,34.052,5.69,,,,,0
2004-12-08,17.16,34.145,5.65,0.5,0.34,5.16,6.29,0
2004-12-09,12.35,33.675,5.94,0.75,0.33,4.97,7.11,0
2004-12-09,17.04,34.064,5.79,,,,,0
2004-12-09,16.88,34.166,5.58,0.34,0.6,6.85,7.51,0
2004-12-09,16.58,34.056999999999995,5.67,,,,,0
2004-12-09,16.65,34.077,5.56,0.43,0.55,6.67,6.98,0
2004-12-09,16.71,34.084,5.36,,,,,0
2004-12-09,18.04,33.944,,,,,,0
2004-12-09,16.43,34.045,5.56,0.37,0.37,8.05,11.23,0
2004-12-09,16.53,33.24,5.07,0.72,0.01,2.87,11.49,0
2004-12-09,16.19,34.052,5.67,,,,,0
2004-12-09,13.41,32.578,,,,,,0
2004-12-09,15.02,33.81,5.68,0.75,0.48,6.31,13.53,0
2004-12-09,14.45,33.852,5.85,,,,,0
2004-12-09,14.57,32.921,5.44,0.63,0.31,5.6,13.04,0
2004-12-09,14.22,32.839,,,,,,0
2004-12-09,15.2,32.413000000000004,5.44,0.36,0.34,1.27,9.18,0
2004-12-09,15.44,32.472,,,,,,0
2004-12-09,15.33,32.42,5.4,0.37,0.3,1.85,9.76,0
2004-12-09,15.07,32.191,5.51,,,,,0
2004-12-10,13.66,32.29,5.71,,,,,0
2004-12-10,13.48,32.603,6.35,0.5,0.47,2.48,11.47,0
2004-12-10,14.09,32.342,,,,,,0
2004-12-10,14.15,32.358000000000004,6.39,0.42,0.24,0.59,8.42,0
2004-12-10,13.41,32.754,,,,,,0
2004-12-10,13.32,32.56,6.1,0.8,0.22,4.14,15.78,0
2004-12-10,13.32,32.56,6.1,0.8,0.22,4.14,15.78,0
2004-12-10,12.49,32.111999999999995,,,,,,0
2004-12-11,14.64,33.925,5.69,,,,,0
2004-12-11,14.85,34.035,5.82,0.59,0.4,9.77,12.17,0
2004-12-11,14.72,33.973,5.82,,,,,0
2004-12-11,15.55,34.004,5.88,0.8,0.43,6.65,10.86,0
2004-12-11,14.99,34.001999999999995,5.77,,,,,0
2004-12-11,14.77,34.042,5.82,0.8,0.44,0.8,10.98,0
2004-12-11,17.95,34.257,5.64,,,,,0
2004-12-11,16.12,34.023,5.88,0.49,0.49,7.56,8.0,0
2004-12-11,16.48,34.073,5.7,,,,,0
2004-12-11,12.3,33.708,5.9,0.31,0.27,4.34,6.59,0
2004-12-12,17.99,34.121,5.64,0.6,0.7,5.31,5.97,0
2004-12-12,17.24,34.15,5.66,,,,,0
2004-12-12,16.74,34.068000000000005,5.63,0.41,0.53,4.01,7.01,0
2004-12-12,16.91,34.151,5.59,,,,,0
2004-12-12,17.97,34.153,5.67,0.35,0.71,6.92,10.32,0
2004-12-12,16.29,34.143,5.59,,,,,0
2004-12-12,14.4,34.075,5.72,0.74,0.5,14.2,17.1,0
2004-12-12,13.73,33.905,5.8,,,,,0
2004-12-12,13.91,33.857,5.84,,,,,0
2004-12-12,13.68,33.997,5.68,,,,,0
2004-12-12,13.69,33.991,5.82,,,,,0
2004-12-12,14.24,34.017,5.89,0.57,0.31,9.33,11.55,0
2004-12-12,18.31,34.199,5.6,,,,,0
2004-12-12,17.14,34.16,5.74,0.51,0.46,10.88,13.44,0
2004-12-13,18.64,34.268,5.58,,,,,0
2004-12-13,19.99,34.429,5.44,0.4,0.48,1.64,7.45,0
2004-12-13,18.71,34.239000000000004,5.55,,,,,0
2004-12-13,19.3,34.379,5.55,,,,,0
2004-12-13,18.87,34.322,5.01,0.26,0.66,3.08,8.23,0
2004-12-13,19.1,34.359,5.64,,,,,0
2004-12-13,16.87,34.042,5.75,0.7,0.64,7.89,11.61,0
2004-12-13,16.89,34.16,5.69,,,,,0
2004-12-13,17.1,34.209,4.75,,,,,0
2004-12-14,16.79,34.134,5.44,,,,,0
2004-12-14,16.81,34.134,5.13,,,,,0
2004-12-14,16.63,34.104,5.61,0.72,0.45,6.79,12.19,0
2004-12-14,12.81,32.285,6.37,0.76,0.17,5.09,14.58,0
2004-12-14,17.98,34.134,5.51,,,,,0
2004-12-14,13.07,32.44,,,,,,0
2004-12-14,18.06,34.193000000000005,5.48,0.85,0.85,4.41,8.37,0
2004-12-14,12.94,32.671,6.12,0.93,0.05,5.29,15.64,0
2004-12-14,14.16,33.72,5.72,,,,,0
2004-12-14,12.69,32.442,,,,,,0
2004-12-14,13.88,33.736,5.78,0.55,0.03,1.86,7.54,0
2004-12-14,12.88,32.427,6.62,0.49,0.05,2.45,11.13,0
2004-12-14,12.88,32.481,,,,,,0
2004-12-14,14.94,33.965,5.64,,,,,0
2004-12-14,12.78,32.352,6.49,0.42,0.03,1.64,9.8,0
2004-12-14,12.74,32.355,6.44,,,,,0
2004-12-14,16.97,34.153,4.57,0.5,0.76,3.93,9.03,0
2004-12-15,17.22,34.139,5.6,,,,,0
2004-12-15,12.98,32.014,6.49,,,,,0
2004-12-15,12.5,32.228,6.43,0.47,0.25,1.15,7.46,0
2004-12-15,16.9,34.157,5.54,0.14,0.78,5.7,9.24,0
2004-12-15,12.35,32.177,,,,,,0
2004-12-15,12.47,32.147,6.69,0.36,0.02,0.67,7.68,0
2004-12-15,17.2,34.216,5.53,,,,,0
2004-12-15,12.12,32.248000000000005,,,,,,0
2004-12-15,17.8,34.197,4.59,0.53,0.65,4.03,9.33,0
2004-12-15,11.69,32.17,6.82,0.58,0.21,1.9,11.53,0
2004-12-15,12.05,32.423,,,,,,0
2004-12-15,12.45,32.336,6.27,0.7,0.18,3.49,10.14,0
2004-12-15,12.22,32.205,,,,,,0
2004-12-15,11.93,32.02,6.61,0.69,0.02,4.13,13.5,0
2004-12-17,11.53,32.038000000000004,6.38,0.71,0.41,5.92,13.68,0
2004-12-17,11.94,32.116,,,,,,0
2004-12-17,12.03,32.253,6.34,0.68,0.18,5.35,13.24,0
2004-12-17,11.52,32.121,,,,,,0
2004-12-17,11.5,32.133,6.64,0.56,0.15,3.66,11.3,0
2004-12-17,11.77,32.124,,,,,,0
2004-12-17,11.48,31.88300000000001,6.78,0.36,0.21,1.09,11.52,0
2004-12-17,11.46,31.885,,,,,,0
2004-12-17,12.26,32.021,6.88,0.35,0.08,0.69,7.19,0
2004-12-17,11.84,31.935,6.81,,,,,0
2004-12-18,11.8,31.708,6.6,,,,,0
2004-12-18,11.78,31.83,7.06,0.23,0.14,0.85,6.35,0
2004-12-18,10.86,31.753,,,,,,0
2004-12-18,9.65,31.866,7.0,0.57,0.27,4.97,12.03,0
2004-12-18,10.13,31.836,,,,,,0
2004-12-18,10.46,31.803,6.65,0.81,0.07,6.92,11.86,0
2004-12-18,10.43,31.395,,,,,,0
2004-12-18,10.78,31.267,6.87,0.8,0.5,7.11,13.24,0
2005-02-16,9.69,33.14,7.01,0.91,0.01,12.09,17.22,0
2005-02-16,9.55,32.97,7.05,0.62,,11.15,16.2,0
2005-02-17,9.61,32.87,7.08,0.45,0.01,8.12,12.12,0
2005-02-17,10.36,33.53,7.09,0.46,,7.02,10.5,0
2005-02-17,11.76,33.85,7.08,0.57,0.01,6.02,9.98,0
2005-02-17,13.26,34.22,7.02,0.53,0.01,4.12,7.65,0
2005-02-17,14.08,34.27,6.9,0.37,0.01,3.53,7.08,0
2005-02-17,14.75,34.4,6.78,0.27,,3.1,5.9,0
2005-02-17,15.52,34.42,6.66,0.4,0.01,2.63,4.94,0
2005-02-17,2.89,31.385,6.47,1.08,0.26,16.13,12.72,0
2005-02-17,15.95,34.47,6.54,0.25,0.01,3.14,5.53,0
2005-02-17,2.89,31.63300000000001,,,,,,0
2005-02-17,3.67,31.796,7.77,0.95,0.24,13.7,10.8,0
2005-02-17,4.37,32.011,,,,,,0
2005-02-17,4.74,32.168,7.31,0.88,0.26,8.71,11.91,0
2005-02-17,5.8,32.332,,,,,,0
2005-02-17,6.24,32.267,7.18,0.74,0.24,5.99,10.45,0
2005-02-17,6.35,32.206,7.18,,,,,0
2005-02-18,6.65,32.33,7.36,,,,,0
2005-02-18,6.75,32.418,6.67,0.86,0.29,3.69,6.58,0
2005-02-18,6.38,32.404,,,,,,0
2005-02-18,10.95,33.12,6.99,0.61,0.02,11.21,17.1,0
2005-02-18,6.23,32.358000000000004,6.87,0.91,0.34,6.64,12.11,0
2005-02-18,6.08,32.354,,,,,,0
2005-02-18,8.73,32.23,6.92,0.6,0.01,10.79,17.55,0
2005-02-18,5.47,32.321,7.49,0.95,0.46,8.2,12.81,0
2005-02-18,5.13,32.193000000000005,,,,,,0
2005-02-18,4.98,32.077,7.22,1.02,0.44,9.61,11.46,0
2005-02-18,9.46,32.99,6.97,0.55,,6.67,11.07,0
2005-02-18,4.45,31.874,,,,,,0
2005-02-18,4.1,31.77,7.36,1.05,0.33,10.31,12.26,0
2005-02-21,16.52,34.65,6.69,0.31,0.01,3.67,6.43,0
2005-02-21,16.2,34.57,5.46,0.26,0.01,4.73,5.55,0
2005-02-21,16.05,34.56,6.52,0.34,0.01,3.73,5.99,0
2005-02-21,13.22,33.4,5.94,0.34,0.99,11.37,7.54,0
2005-02-21,15.85,34.55,6.55,0.37,0.01,3.92,6.14,0
2005-02-21,14.76,34.051,5.84,,,,,0
2005-02-21,14.92,34.48,5.72,0.37,0.01,4.37,5.92,0
2005-02-21,14.83,34.045,5.8,0.34,0.63,4.52,6.26,0
2005-02-21,14.36,34.25,6.23,0.27,0.01,3.05,7.21,0
2005-02-21,3.93,31.64,7.52,1.18,0.41,10.04,12.55,0
2005-02-21,14.02,34.3,6.38,0.25,0.01,2.78,5.39,0
2005-02-21,4.69,31.996,,,,,,0
2005-02-21,13.91,34.006,5.9,0.42,0.8,10.43,8.85,0
2005-02-21,13.76,34.4,6.23,0.33,,3.31,5.65,0
2005-02-21,4.89,32.128,7.33,1.09,0.33,9.59,11.87,0
2005-02-21,13.89,34.026,6.0,,,,,0
2005-02-21,5.17,32.201,,,,,,0
2005-02-21,13.02,33.978,6.06,0.31,0.61,6.76,6.98,0
2005-02-21,12.01,34.19,7.12,0.43,0.01,5.74,8.75,0
2005-02-21,5.6,32.314,7.12,1.1,0.32,7.46,12.83,0
2005-02-21,10.69,33.83,6.41,,,,,0
2005-02-21,9.93,33.77,6.29,0.46,,7.59,10.47,0
2005-02-21,6.0,32.393,,,,,,0
2005-02-21,11.8,33.915,6.47,0.29,0.76,8.7,7.46,0
2005-02-22,6.49,32.46,6.81,1.02,0.31,8.51,13.11,0
2005-02-22,11.55,33.889,6.44,,,,,0
2005-02-22,8.28,32.91,6.46,0.39,,7.03,10.22,0
2005-02-22,11.7,33.903,6.32,,,,,0
2005-02-22,6.84,32.558,,,,,,0
2005-02-22,12.02,33.929,6.09,0.26,0.5,4.1,5.89,0
2005-02-22,12.91,33.974000000000004,6.17,,,,,0
2005-02-22,13.33,33.961,6.07,0.26,0.62,6.84,6.79,0
2005-02-22,12.93,33.931,6.09,,,,,0
2005-02-22,12.1,34.37,7.01,0.4,0.01,4.2,7.96,0
2005-02-22,15.0,34.054,5.96,0.32,0.68,7.86,6.9,0
2005-02-22,13.88,34.39,6.84,0.3,,3.83,6.11,0
2005-02-22,15.3,34.084,6.02,,,,,0
2005-02-22,13.95,34.37,6.86,0.73,0.01,3.63,6.72,0
2005-02-22,14.65,34.44,6.61,0.29,0.01,3.68,5.1,0
2005-02-22,14.76,34.056999999999995,6.08,,,,,0
2005-02-22,15.58,34.53,6.81,0.4,0.01,4.05,6.39,0
2005-02-22,12.96,33.957,6.02,0.36,0.77,7.2,6.48,0
2005-02-22,16.04,34.56,6.78,0.33,0.01,3.73,6.11,0
2005-02-22,12.99,33.979,6.32,,,,,0
2005-02-22,16.2,34.54,6.58,0.33,0.01,4.27,6.16,0
2005-02-22,16.6,34.61,6.49,0.18,0.01,4.09,6.11,0
2005-02-24,12.05,33.931999999999995,6.23,,,,,0
2005-02-24,11.24,33.889,6.25,,,,,0
2005-02-24,10.54,33.812,6.54,,,,,0
2005-02-24,11.85,33.861999999999995,6.13,0.51,0.48,7.75,6.53,0
2005-02-24,12.2,34.295,6.07,0.22,0.63,7.24,9.9,0
2005-02-24,6.98,32.637,7.04,1.07,0.39,10.28,14.6,0
2005-02-24,13.16,34.216,5.95,,,,,0
2005-02-24,11.22,33.823,6.32,,,,,0
2005-02-24,14.47,34.32,6.33,0.11,0.58,7.07,9.35,0
2005-02-24,7.01,32.602,6.67,,,,,0
2005-02-24,7.78,32.819,6.84,,,,,0
2005-02-24,7.5,32.811,6.77,1.12,0.26,9.71,14.54,0
2005-02-24,7.46,32.806999999999995,,,,,,0
2005-02-24,6.87,32.598,6.71,1.14,0.25,8.52,12.87,0
2005-02-24,6.47,32.458,,,,,,0
2005-02-25,5.99,32.367,7.18,1.01,0.26,8.35,11.45,0
2005-02-25,5.65,32.292,,,,,,0
2005-02-25,4.44,32.02,7.38,1.09,0.32,8.97,11.2,0
2005-02-27,13.34,34.046,6.35,0.28,0.34,7.37,6.1,0
2005-02-27,15.52,34.04,6.28,,,,,0
2005-02-27,14.04,34.61,5.91,,,,,0
2005-02-27,14.8,34.019,6.18,0.28,0.49,9.15,6.41,0
2005-02-27,3.83,32.043,,,,,,0
2005-02-27,14.93,33.988,6.33,0.28,0.43,4.7,4.79,0
2005-02-27,5.47,32.205,6.95,0.92,0.42,8.16,9.52,0
2005-02-27,11.05,34.45,6.43,,,,,0
2005-02-27,15.7,34.045,6.31,,,,,0
2005-02-27,6.36,32.46,,,,,,0
2005-02-27,10.39,34.227,6.17,0.38,0.44,8.8,3.92,0
2005-02-27,15.52,34.042,6.58,0.25,0.64,8.28,5.14,0
2005-02-27,7.15,32.67,6.7,1.0,0.33,7.55,9.62,0
2005-02-27,13.52,34.304,6.59,,,,,0
2005-02-27,15.28,34.078,6.62,,,,,0
2005-02-27,7.8,32.876,,,,,,0
2005-02-27,13.84,34.396,5.99,,0.97,8.73,7.48,0
2005-02-27,13.62,34.332,6.58,,,,,0
2005-02-27,13.41,34.569,6.45,,,,,0
2005-02-27,8.19,32.941,6.46,1.09,0.25,9.93,13.33,0
2005-02-27,8.18,32.923,6.6,,,,,0
2005-02-27,12.3,34.368,6.41,,,,,0
2005-02-27,15.69,34.077,5.98,0.24,0.74,7.76,5.85,0
2005-02-27,12.29,34.248000000000005,6.48,,,,,0
2005-02-27,13.64,34.546,6.45,0.15,0.41,8.81,6.86,0
2005-02-27,12.67,34.548,6.12,,,,,0
2005-02-27,15.87,34.007,6.14,,,,,0
2005-02-28,10.89,34.318000000000005,6.19,0.18,0.39,13.34,7.54,0
2005-02-28,15.8,34.039,6.04,0.22,0.59,7.45,4.85,0
2005-02-28,8.39,33.213,6.53,,,,,0
2005-02-28,9.87,34.238,6.79,,,,,0
2005-02-28,7.99,32.999,6.77,0.99,0.3,10.43,12.97,0
2005-02-28,15.73,33.973,5.75,,,,,0
2005-02-28,7.8,32.917,,,,,,0
2005-02-28,9.76,34.204,6.27,0.12,0.29,12.63,7.48,0
2005-02-28,15.47,33.95,5.73,0.23,0.46,6.29,5.01,0
2005-02-28,7.95,32.95,6.78,1.24,0.24,9.5,14.42,0
2005-02-28,14.92,33.974000000000004,6.24,,,,,0
2005-02-28,7.62,33.111999999999995,,,,,,0
2005-02-28,14.57,33.989000000000004,6.04,0.22,0.37,4.46,5.45,0
2005-02-28,10.44,34.334,6.22,,,,,0
2005-02-28,6.48,32.771,6.8,1.1,0.24,9.33,13.49,0
2005-02-28,13.92,34.077,5.98,,,,,0
2005-02-28,5.33,32.386,,,,,,0
2005-02-28,6.57,32.861999999999995,7.16,0.87,0.29,8.07,11.49,0
2005-02-28,13.69,33.976,5.94,0.27,0.37,6.02,6.22,0
2005-02-28,10.65,34.26,6.61,0.09,0.25,7.3,5.17,0
2005-02-28,10.99,34.184,,,,,,0
2005-02-28,12.89,33.801,6.02,,,,,0
2005-02-28,10.78,34.23,6.17,,,,,0
2005-02-28,10.82,34.255,6.18,0.26,0.24,8.14,3.56,0
2005-02-28,10.84,34.282,6.06,,,,,0
2005-02-28,10.54,34.276,6.12,0.16,0.28,6.51,4.98,0
2005-02-28,11.92,33.834,6.32,,,,,0
2005-02-28,12.79,34.572,6.1,,,,,0
2005-02-28,12.31,33.847,6.12,0.3,0.53,13.3,8.62,0
2005-02-28,13.4,34.566,6.2,0.12,0.34,6.28,6.74,0
2005-02-28,12.63,34.521,6.18,,,,,0
2005-02-28,11.26,34.496,6.34,,,,,0
2005-02-28,12.25,33.859,6.2,,,,,0
2005-02-28,12.49,33.899,6.7,0.28,0.24,5.54,5.2,0
2005-02-28,12.52,33.945,6.62,,,,,0
2005-03-01,12.73,33.988,6.34,0.35,0.32,8.36,5.44,0
2005-03-01,13.08,34.025,6.23,,,,,0
2005-03-01,13.95,34.034,5.85,0.21,0.34,6.78,4.66,0
2005-03-01,14.32,34.022,5.95,,,,,0
2005-03-02,13.4,33.989000000000004,6.05,0.25,0.36,8.51,5.79,0
2005-03-02,12.2,33.787,6.32,,,,,0
2005-03-02,10.99,33.678000000000004,6.43,0.41,0.26,7.71,7.02,0
2005-03-02,9.39,33.468,6.77,,,,,0
2005-03-02,8.12,34.241,6.08,0.39,0.35,10.01,8.04,0
2005-03-02,8.66,34.178000000000004,6.32,,,,,0
2005-03-02,5.21,34.039,6.67,0.22,0.37,9.57,8.29,0
2005-03-02,5.39,34.004,6.74,,,,,0
2005-03-02,8.37,34.161,6.31,0.23,0.54,13.06,7.42,0
2005-03-08,11.17,34.564,6.01,,,,,0
2005-03-08,11.08,34.478,6.11,,,,,0
2005-03-08,11.47,34.468,6.35,0.16,0.43,8.08,5.45,0
2005-03-08,10.8,34.413000000000004,6.13,,,,,0
2005-03-08,11.05,34.449,6.06,0.19,0.26,6.59,4.98,0
2005-03-08,9.54,34.401,6.2,,,,,0
2005-03-08,10.51,34.319,6.2,0.32,0.28,6.9,3.08,0
2005-03-08,8.88,34.293,6.43,,,,,0
2005-03-14,10.28,34.493,6.19,0.19,0.41,16.15,5.69,0
2005-03-14,8.56,34.245,6.4,,,,,0
2005-03-14,8.55,34.013000000000005,6.7,0.06,0.3,13.13,3.13,0
2005-03-15,8.96,34.345,6.58,,,,,0
2005-03-15,8.24,34.235,6.72,,,,,0
2005-03-15,7.68,34.226,6.66,0.08,0.17,8.23,2.51,0
2005-03-15,8.41,34.22,6.58,,,,,0
2005-03-15,7.6,34.224000000000004,6.37,0.13,0.25,12.86,6.61,0
2005-03-15,9.8,34.413000000000004,6.11,,,,,0
2005-03-15,9.32,34.296,6.2,0.18,0.25,15.89,4.65,0
2005-03-15,9.41,34.316,6.19,,,,,0
2005-03-15,8.79,34.342,6.27,0.19,0.4,16.8,6.23,0
2005-03-15,10.16,34.325,6.2,,,,,0
2005-03-15,10.4,34.295,6.65,0.21,0.36,13.32,6.41,0
2005-03-15,10.1,34.385,6.11,,,,,0
2005-03-15,9.85,34.259,6.41,0.24,0.31,10.22,6.87,0
2005-03-15,10.04,34.336,6.33,,,,,0
2005-03-16,8.62,34.274,6.21,,,,,0
2005-03-16,9.21,34.347,6.56,0.17,0.41,11.1,6.31,0
2005-03-16,9.39,34.397,6.14,,,,,0
2005-03-17,9.61,34.34,6.32,0.17,0.36,13.96,5.58,0
2005-03-17,9.76,34.245,6.31,,,,,0
2005-03-17,9.69,34.281,6.24,0.23,0.51,14.37,5.87,0
2005-03-17,9.67,34.258,6.22,,,,,0
2005-03-17,10.47,34.428000000000004,6.25,0.06,0.22,5.02,3.88,0
2005-03-17,9.39,34.397,6.14,,,,,0
2005-03-17,9.93,34.372,6.41,0.14,0.25,5.08,4.74,0
2005-03-17,8.19,34.284,6.48,,,,,0
2005-03-17,8.92,34.313,5.98,0.15,0.71,12.35,9.21,0
2005-03-17,8.38,34.272,6.25,,,,,0
2005-03-31,12.18,33.733000000000004,6.14,0.21,0.43,10.11,6.35,0
2005-03-31,13.02,33.979,6.2,,,,,0
2005-03-31,14.0,33.986999999999995,6.15,0.23,0.46,8.01,6.45,0
2005-03-31,14.86,34.023,5.75,0.26,0.79,4.67,7.33,0
2005-03-31,13.44,33.974000000000004,6.38,,,,,0
2005-03-31,12.59,33.961,6.62,0.13,0.23,2.35,3.01,0
2005-03-31,11.46,33.941,6.92,,,,,0
2005-03-31,11.63,33.937,6.62,0.12,0.36,1.96,2.14,0
2005-03-31,11.21,33.917,6.54,,,,,0
2005-03-31,10.73,33.87,6.45,,,,,0
2005-03-31,13.47,33.981,6.18,,,,,0
2005-03-31,13.87,33.999,6.05,0.24,0.67,4.73,7.14,0
2005-04-01,13.41,33.988,6.15,,,,,0
2005-04-01,15.23,34.05,6.18,,,,,0
2005-04-01,15.59,34.063,6.09,0.23,0.63,5.33,6.46,0
2005-04-01,15.44,34.063,5.82,,,,,0
2005-04-01,14.51,34.029,5.79,0.23,0.67,9.53,8.76,0
2005-04-01,11.9,33.707,6.21,,,,,0
2005-04-01,10.09,33.815,6.56,0.19,0.29,3.75,4.11,0
2005-04-01,10.32,33.711,6.46,,,,,0
2005-04-01,10.09,33.702,6.75,,,,,0
2005-04-01,9.92,33.351,6.52,,,,,0
2005-04-01,9.78,33.325,7.05,0.39,0.34,8.04,11.21,0
2005-04-01,13.13,33.973,7.0,,,,,0
2005-04-01,15.02,34.017,6.0,0.21,0.66,9.1,8.64,0
2005-04-01,17.17,33.963,6.72,,,,,0
2005-04-01,14.77,34.011,5.92,0.19,0.7,7.84,7.6,0
2005-04-02,15.03,34.023,5.9,0.2,1.09,5.86,5.93,0
2005-04-02,15.81,34.081,5.94,,,,,0
2005-04-02,15.86,34.083,5.79,0.18,0.6,3.37,6.12,0
2005-04-02,15.63,34.059,5.84,,,,,0
2005-04-02,16.13,34.089,5.71,0.33,0.69,4.8,6.87,0
2005-04-02,16.34,34.092,5.83,,,,,0
2005-04-02,16.21,34.076,6.06,0.15,0.34,9.42,9.13,0
2005-04-02,15.64,34.048,6.21,,,,,0
2005-04-02,15.1,33.995,6.9,0.21,0.67,3.37,5.37,0
2005-04-02,15.19,34.017,6.72,,,,,0
2005-04-03,14.67,33.994,6.51,0.16,0.48,6.83,7.52,0
2005-04-03,13.85,33.938,6.34,,,,,0
2005-04-03,11.12,33.703,6.2,0.22,0.53,4.84,14.93,0
2005-04-03,11.12,33.705,6.31,,,,,0
2005-04-03,11.3,33.747,6.29,,,,,0
2005-04-03,13.85,33.938,6.34,,,,,0
2005-04-03,11.3,33.744,6.28,0.35,0.41,7.02,9.49,0
2005-04-03,11.12,33.703,6.2,0.22,0.53,4.84,14.93,0
2005-04-03,11.69,33.79,6.32,,,,,0
2005-04-03,12.2,33.863,6.2,0.25,0.34,3.98,7.67,0
2005-04-03,12.87,33.883,6.42,,,,,0
2005-04-03,13.08,33.907,6.32,0.22,0.41,6.26,7.76,0
2005-04-05,13.58,33.937,6.35,,,,,0
2005-04-05,14.19,33.986999999999995,7.13,0.16,0.47,3.0,4.43,0
2005-04-05,14.34,33.991,6.93,,,,,0
2005-04-05,14.19,33.986999999999995,7.13,0.16,0.47,3.0,4.43,0
2005-04-05,13.48,33.954,6.33,0.24,0.43,6.88,7.15,0
2005-04-05,13.6,33.979,6.21,,,,,0
2005-04-05,13.01,33.96,6.08,0.26,0.41,7.56,7.88,0
2005-04-05,11.34,33.553000000000004,6.34,,,,,0
2005-04-12,12.83,34.515,6.4,0.04,0.29,1.44,3.7,0
2005-04-12,13.41,34.592,6.3,,,,,0
2005-04-12,14.19,34.599000000000004,6.35,0.26,0.45,3.5,6.1,0
2005-04-12,14.59,34.621,6.38,,,,,0
2005-04-12,14.05,34.614000000000004,6.38,,,,,0
2005-04-12,13.86,34.574,6.37,0.53,0.22,0.23,3.11,0
2005-04-12,13.69,34.585,6.32,,,,,0
2005-04-12,13.73,34.562,6.4,0.26,0.17,0.51,3.16,0
2005-04-12,13.04,34.508,6.48,,,,,0
2005-04-12,12.96,34.5,6.3,,,,,0
2005-04-13,5.49,31.563,7.26,0.86,0.13,16.86,8.83,0
2005-04-13,5.15,31.591,,,,,,0
2005-04-13,5.73,31.78,7.53,0.71,0.16,12.11,7.43,0
2005-04-13,5.75,31.988000000000003,,,,,,0
2005-04-13,5.68,32.066,7.8,0.85,0.11,6.36,2.95,0
2005-04-13,6.59,32.314,,,,,,0
2005-04-14,6.66,32.33,7.32,1.12,0.19,8.66,8.49,0
2005-04-14,6.76,32.313,7.16,,,,,0
2005-04-14,7.56,32.477,7.32,,,,,0
2005-04-14,7.53,32.507,7.69,1.16,0.19,5.47,0.74,0
2005-04-14,7.26,32.45,,,,,,0
2005-04-14,7.07,32.38,7.64,1.1,0.11,2.82,3.84,0
2005-04-14,11.84,34.147,6.38,,,,,0
2005-04-14,11.9,34.224000000000004,6.38,,,,,0
2005-04-14,6.81,32.35,,,,,,0
2005-04-14,12.89,34.47,6.33,0.33,0.14,0.28,2.22,0
2005-04-14,13.65,34.554,6.29,,,,,0
2005-04-14,6.19,32.186,8.52,0.84,0.07,3.24,3.87,0
2005-04-14,13.94,34.59,6.22,0.16,0.28,0.92,3.86,0
2005-04-14,5.78,32.052,,,,,,0
2005-04-14,5.85,31.966,7.6,0.84,0.13,9.48,5.71,0
2005-04-14,13.83,34.616,6.56,,,,,0
2005-04-14,6.4,31.653,,,,,,0
2005-04-14,7.09,31.63300000000001,7.5,0.99,0.15,11.88,6.88,0
2005-04-14,11.49,34.431,6.27,0.23,0.53,1.5,5.59,0
2005-04-14,11.41,34.438,6.5,,,,,0
2005-04-15,6.9,31.748,7.9,1.0,0.27,9.84,4.18,0
2005-04-15,6.97,31.751,,,,,,0
2005-04-15,6.53,32.241,7.33,1.13,0.25,10.05,5.8,0
2005-04-15,6.9,32.303000000000004,,,,,,0
2005-04-15,7.26,32.284,8.49,0.69,0.11,4.45,2.74,0
2005-04-15,7.62,32.317,,,,,,0
2005-04-15,13.04,34.501999999999995,6.32,,,,,0
2005-04-15,13.01,34.508,6.27,,,,,0
2005-04-15,13.34,34.556,6.28,0.41,0.34,3.15,4.47,0
2005-04-15,8.0,32.361999999999995,7.93,1.18,0.18,4.07,7.17,0
2005-04-15,13.46,34.54,6.27,,,,,0
2005-04-15,8.17,32.467,,,,,,0
2005-04-15,13.18,34.564,6.28,0.09,0.46,0.54,3.51,0
2005-04-15,8.55,32.58,7.93,1.09,0.2,6.34,1.04,0
2005-04-15,8.2,32.555,7.94,,,,,0
2005-04-15,11.22,34.298,6.28,,,,,0
2005-04-16,11.09,34.325,6.55,0.22,0.53,3.1,6.02,0
2005-04-16,8.99,32.87,7.47,,,,,0
2005-04-16,8.71,32.768,7.26,0.6,0.39,10.39,10.87,0
2005-04-16,10.94,34.289,6.29,,,,,0
2005-04-16,8.61,32.736999999999995,,,,,,0
2005-04-16,12.19,34.484,6.53,0.2,0.33,0.56,5.0,0
2005-04-16,8.58,32.706,6.82,1.4,0.28,11.61,13.11,0
2005-04-16,8.17,32.526,,,,,,0
2005-04-16,7.68,32.427,7.0,1.45,0.32,9.7,12.83,0
2005-04-16,7.76,32.064,,,,,,0
2005-04-16,7.67,31.869,6.71,1.39,0.18,9.77,7.65,0
2005-04-16,8.86,32.29,,,,,,0
2005-04-16,7.87,32.428000000000004,6.79,0.79,0.33,12.53,10.34,0
2005-04-16,10.53,34.378,6.48,0.13,0.31,0.09,4.06,0
2005-04-16,10.27,34.325,6.38,,,,,0
2005-04-17,12.13,34.51,6.32,0.1,0.19,0.34,3.23,0
2005-04-17,11.0,34.323,6.27,,,,,0
2005-04-17,11.96,34.535,6.54,0.16,0.22,0.27,3.85,0
2005-04-17,12.14,34.525,6.27,,,,,0
2005-04-17,12.81,34.537,6.32,0.17,0.17,0.84,2.64,0
2005-04-17,10.76,34.304,6.34,,,,,0
2005-04-17,10.55,34.299,6.32,,,,,0
2005-04-17,8.79,32.75,,,,,,0
2005-04-17,9.72,32.884,6.73,0.67,0.37,12.13,16.66,0
2005-04-17,9.31,32.912,,,,,,0
2005-04-17,9.77,32.957,6.69,1.13,0.11,11.17,10.14,0
2005-04-17,9.66,32.926,7.27,,,,,0
2005-04-18,10.21,32.946,6.71,,,,,0
2005-04-18,10.16,33.026,6.88,0.53,0.21,7.59,10.03,0
2005-04-18,11.03,33.436,,,,,,0
2005-04-18,11.85,34.113,6.09,1.0,0.45,7.95,7.48,0
2005-04-18,13.01,34.516,,,,,,0
2005-04-18,9.95,33.058,6.55,0.58,0.38,11.73,11.18,0
2005-04-18,10.99,33.513000000000005,,,,,,0
2005-04-18,11.99,33.883,6.52,0.79,0.18,7.94,8.17,0
2005-04-18,13.25,34.28,,,,,,0
2005-04-21,11.61,34.455,6.31,,,,,0
2005-04-21,11.58,34.445,6.25,0.46,0.31,2.39,6.96,0
2005-04-21,11.63,34.465,6.3,,,,,0
2005-04-21,12.33,34.465,6.29,0.03,0.19,0.23,2.75,0
2005-04-21,11.72,34.416,6.25,,,,,0
2005-04-21,12.91,34.53,6.28,0.13,0.15,,2.88,0
2005-04-21,12.51,34.503,6.26,,,,,0
2005-04-21,10.79,34.285,6.32,0.11,0.2,1.48,3.72,0
2005-04-21,11.3,34.366,6.32,,,,,0
2005-04-23,10.69,34.367,6.36,0.08,0.25,,4.35,0
2005-04-24,11.57,34.333,6.27,0.07,0.08,0.47,5.18,0
2005-04-24,12.33,34.49,6.24,,,,,0
2005-04-24,10.82,34.276,6.25,0.21,0.33,1.76,6.59,0
2005-04-24,11.49,34.396,6.3,,,,,0
2005-04-24,12.83,34.524,6.27,0.12,0.06,,4.11,0
2005-04-24,12.21,34.509,6.24,,,,,0
2005-04-24,12.6,34.524,6.37,0.13,0.09,0.18,3.76,0
2005-04-24,11.6,34.496,6.24,,,,,0
2005-04-24,11.13,34.47,6.25,0.24,0.4,3.08,5.35,0
2005-04-24,10.2,34.327,6.35,,,,,0
2005-04-25,10.57,34.361999999999995,6.29,0.14,0.11,0.3,2.57,0
2005-04-25,11.39,34.442,6.31,,,,,0
2005-04-25,10.35,34.329,6.33,0.06,0.09,0.2,3.08,0
2005-04-25,9.63,34.242,6.32,,,,,0
2005-04-25,9.46,34.251,6.51,0.06,0.16,1.42,2.88,0
2005-04-25,10.56,34.325,6.3,,,,,0
2005-04-25,12.64,34.509,6.25,0.22,0.1,0.88,4.46,0
2005-05-03,13.22,31.42,6.16,0.42,0.25,4.29,4.25,0
2005-05-03,12.44,32.08,6.64,0.15,0.26,1.55,6.56,0
2005-05-03,12.91,32.63,6.07,0.18,0.06,1.18,8.71,0
2005-05-03,14.23,34.67,5.82,0.08,0.06,0.88,6.69,0
2005-05-03,16.16,33.77,5.36,0.1,0.05,2.1,4.73,0
2005-05-03,15.96,33.83,6.1,0.07,0.12,2.88,4.45,0
2005-05-03,18.24,34.66,5.22,0.05,0.06,3.43,2.81,0
2005-05-03,17.96,34.53,5.33,0.18,0.06,1.29,3.71,0
2005-05-04,17.86,34.52,5.39,0.03,0.11,2.18,4.16,0
2005-05-04,17.8,34.47,5.42,0.06,0.11,1.4,3.32,0
2005-05-04,17.95,34.37,5.05,0.34,0.06,1.07,3.9,0
2005-05-04,17.05,34.05,5.42,0.27,0.06,1.33,4.32,0
2005-05-04,17.77,34.32,5.36,0.34,0.09,4.35,3.8,0
2005-05-04,17.77,34.32,5.36,0.34,0.09,4.35,3.8,0
2005-05-04,13.56,32.27,6.44,0.08,0.17,4.2,10.55,0
2005-05-04,18.66,34.61,5.19,0.19,0.03,3.09,3.38,0
2005-05-04,18.66,34.61,5.19,0.19,0.03,3.09,3.38,0
2005-05-04,16.52,33.29,5.7,0.1,0.04,3.97,5.32,0
2005-05-04,15.56,32.81,5.42,0.14,0.07,1.77,6.01,0
2005-05-04,15.75,32.52,6.53,0.18,0.04,2.92,7.42,0
2005-05-04,14.47,32.59,7.02,0.75,0.07,4.04,7.39,0
2005-05-04,14.54,32.3,6.02,0.01,0.1,2.85,3.23,0
2005-05-04,14.19,32.29,5.25,0.73,0.16,7.41,8.85,0
2005-05-04,13.56,32.27,6.44,0.08,0.17,4.2,10.55,0
2005-05-05,12.06,32.13,5.7,0.61,0.53,11.17,,0
2005-05-05,13.5,32.11,6.22,0.14,0.31,7.48,3.93,0
2005-05-05,13.01,32.61,6.56,0.38,0.1,1.4,4.1,0
2005-05-05,14.73,32.73,6.36,,,5.47,3.32,0
2005-05-05,15.38,32.66,5.87,0.17,0.03,1.64,8.88,0
2005-05-05,15.33,32.26,6.1,0.18,0.04,1.47,9.12,0
2005-05-05,15.31,32.32,7.1,0.12,0.15,4.86,11.13,0
2005-05-05,15.23,32.29,6.1,0.16,0.07,2.42,7.95,0
2005-05-05,15.06,32.38,5.79,0.29,0.06,3.54,6.36,0
2005-05-05,17.82,33.9,5.65,0.17,0.12,3.08,6.34,0
2005-05-05,17.46,34.13,7.04,0.07,0.07,4.88,,0
2005-05-15,15.47,32.788000000000004,5.6623,0.0349,0.106,1.5854,8.9811,0
2005-06-08,18.08,33.563,5.79,0.1,0.28,11.08,7.01,0
2005-06-08,20.31,33.104,5.72,,,,,0
2005-06-08,20.78,32.809,5.69,0.23,0.24,7.99,6.07,0
2005-06-08,19.67,33.616,5.31,0.24,0.31,9.15,6.27,0
2005-06-08,20.84,33.384,5.41,,,,,0
2005-06-08,18.5,33.422,5.52,0.1,0.25,9.89,8.24,0
2005-06-08,18.66,33.281,5.45,,,,,0
2005-06-08,18.16,33.624,5.34,0.27,0.27,7.21,6.57,0
2005-06-08,19.0,33.461,5.7,,,,,0
2005-06-08,19.07,33.547,5.64,,,,,0
2005-06-08,18.91,33.661,5.35,,,,,0
2005-06-09,19.6,33.35,5.37,0.24,0.28,7.99,6.18,0
2005-06-09,21.47,33.473,5.42,,,,,0
2005-06-09,21.87,32.01,5.42,,,,,0
2005-06-09,21.8,32.255,5.52,0.3,0.48,9.94,4.58,0
2005-06-09,21.38,31.744,5.62,,,,,0
2005-06-09,20.08,33.215,5.75,0.11,0.4,6.04,5.58,0
2005-06-09,19.47,33.416,5.54,,,,,0
2005-06-09,19.34,33.35,6.19,0.12,0.32,6.2,5.86,0
2005-06-09,20.38,33.338,5.52,,,,,0
2005-06-09,20.93,32.881,6.33,,,,,0
2005-06-09,12.4,31.307,6.72,0.76,0.26,6.49,1.76,0
2005-06-09,19.88,32.819,5.65,,,,,0
2005-06-09,20.42,33.366,5.47,0.1,0.37,8.25,6.72,0
2005-06-09,18.38,33.562,5.5,,,,,0
2005-06-09,13.24,31.553,,,,,,0
2005-06-09,20.82,33.39,5.3,0.06,0.29,10.33,8.1,0
2005-06-09,17.14,31.931,6.4,0.54,0.12,3.05,1.41,0
2005-06-09,19.88,33.499,5.54,,,,,0
2005-06-09,17.07,31.967,,,,,,0
2005-06-09,19.5,33.241,5.31,0.23,0.25,7.49,6.7,0
2005-06-09,17.26,32.042,6.05,0.8,0.14,0.68,1.43,0
2005-06-09,19.3,32.088,,,,,,0
2005-06-09,19.22,32.178000000000004,6.02,0.24,0.08,0.31,1.38,0
2005-06-09,18.36,32.207,5.92,,,,,0
2005-06-09,18.36,32.49,5.68,,,,,0
2005-06-09,18.06,32.339,5.79,0.18,0.13,1.01,0.54,0
2005-06-10,19.32,32.205,,,,,,0
2005-06-10,18.52,34.255,5.09,0.06,0.09,1.42,3.93,0
2005-06-10,20.99,33.709,5.05,,,,,0
2005-06-10,19.1,32.049,5.85,0.27,0.12,0.97,0.7,0
2005-06-10,20.73,34.138000000000005,5.69,0.05,0.17,0.65,3.28,0
2005-06-10,18.94,32.092,,,,,,0
2005-06-10,18.93,32.049,5.8,0.32,0.14,0.71,1.43,0
2005-06-10,20.26,34.129,5.39,,,,,0
2005-06-10,18.14,31.841,,,,,,0
2005-06-10,17.24,32.01,6.45,0.21,0.12,0.73,5.34,0
2005-06-10,20.43,34.58,5.66,,,,,0
2005-06-10,16.89,31.304,,,,,,0
2005-06-10,20.13,34.272,5.72,0.03,0.11,0.37,3.43,0
2005-06-10,14.88,31.122,7.23,0.75,0.09,0.33,0.58,0
2005-06-10,19.85,34.233000000000004,4.92,,,,,0
2005-06-10,20.26,34.024,5.24,0.03,0.04,0.29,2.94,0
2005-06-10,17.49,34.303000000000004,5.79,,,,,0
2005-06-10,17.01,34.249,5.9,,,,,0
2005-06-12,18.62,32.264,5.92,,,,,0
2005-06-12,19.86,33.042,5.36,0.2,0.14,3.63,5.0,0
2005-06-12,21.61,31.84800000000001,5.45,,,,,0
2005-06-12,16.91,33.916,6.19,,,,,0
2005-06-12,21.59,31.868,5.34,0.2,0.23,2.36,4.12,0
2005-06-12,18.05,33.965,5.55,,,,,0
2005-06-12,19.76,33.787,5.19,0.05,0.3,0.34,1.98,0
2005-06-12,20.22,33.77,5.09,,,,,0
2005-06-12,20.17,33.35,5.21,,,,,0
2005-06-12,19.71,34.54,5.36,0.06,0.26,1.17,2.63,0
2005-06-12,19.36,34.451,5.82,,,,,0
2005-06-12,16.68,31.339,6.82,0.17,0.26,2.7,0.52,0
2005-06-12,22.23,31.434,5.14,0.18,0.34,2.2,4.25,0
2005-06-12,15.89,31.856,,,,,,0
2005-06-12,22.32,31.491,5.24,,,,,0
2005-06-12,19.31,34.488,5.7,0.03,0.03,1.17,2.84,0
2005-06-12,18.35,31.946,6.05,0.47,0.12,0.7,3.43,0
2005-06-12,22.35,31.592,5.3,0.16,0.38,4.58,5.55,0
2005-06-12,20.42,34.611,5.7,,,,,0
2005-06-12,18.96,32.058,,,,,,0
2005-06-12,22.44,31.488000000000003,5.52,,,,,0
2005-06-12,18.56,32.067,5.8,0.24,0.19,0.47,3.41,0
2005-06-12,18.58,32.226,,,,,,0
2005-06-12,21.71,31.712,5.46,0.15,0.14,2.4,5.59,0
2005-06-12,19.17,34.344,5.74,0.1,0.15,0.85,3.85,0
2005-06-12,18.58,32.176,5.76,1.06,0.28,10.8,9.72,0
2005-06-12,20.99,32.337,6.12,,,,,0
2005-06-12,18.61,32.235,,,,,,0
2005-06-12,19.88,34.141,5.28,,,,,0
2005-06-12,21.37,32.846,6.09,0.21,0.29,3.33,5.65,0
2005-06-12,18.69,32.226,6.2,0.84,0.12,14.91,10.8,0
2005-06-12,19.58,34.329,5.72,0.04,0.06,0.46,3.39,0
2005-06-13,21.12,32.247,6.04,,,,,0
2005-06-13,21.16,30.5,6.25,0.2,0.35,10.04,6.73,0
2005-06-13,21.63,30.167,5.98,,,,,0
2005-06-13,19.67,32.429,5.7,,,,,0
2005-06-13,18.98,32.297,5.68,0.67,0.24,6.96,7.98,0
2005-06-13,19.34,34.477,5.82,,,,,0
2005-06-13,18.89,32.23,,,,,,0
2005-06-13,21.75,29.384,5.42,,,,,0
2005-06-13,20.31,33.78,5.73,0.02,0.09,0.63,2.77,0
2005-06-13,18.78,32.315,5.92,0.24,0.2,0.53,4.17,0
2005-06-13,20.31,29.565,5.83,0.32,0.35,5.66,6.21,0
2005-06-13,17.04,32.351,,,,,,0
2005-06-13,20.06,33.831,5.87,,,,,0
2005-06-13,21.81,30.709,5.94,,,,,0
2005-06-13,17.87,32.056,6.55,0.79,0.54,6.89,11.06,0
2005-06-13,21.49,31.211,5.81,0.22,0.15,2.35,5.39,0
2005-06-13,16.66,34.292,6.17,0.08,0.07,0.42,2.14,0
2005-06-13,17.36,32.081,,,,,,0
2005-06-13,21.42,31.147,5.92,,,,,0
2005-06-13,17.9,34.08,6.05,,,,,0
2005-06-13,17.44,34.134,5.99,,,,,0
2005-06-13,20.99,31.524,5.38,0.13,0.45,7.35,7.37,0
2005-06-13,17.45,31.929,6.96,1.62,0.23,10.8,9.7,0
2005-06-13,21.31,32.024,5.45,,,,,0
2005-06-13,21.43,32.407,5.37,0.15,0.21,2.2,6.14,0
2005-06-13,20.48,33.036,6.0,,,,,0
2005-06-13,17.22,33.552,,,,,,0
2005-06-13,13.19,33.361,6.23,0.45,0.49,0.23,3.82,0
2005-06-14,20.53,33.164,5.39,0.13,0.44,6.67,6.11,0
2005-06-14,20.5,33.0,5.42,,,,,0
2005-06-14,17.87,33.288000000000004,5.74,0.16,0.16,4.75,7.89,0
2005-06-14,18.03,33.279,5.78,,,,,0
2005-06-16,18.11,33.387,,,,,,0
2005-06-16,19.94,33.226,5.63,0.66,0.18,2.41,2.88,0
2005-06-16,19.91,33.144,,,,,,0
2005-06-16,19.95,32.393,5.97,0.84,0.24,0.89,3.93,0
2005-06-16,20.87,32.905,5.33,,,,,0
2005-06-16,21.79,33.138000000000005,5.38,,,,,0
2005-06-16,21.79,33.138000000000005,5.38,,,,,0
2005-06-16,22.17,32.796,5.35,0.29,0.28,0.49,4.02,0
2005-06-16,21.91,32.964,,,,,,0
2005-06-16,20.38,33.49,5.75,0.3,0.16,0.6,5.22,0
2005-06-16,19.26,33.31,,,,,,0
2005-06-16,20.05,33.341,5.72,0.91,0.19,0.56,3.99,0
2005-06-17,20.75,33.205,,,,,,0
2005-06-17,21.25,33.067,5.43,0.46,0.15,0.3,3.67,0
2005-06-17,20.94,33.326,,,,,,0
2005-06-22,19.0,33.959,4.93,,,,,0
2005-06-22,19.02,34.343,5.47,,,,,0
2005-06-22,19.09,34.196,4.88,0.03,0.09,0.42,2.98,0
2005-06-22,19.31,34.48,5.68,,,,,0
2005-06-22,20.85,34.104,5.26,0.04,0.15,,3.44,0
2005-06-22,21.0,34.129,4.98,,,,,0
2005-06-23,20.56,33.875,5.1,0.08,0.15,0.68,5.32,0
2005-06-23,21.25,34.359,4.96,,,,,0
2005-06-23,21.47,34.409,5.15,0.11,0.12,0.59,3.67,0
2005-06-24,21.75,34.293,5.55,0.05,0.11,0.16,3.75,0
2005-06-24,21.96,34.173,5.33,,,,,0
2005-06-24,21.58,34.155,5.18,0.08,0.16,0.5,5.38,0
2005-06-24,21.92,34.251,5.18,,,,,0
2005-06-24,20.57,33.958,5.68,0.07,0.2,0.76,4.85,0
2005-06-24,20.78,34.125,5.66,,,,,0
2005-06-24,20.81,34.067,5.65,0.07,0.2,1.32,4.03,0
2005-06-24,19.74,33.758,5.52,,,,,0
2005-06-24,19.65,33.702,6.18,0.08,0.18,1.53,3.44,0
2005-06-24,17.15,33.672,5.95,,,,,0
2005-06-24,18.42,33.793,5.29,,,,,0
2005-06-24,20.04,33.952,5.53,0.06,0.18,0.67,3.2,0
2005-06-24,20.04,33.983000000000004,6.0,,,,,0
2005-06-24,21.19,34.091,5.08,0.03,0.15,0.79,5.32,0
2005-06-25,20.25,34.327,5.33,,,,,0
2005-06-25,21.2,34.04,5.91,0.03,0.24,1.66,6.17,0
2005-06-25,22.5,34.081,5.29,,,,,0
2005-06-25,21.66,34.046,5.37,0.12,0.34,1.86,8.44,0
2005-06-25,21.92,34.005,5.66,,,,,0
2005-06-25,22.96,34.02,5.42,0.04,0.11,0.66,5.49,0
2005-06-25,21.62,34.202,5.43,0.06,0.17,1.37,4.4,0
2005-06-25,21.58,34.117,5.81,,,,,0
2005-06-25,21.18,33.702,4.87,0.03,0.1,0.71,3.84,0
2005-06-25,21.27,34.489000000000004,4.83,,,,,0
2005-06-25,19.56,33.853,4.19,0.05,0.11,0.4,2.63,0
2005-06-25,19.53,33.853,5.92,,,,,0
2005-06-25,19.58,33.786,5.56,0.03,0.09,0.79,2.87,0
2005-08-02,23.55,31.747,5.27,0.35,0.13,7.58,8.3,0
2005-08-02,26.71,29.861,5.26,,,,,0
2005-08-02,27.04,29.817,5.21,0.32,0.12,5.28,9.97,0
2005-08-05,19.53,31.048,5.26,0.55,0.47,4.14,3.13,0
2005-08-05,21.24,31.236,5.75,0.4,0.31,3.83,4.99,0
2005-08-05,23.09,31.288,5.87,0.26,0.06,1.38,3.23,0
2005-08-05,24.93,31.69,,,,,,0
2005-08-05,24.24,30.69,5.78,0.28,0.01,1.31,1.92,0
2005-08-05,25.43,31.374,,,,,,0
2005-08-05,26.05,31.545,5.26,0.28,0.08,0.92,1.97,0
2005-08-05,26.85,31.407,4.92,0.47,0.13,1.04,1.77,0
2005-08-05,27.32,32.132,7.02,,,,,0
2005-08-06,27.15,32.085,4.89,0.55,0.15,0.93,1.42,0
2005-08-06,27.15,31.711,,,,,,0
2005-08-06,26.66,31.558000000000003,5.17,0.36,0.15,1.33,1.94,0
2005-08-06,26.36,31.81,4.82,0.28,0.08,1.36,2.34,0
2005-08-06,26.76,31.854,5.19,0.28,0.07,1.22,2.2,0
2005-08-06,26.21,31.678,,,,,,0
2005-08-06,25.69,32.042,5.1,0.25,0.13,1.96,4.7,0
2005-08-06,23.66,30.64,,,,,,0
2005-08-06,24.01,30.174,5.7,0.37,0.2,2.22,9.84,0
2005-08-08,28.61,29.864,4.85,0.31,0.21,5.4,8.0,1
2005-08-08,28.27,30.204,5.02,,,,,1
2005-08-08,27.36,30.698,5.62,0.45,0.21,8.83,10.1,1
2005-08-08,25.44,31.491,7.26,,,,,1
2005-08-09,28.9,32.47,8.24,0.28,0.2,0.82,1.02,0
2005-08-09,24.68,31.834,5.57,0.1,0.65,12.19,13.15,0
2005-08-09,26.01,31.392,5.63,,,,,0
2005-08-09,24.67,32.033,5.72,,,,,0
2005-08-09,28.39,30.52,7.42,0.55,0.47,1.97,2.7,0
2005-08-09,24.75,30.238000000000003,4.82,,,,,0
2005-08-09,27.9,30.32800000000001,4.7,0.19,0.51,5.39,8.84,0
2005-08-09,28.43,30.37,6.31,0.19,0.11,6.89,2.49,0
2005-08-09,27.95,30.186,5.02,,,,,0
2005-08-09,27.72,30.22,7.54,0.18,0.1,1.53,3.33,0
2005-08-09,29.01,29.868,5.42,,,,,0
2005-08-09,28.67,30.103,5.55,2.17,0.23,3.67,6.78,0
2005-08-09,27.83,30.36,6.6,0.33,0.25,2.08,3.59,0
2005-08-09,27.02,30.412,5.58,,,,,0
2005-08-09,27.5,30.53,7.46,0.27,0.19,3.04,5.2,0
2005-08-09,27.4,30.03,7.09,,,,,0
2005-08-09,27.15,31.114,5.36,0.13,0.26,3.89,7.79,0
2005-08-09,26.36,30.964,5.2,,,,,0
2005-08-09,15.06,33.359,6.94,0.05,0.18,1.57,3.21,0
2005-08-09,25.05,32.12,5.49,0.12,0.2,0.9,11.14,0
2005-08-09,27.4,30.03,7.09,,,,,0
2005-08-09,20.76,32.794000000000004,5.35,,,,,0
2005-08-10,24.85,26.923,5.42,,,,,0
2005-08-10,21.14,32.551,5.67,0.11,0.11,0.83,8.59,0
2005-08-10,24.97,32.214,5.06,,,,,0
2005-08-10,27.15,29.98,7.01,0.32,0.24,3.67,1.49,0
2005-08-10,24.64,32.032,5.35,,,,,0
2005-08-10,26.41,32.421,5.43,,,,,0
2005-08-10,25.68,31.396,5.66,0.05,0.28,7.47,9.8,0
2005-08-10,27.13,29.41,6.43,,,,,0
2005-08-10,25.68,31.396,5.66,0.05,0.28,7.47,9.8,0
2005-08-10,27.86,30.737,5.82,,,,,0
2005-08-10,27.3,30.966,4.63,0.03,0.47,4.44,5.68,0
2005-08-10,27.3,30.966,4.63,0.03,0.47,4.44,5.68,0
2005-08-10,26.83,32.196,4.51,,,,,0
2005-08-10,27.41,28.82,7.01,0.46,0.38,4.46,1.15,0
2005-08-10,27.71,29.118,4.67,,,,,0
2005-08-10,24.14,32.076,5.21,0.03,0.1,0.98,8.66,0
2005-08-10,27.6,29.167,4.77,0.07,0.38,6.39,6.29,0
2005-08-10,20.58,32.714,5.91,,,,,0
2005-08-10,19.65,33.101,6.21,0.06,0.05,0.82,1.99,0
2005-08-10,19.48,33.706,6.24,,,,,0
2005-08-10,25.47,31.35,7.21,0.55,0.47,4.0,1.52,0
2005-08-10,19.2,33.666,,,,,,0
2005-08-10,25.62,31.167,7.83,0.48,0.4,5.72,7.75,0
2005-08-10,26.41,31.448,,0.45,0.37,3.35,0.76,0
2005-08-10,27.42,31.239,6.84,0.29,0.2,0.88,0.93,0
2005-08-10,27.88,29.841,5.28,0.26,0.18,2.65,1.13,0
2005-08-10,27.85,30.353,5.15,0.21,0.13,1.02,2.78,0
2005-08-11,28.18,30.866,6.76,0.3,0.22,0.43,2.69,0
2005-08-11,28.16,31.868,6.18,0.17,0.08,1.07,1.26,0
2005-08-11,28.34,32.973,6.06,0.22,0.14,2.31,1.36,0
2005-08-11,28.59,33.028,6.76,0.38,0.3,3.17,1.44,0
2005-08-11,28.91,32.681,8.37,0.18,0.1,2.19,1.2,0
2005-08-11,29.11,33.36,6.27,0.35,0.27,1.48,1.35,0
2005-08-11,29.26,32.571,7.13,0.74,0.66,6.04,1.06,0
2005-08-11,29.11,32.912,7.46,,,,,0
2005-08-11,28.96,33.207,7.05,0.22,0.14,0.51,,0
2005-08-11,27.51,32.33,6.55,,,,,0
2005-08-12,27.39,32.9,6.6,0.3,0.22,1.08,1.49,0
2005-08-12,27.66,31.024,6.97,,,,,0
2005-08-12,27.04,31.544,6.88,0.3,0.22,0.43,2.54,0
2005-08-12,27.4,33.087,6.43,,,,,0
2005-08-12,27.75,29.664,4.65,0.03,0.99,2.71,5.54,0
2005-08-12,28.33,29.616,4.72,,,,,0
2005-08-12,26.5,31.919,7.42,0.47,0.39,2.66,0.9,0
2005-08-12,28.73,29.53,4.76,0.03,1.13,0.47,7.43,0
2005-08-12,27.11,31.439,7.09,0.4,0.32,1.85,1.08,0
2005-08-12,28.88,29.914,4.72,,,,,0
2005-08-12,22.51,33.645,,,,,,0
2005-08-12,22.13,33.339,5.23,,,,,0
2005-08-12,21.9,33.601,5.33,0.04,0.08,0.81,1.86,0
2005-08-12,21.9,33.601,5.33,0.04,0.08,0.81,1.86,0
2005-08-12,19.29,33.609,6.34,,,,,0
2005-08-12,19.79,33.638000000000005,5.28,0.07,0.03,0.71,6.24,0
2005-08-12,29.62,32.493,4.63,0.13,0.28,4.88,3.09,0
2005-08-12,20.71,32.673,6.16,,,,,0
2005-08-12,29.24,30.644,4.68,,,,,0
2005-08-12,23.31,32.273,4.93,0.14,0.18,0.5,5.97,0
2005-08-12,29.01,29.705,4.67,0.13,0.25,6.56,7.96,0
2005-08-12,28.64,29.514,4.64,,,,,0
2005-08-12,25.66,33.657,4.33,,,,,0
2005-08-12,28.83,29.541,4.56,0.1,0.34,4.47,6.74,0
2005-08-13,28.51,29.463,4.72,,,,,0
2005-08-13,26.34,33.02,4.96,0.05,0.04,0.61,3.88,0
2005-08-13,28.14,29.648000000000003,4.99,0.13,0.37,7.18,4.86,0
2005-08-13,27.49,29.942,5.16,,,,,0
2005-08-13,27.41,30.197,5.26,0.04,0.55,6.01,2.44,0
2005-08-13,26.29,29.617,5.32,,,,,0
2005-08-13,26.38,33.464,4.34,,,,,0
2005-08-13,25.74,31.923,5.03,0.97,0.15,2.86,5.07,0
2005-08-13,25.74,31.923,5.03,0.97,0.15,2.86,5.07,0
2005-08-13,25.51,31.783,5.17,0.26,0.1,1.21,5.2,0
2005-08-13,25.73,33.494,4.6,0.18,0.13,1.06,2.83,0
2005-08-13,26.79,31.824,5.0,0.39,0.08,1.38,4.54,0
2005-08-13,20.08,33.001,5.83,,,,,0
2005-08-13,26.79,31.737,,,,,,0
2005-08-13,24.65,33.011,,,,,,0
2005-08-13,26.68,31.806,4.86,0.27,0.1,2.37,4.19,0
2005-08-13,24.48,33.71,5.56,0.08,0.1,1.22,2.27,0
2005-08-13,26.92,31.882,,,,,,0
2005-08-13,23.87,33.589,4.98,,,,,0
2005-08-13,26.84,31.81,4.73,0.29,0.19,1.83,1.57,0
2005-08-13,26.39,31.253,5.26,,,,,0
2005-08-13,22.62,33.515,,0.08,0.15,1.12,3.17,0
2005-08-13,23.74,33.379,,,,,,0
2005-08-13,23.69,33.357,,,,,,0
2005-08-13,26.32,31.057,5.27,0.26,0.33,6.6,3.09,0
2005-08-13,26.96,32.019,4.8,0.35,0.08,0.9,1.43,0
2005-08-13,27.11,32.031,5.01,0.29,0.12,1.03,1.1,0
2005-08-13,27.72,30.13300000000001,5.2,,,,,0
2005-08-13,27.77,30.05,5.12,0.25,0.21,8.51,4.33,0
2005-08-13,28.34,30.124,5.15,,,,,0
2005-08-13,27.93,30.129,5.01,0.12,0.21,4.64,3.24,0
2005-08-13,28.58,30.215,5.13,,,,,0
2005-08-13,28.79,30.38300000000001,4.93,0.25,0.2,7.16,4.7,0
2005-08-13,27.0,31.642,4.79,0.27,0.16,1.44,2.25,0
2005-08-14,28.67,29.858,5.02,,,,,0
2005-08-14,26.75,31.63,4.72,0.56,0.15,1.0,2.1,0
2005-08-14,26.94,31.807,4.94,0.36,0.12,1.02,2.25,0
2005-08-14,26.67,31.851,,,,,,0
2005-08-14,26.79,31.801,5.04,0.54,0.12,1.01,2.26,0
2005-08-14,27.17,31.608,,,,,,0
2005-08-14,27.38,31.562,4.74,0.27,0.11,1.57,3.09,0
2005-08-14,27.2,31.771,,0.28,0.09,0.63,3.0,0
2005-08-14,27.57,31.977,5.2,0.3,0.09,0.76,4.71,0
2005-08-14,28.72,32.019,4.74,0.3,0.14,0.56,4.51,0
2005-08-14,28.17,31.657,4.8,0.27,0.13,1.06,3.19,0
2005-08-15,27.8,32.106,4.89,0.34,0.58,1.46,2.73,0
2005-08-15,28.42,29.843000000000004,4.77,0.07,0.21,3.62,5.22,0
2005-08-15,27.48,30.581,4.82,,,,,0
2005-08-15,26.22,31.065,4.78,0.16,0.19,2.14,4.98,0
2005-08-15,28.2,31.78,,,,,,0
2005-08-15,25.58,31.532,5.03,,,,,0
2005-08-15,28.38,31.938,4.69,0.29,0.23,1.38,2.96,0
2005-08-15,27.88,31.96,,,,,,0
2005-08-15,27.61,32.036,4.86,0.27,0.14,0.72,2.85,0
2005-08-16,27.7,31.755,4.84,0.29,0.06,1.16,2.59,1
2005-08-16,28.03,32.346,4.93,0.4,0.06,1.58,3.99,1
2005-08-16,27.67,32.306,,,,,,1
2005-08-16,28.08,32.435,4.65,0.87,0.17,2.04,4.17,1
2005-08-16,28.06,32.525,,,,,,1
2005-08-16,27.09,32.539,5.43,0.36,0.09,1.1,4.23,1
2005-08-16,26.05,32.685,,,,,,1
2005-08-16,19.2,33.469,5.04,0.41,0.21,2.78,6.15,1
2005-08-16,23.02,33.111999999999995,,,,,,1
2005-08-18,24.8,33.093,,,,,,0
2005-08-18,24.65,33.011,,,,,,0
2005-08-18,26.1,33.078,5.57,0.02,0.18,1.23,1.58,0
2005-08-18,25.78,33.419000000000004,5.88,,,,,0
2005-08-18,26.23,33.335,5.88,0.03,0.04,0.55,2.66,0
2005-08-18,24.5,33.374,5.87,,,,,0
2005-08-18,27.51,33.02,5.77,0.05,0.03,0.8,2.44,0
2005-08-18,27.57,33.017,5.21,,,,,0
2005-08-26,23.44,33.562,5.62,0.02,0.16,1.35,3.44,0
2005-08-26,22.89,33.692,5.77,,,,,0
2005-08-26,23.08,33.306999999999995,5.42,0.03,0.1,0.57,3.01,0
2005-08-26,24.95,32.733000000000004,5.61,,,,,0
2005-08-27,21.79,33.301,5.61,,,,,0
2005-08-27,22.64,33.073,5.66,0.17,0.18,0.97,1.96,0
2005-08-27,22.64,33.184,5.7,,,,,0
2005-08-27,22.72,33.18,5.64,0.05,0.1,1.29,1.17,0
2005-08-27,23.6,32.928000000000004,5.54,,,,,0
2005-08-27,24.55,32.943000000000005,5.39,0.04,0.04,0.86,2.37,0
2005-08-27,22.37,32.725,5.43,,,,,0
2005-08-27,20.27,33.133,5.66,0.06,0.08,0.78,3.27,0
2005-08-27,20.14,33.736,6.09,,,,,0
2005-08-27,21.91,33.669000000000004,5.84,0.04,0.04,0.58,3.81,0
2005-08-27,23.23,32.104,5.74,,,,,0
2005-08-27,22.87,32.031,,0.02,0.05,0.44,1.66,0
2005-08-27,22.64,32.195,,,,,,0
2005-08-28,22.81,32.176,,0.07,0.2,0.49,1.81,0
2005-08-28,22.18,32.523,5.34,,,,,0
2005-08-28,22.76,32.643,6.16,0.04,0.04,0.52,1.69,0
2005-08-28,22.46,33.131,5.34,,,,,0
2005-08-28,22.62,33.866,5.45,0.16,0.56,3.97,0.14,0
2005-08-28,22.44,33.943000000000005,5.21,,,,,0
2005-08-28,22.54,33.836,5.46,0.16,0.1,0.37,2.15,0
2005-08-28,23.53,33.079,5.84,0.12,0.18,0.43,2.68,0
2005-08-28,21.06,33.001,5.85,,,,,0
2005-08-28,20.42,33.374,5.47,0.13,0.2,0.42,5.36,0
2005-08-28,22.58,33.265,5.33,,,,,0
2005-08-28,22.66,33.895,5.29,0.1,0.2,0.43,3.82,0
2005-08-28,22.76,33.881,5.36,,,,,0
2005-08-28,23.18,33.825,5.41,0.1,0.2,0.53,2.53,0
2005-08-29,22.62,32.281,5.43,,,,,0
2005-08-29,22.5,32.198,5.51,0.13,0.1,1.58,2.45,0
2005-08-29,22.79,32.435,,,,,,0
2005-10-08,16.96,33.548,5.62,,,,,0
2005-10-08,19.4,33.803000000000004,5.8,,,,,0
2005-10-09,20.49,31.757,5.15,0.7,1.28,10.68,7.23,0
2005-10-09,20.21,31.877,,,,,,0
2005-10-09,20.17,32.663000000000004,5.93,0.5,0.35,4.03,7.46,0
2005-10-09,20.17,32.572,,,,,,0
2005-10-09,19.98,32.483000000000004,5.52,0.18,0.12,3.51,5.98,0
2005-10-09,20.5,32.528,,,,,,0
2005-10-09,20.51,32.47,5.45,0.22,0.03,2.17,6.4,0
2005-10-09,20.39,32.087,5.29,,,,,0
2005-10-10,20.61,32.439,5.48,,,,,0
2005-10-10,20.69,32.5,5.56,0.04,0.1,0.75,4.57,0
2005-10-10,20.59,32.556999999999995,,,,,,0
2005-10-10,20.54,32.316,5.79,0.65,0.25,5.47,7.54,0
2005-10-10,20.51,32.586,,,,,,0
2005-10-10,20.38,32.573,5.58,0.24,0.13,4.03,6.78,0
2005-10-10,20.28,32.585,,,,,,0
2005-10-10,20.16,32.483000000000004,7.03,0.26,0.1,1.85,2.6,0
2005-10-10,20.68,32.016,,,,,,0
2005-10-10,20.64,31.935,5.45,0.41,0.42,3.35,6.85,0
2005-10-11,20.81,31.536,6.33,0.4,0.15,2.83,2.99,0
2005-10-11,20.76,32.382,,,,,,0
2005-10-11,20.26,32.486,5.9,0.3,0.09,1.71,1.86,0
2005-10-11,20.26,32.486,5.9,0.3,0.09,1.71,1.86,0
2005-10-11,20.31,32.471,,,,,,0
2005-10-11,20.6,32.373000000000005,5.42,0.29,0.07,1.65,2.81,0
2005-10-11,20.33,32.385,,,,,,0
2005-10-11,20.69,32.242,5.3,0.19,0.05,1.97,5.78,0
2005-10-11,21.08,32.097,,,,,,0
2005-10-11,20.64,32.298,5.15,0.22,0.07,3.27,5.97,0
2005-10-11,20.54,32.339,5.56,,,,,0
2005-10-12,20.98,32.101,5.5,,,,,0
2005-10-12,20.93,32.072,5.33,0.22,0.06,5.94,6.43,0
2005-10-12,20.92,32.109,,,,,,0
2005-10-12,20.8,32.138000000000005,5.2,0.23,0.07,2.68,5.17,0
2005-10-12,20.52,32.183,,,,,,0
2005-10-12,19.48,32.564,5.35,0.4,0.23,9.11,6.93,0
2005-10-12,20.25,32.483000000000004,,,,,,0
2005-10-12,20.74,32.438,5.26,0.66,0.51,15.69,9.56,0
2005-10-12,20.25,32.587,,,,,,0
2005-10-12,20.01,32.427,5.77,0.64,0.28,9.49,7.29,0
2005-10-13,22.5,31.938,4.89,0.44,1.51,5.44,9.98,0
2005-10-13,22.6,32.116,4.63,,,,,0
2005-10-13,22.87,32.058,4.82,0.37,0.67,5.47,10.62,0
2005-10-13,21.96,32.532,,0.17,1.02,6.16,9.3,0
2005-10-13,24.14,33.409,4.94,,,,,0
2005-10-13,18.62,32.717,,,,,,0
2005-10-13,23.71,33.286,,0.08,0.59,3.34,7.18,0
2005-10-13,21.59,32.077,5.59,0.24,0.04,2.23,3.9,0
2005-10-13,22.8,32.342,4.89,0.11,0.56,5.56,14.2,0
2005-10-13,23.97,33.619,5.39,,,,,0
2005-10-13,21.31,32.204,,,,,,0
2005-10-13,23.78,32.348,5.12,,,,,0
2005-10-13,22.21,31.696,5.51,0.11,0.58,4.64,10.43,0
2005-10-13,21.71,32.153,5.28,0.36,0.04,2.3,4.12,0
2005-10-13,21.99,31.692,5.05,,,,,0
2005-10-13,21.21,32.234,5.52,,,,,0
2005-10-13,22.41,33.143,5.22,,,,,0
2005-10-13,22.62,31.708,5.03,0.24,0.82,5.39,10.28,0
2005-10-13,22.27,31.647,5.02,,,,,0
2005-10-13,23.64,33.356,,0.05,0.46,1.07,7.18,0
2005-10-13,22.08,31.827,5.3,,,,,0
2005-10-13,21.8,32.241,5.38,,,,,0
2005-10-13,22.44,31.856,5.14,,,,,0
2005-10-13,24.58,34.038000000000004,5.0,,,,,0
2005-10-13,21.88,32.121,4.11,0.22,0.06,7.14,4.28,0
2005-10-13,22.54,31.991,5.05,0.65,0.4,3.19,10.28,0
2005-10-14,22.13,32.187,,,,,,0
2005-10-14,22.61,31.985,4.87,,,,,0
2005-10-14,20.64,32.052,5.35,0.22,0.15,1.43,5.4,0
2005-10-14,25.6,32.767,5.04,,,,,0
2005-10-14,21.75,31.599,,,,,,0
2005-10-14,25.41,33.533,4.93,0.09,0.35,2.61,8.15,0
2005-10-14,25.7,32.451,4.9,,,,,0
2005-10-14,23.73,33.236999999999995,,0.12,0.58,3.21,7.71,0
2005-10-14,21.78,31.616,5.2,0.21,0.07,1.53,2.99,0
2005-10-14,22.25,32.527,4.91,,,,,0
2005-10-14,25.7,32.451,4.9,,,,,0
2005-10-14,22.14,32.531,,,,,,0
2005-10-14,21.96,31.638,,,,,,0
2005-10-14,22.03,31.66800000000001,5.25,0.37,0.35,0.63,5.34,0
2005-10-14,24.39,32.666,5.19,0.09,0.17,8.55,13.87,0
2005-10-14,22.72,32.26,,,,,,0
2005-10-14,21.94,31.805,5.1,,,,,0
2005-10-14,21.87,31.689,4.9,0.09,0.45,8.84,13.92,0
2005-10-14,22.12,31.634,4.72,,,,,0
2005-10-14,21.89,31.64,4.82,,,,,0
2005-10-14,21.88,31.175,4.52,,,,,0
2005-10-14,21.94,31.609,4.83,0.12,0.71,3.15,13.64,0
2005-10-14,21.76,31.699,4.63,,,,,0
2005-10-15,20.03,32.62,,,,,,0
2005-10-15,21.21,32.611,6.21,,,,,0
2005-10-15,22.11,32.713,,0.11,0.77,5.61,9.72,0
2005-10-15,23.4,33.316,3.7,,,,,0
2005-10-16,23.75,33.909,,0.06,0.43,0.95,5.15,0
2005-10-16,22.18,33.313,5.17,0.09,0.41,1.23,2.64,0
2005-10-16,21.67,33.005,,1.14,0.38,9.54,7.94,0
2005-10-16,21.84,33.055,5.22,0.17,0.52,2.51,6.94,0
2005-10-16,22.29,31.985,4.71,0.18,1.0,8.65,14.06,0
2005-10-16,21.58,32.924,4.09,0.55,0.66,5.09,6.49,0
2005-10-16,22.9,31.927,4.92,,,,,0
2005-10-16,22.37,32.356,4.89,0.31,0.79,6.22,12.99,0
2005-10-16,23.9,33.025,4.98,0.42,0.74,3.85,7.18,0
2005-10-16,24.05,33.027,5.0,,,,,0
2005-10-16,21.71,33.162,,,,,,0
2005-10-16,25.04,33.431,4.74,0.28,0.48,4.66,8.6,0
2005-10-17,21.74,33.102,5.27,0.05,0.39,1.93,4.81,0
2005-10-17,25.08,33.444,4.7,,,,,0
2005-10-17,25.42,33.525,4.76,0.06,0.37,5.09,7.1,0
2005-10-17,25.65,33.52,4.67,,,,,0
2005-10-17,21.49,32.916,,,,,,0
2005-10-17,25.39,33.52,4.75,0.12,0.36,3.85,7.93,0
2005-10-17,22.43,32.887,,0.06,0.72,4.67,7.09,0
2005-10-17,25.6,33.39,4.57,,,,,0
2005-10-17,22.15,32.953,5.2,,,,,0
2005-10-17,19.16,33.058,,,0.37,2.0,6.9,0
2005-10-17,19.13,32.924,5.52,,,,,0
2005-10-17,19.05,32.941,,,,,,0
2005-10-19,25.43,33.497,4.67,0.18,0.37,2.96,6.14,0
2005-10-19,24.03,33.488,4.84,,,,,0
2005-10-19,23.55,33.039,5.22,0.21,0.62,5.37,9.4,0
2005-10-19,24.39,33.523,5.0,,,,,0
2005-10-19,22.59,32.378,4.96,0.13,0.65,6.16,8.7,0
2005-10-19,21.57,30.94400000000001,4.84,,,,,0
2005-10-19,20.72,31.174,5.5,,,,,0
2005-10-19,20.95,31.158,5.61,0.47,0.33,4.49,7.56,0
2005-10-19,20.94,30.8,5.7,,,,,0
2005-10-19,20.5,30.836,5.35,0.28,0.33,3.51,10.62,0
2005-10-20,20.6,30.284,5.24,,,,,0
2005-10-20,20.5,30.618,5.2,0.32,0.49,6.23,10.82,0
2005-10-20,20.54,30.469,5.18,,,,,0
2005-10-20,23.51,32.963,5.04,0.33,0.38,5.82,10.73,0
2005-10-20,22.99,32.825,5.0,,,,,0
2005-10-20,23.05,32.667,4.89,0.08,0.58,,10.66,0
2005-10-20,21.65,31.903,4.83,,,,,0
2005-10-20,18.4,32.087,4.73,0.32,0.69,11.45,16.27,0
2005-10-20,18.56,32.068000000000005,4.62,,,,,0
2005-10-25,17.67,33.065,,,,,,0
2005-10-25,17.66,33.081,5.49,,,,,0
2005-10-26,17.46,32.963,5.72,0.12,0.37,2.25,8.77,0
2005-10-26,17.56,33.178000000000004,,,,,,0
2005-10-26,17.66,33.388000000000005,5.59,0.01,0.34,0.66,6.63,0
2005-10-26,17.83,33.273,,,,,,0
2005-10-26,17.91,33.483000000000004,5.53,0.01,0.34,0.89,5.27,0
2005-10-27,17.93,33.535,,,,,,0
2005-10-27,17.33,33.366,5.74,0.03,0.48,2.05,8.15,0
2005-10-27,19.85,33.056999999999995,5.18,0.04,0.36,1.98,2.72,0
2005-10-27,21.21,33.611,,,,,,0
2005-10-27,20.26,33.563,,0.14,0.5,3.81,7.55,0
2005-10-27,17.53,33.232,5.88,,,,,0
2005-10-27,17.78,33.279,,0.07,0.29,0.64,2.18,0
2005-10-27,17.92,33.421,,,,,,0
2005-10-27,17.81,33.404,5.64,0.01,0.42,0.62,4.46,0
2005-10-28,17.26,33.324,,,,,,0
2005-10-28,16.73,33.273,,0.04,0.31,1.59,7.39,0
2005-10-28,16.92,33.26,5.47,,,,,0
2005-11-01,16.97,33.792,,,,,,0
2005-11-01,16.37,33.284,5.92,0.1,0.38,1.37,8.08,0
2005-11-01,16.85,33.314,,,,,,0
2005-11-01,16.85,33.496,,0.28,0.48,1.08,6.16,0
2005-11-01,16.59,33.412,5.14,,,,,0
2005-11-01,15.64,33.364000000000004,,0.05,0.5,3.49,9.6,0
2005-11-01,16.61,33.448,5.92,,,,,0
2005-11-01,21.56,33.742,,0.04,0.33,1.85,5.02,0
2005-11-01,20.79,33.483000000000004,,,,,,0
2005-11-01,19.67,33.452,,0.1,0.4,1.96,3.53,0
2005-11-02,19.69,33.443000000000005,,,,,,0
2005-11-02,20.6,33.399,5.39,0.2,0.44,2.73,2.86,0
2005-11-02,20.37,33.448,,,,,,0
2005-11-02,20.35,33.544000000000004,,0.36,0.42,1.92,2.46,0
2005-11-03,20.49,33.509,5.05,1.03,0.43,3.45,4.89,0
2005-11-03,18.17,33.243,,,,,,0
2005-11-03,15.97,33.296,,1.11,0.44,3.45,8.18,0
2005-11-23,18.5,32.477,,0.45,0.08,11.68,11.11,0
2005-11-23,19.63,33.513000000000005,,0.35,0.08,9.94,11.46,0
2005-11-24,19.07,32.757,,0.39,0.1,17.22,10.68,0
2005-11-24,18.75,32.956,11.73,0.64,0.1,8.48,9.84,0
2005-11-24,20.44,33.981,,0.3,0.05,8.55,9.37,0
2005-11-24,20.97,34.192,,0.27,0.39,16.73,7.92,0
2005-11-24,20.99,34.191,,0.24,0.39,16.73,8.03,0
2005-11-24,21.15,34.416,,0.19,0.58,13.19,6.15,0
2005-11-24,21.67,34.121,,0.16,0.47,2.81,5.94,0
2005-11-24,21.65,34.024,,0.1,0.41,12.74,5.24,0
2005-11-24,21.5,34.146,,0.07,0.57,3.22,5.16,0
2005-11-24,22.17,34.261,,0.06,0.23,1.04,3.57,0
2005-11-24,21.57,34.088,,0.1,0.39,1.48,5.32,0
2005-11-24,20.51,34.625,,0.19,0.56,5.31,6.81,0
2005-11-25,21.12,34.153,,0.13,0.38,2.46,5.57,0
2005-11-25,20.08,34.033,,0.41,0.28,7.61,9.43,0
2005-11-25,20.46,34.007,,0.26,0.06,8.87,8.07,0
2005-11-25,19.48,33.279,,0.28,0.09,8.45,8.67,0
2005-11-25,17.7,31.528,,0.36,0.07,8.97,11.26,0
2005-11-25,17.76,31.637,,0.38,0.1,9.03,11.53,0
2005-11-25,18.21,32.621,,0.3,0.07,8.57,12.33,0
2005-11-25,18.79,33.882,,0.28,0.16,6.91,11.94,0
2005-11-25,19.98,33.999,,0.31,0.13,5.26,9.69,0
2005-11-25,20.06,34.13,,0.25,0.42,4.3,8.48,0
2005-11-25,20.68,34.582,,0.08,0.41,7.82,5.98,0
2005-11-25,20.09,34.731,,0.19,0.42,6.3,7.33,0
2005-11-25,21.07,34.287,,0.18,0.6,8.79,7.0,0
2005-11-25,19.94,34.945,9.89,0.07,0.3,2.24,3.62,0
2005-11-25,21.12,34.153,,0.13,0.38,2.46,5.57,0
2005-11-26,21.53,34.228,,0.08,0.41,5.63,4.39,0
2005-11-26,21.86,34.382,,0.03,0.34,9.63,3.41,0
2005-12-07,14.46,32.939,6.28,1.02,0.96,16.24,16.9,0
2005-12-07,16.42,33.498000000000005,6.15,,,,,0
2005-12-07,18.4,33.652,5.32,0.56,1.01,7.73,8.47,0
2005-12-07,18.09,33.623000000000005,5.73,0.76,1.16,7.94,8.8,0
2005-12-07,16.91,33.41,5.84,,,,,0
2005-12-07,14.77,33.245,5.8,0.92,1.3,9.36,17.66,0
2005-12-08,14.16,32.99,5.62,,,,,0
2005-12-08,14.07,33.099000000000004,5.59,1.01,1.28,8.83,16.96,0
2005-12-08,14.04,32.927,5.62,,,,,0
2005-12-08,13.27,32.945,6.04,,,,,0
2005-12-08,15.6,33.342,5.62,,,,,0
2005-12-08,16.78,33.571,5.51,0.77,0.63,10.97,12.85,0
2005-12-08,19.43,33.184,5.71,0.41,1.16,4.17,6.15,0
2005-12-08,17.43,33.335,5.62,,,,,0
2005-12-08,17.83,33.619,5.42,0.49,0.85,7.39,8.59,0
2005-12-08,13.53,32.942,6.21,,,,,0
2005-12-09,12.63,32.748000000000005,6.32,0.86,1.23,14.06,13.62,0
2005-12-09,12.3,32.695,6.24,,,,,0
2005-12-09,12.51,32.951,6.04,,,,,0
2005-12-09,11.61,32.595,5.58,,,,,0
2005-12-09,12.21,32.675,5.42,1.01,1.4,12.5,14.42,0
2005-12-09,14.1,33.066,5.58,,,,,0
2005-12-09,16.1,33.236999999999995,5.21,0.6,0.7,3.75,11.78,0
2005-12-09,18.37,33.665,5.52,,,,,0
2005-12-09,19.24,33.765,5.82,0.65,0.96,6.16,7.53,0
2005-12-09,19.24,33.765,5.82,0.65,0.96,6.16,7.53,0
2005-12-09,19.77,33.798,6.37,,,,,0
2005-12-09,19.57,33.786,6.02,,,,,0
2005-12-09,19.93,33.834,5.76,0.41,1.02,5.2,5.7,0
2005-12-09,19.43,33.783,5.7,,,,,0
2005-12-09,20.54,33.869,5.73,0.57,0.69,5.16,4.03,0
2005-12-09,19.51,33.768,5.82,,,,,0
2005-12-09,20.26,33.826,5.79,0.33,0.83,5.89,4.66,0
2005-12-09,19.79,33.726,5.64,,,,,0
2005-12-09,18.97,33.768,6.4,,,,,0
2005-12-09,18.99,33.729,6.53,0.48,1.05,6.65,8.65,0
2005-12-10,18.77,33.735,5.64,,,,,0
2005-12-10,18.4,33.768,5.67,0.55,1.34,8.79,7.57,0
2005-12-10,18.27,33.768,5.73,,,,,0
2005-12-10,17.43,33.244,5.9,,,,,0
2005-12-10,17.84,33.677,5.86,0.65,0.54,8.6,9.92,0
2005-12-10,17.98,33.735,5.92,,,,,0
2005-12-10,18.2,33.762,6.0,0.55,1.2,9.24,8.07,0
2005-12-10,18.1,32.524,6.05,,,,,0
2005-12-10,18.02,33.785,5.36,0.49,1.08,8.38,10.09,0
2005-12-10,18.06,33.742,5.42,,,,,0
2005-12-10,18.2,33.749,5.76,0.47,0.7,7.13,9.6,0
2005-12-10,18.32,33.72,5.74,,,,,0
2005-12-10,19.37,33.704,5.47,0.33,0.83,5.89,4.66,0
2005-12-10,15.79,34.115,5.51,0.48,0.58,10.89,12.74,0
2005-12-10,17.61,34.189,5.06,,,,,0
2005-12-11,18.48,34.148,5.23,0.33,0.64,6.04,5.77,0
2005-12-11,17.4,34.189,5.11,,,,,0
2005-12-11,17.76,34.133,5.11,,,,,0
2005-12-18,16.66,33.077,5.82,0.58,0.61,3.4,11.0,0
2005-12-18,14.44,33.729,6.04,,,,,0
2005-12-18,13.11,33.526,6.11,0.84,0.3,7.5,13.01,0
2005-12-18,13.17,33.538000000000004,6.02,,,,,0
2005-12-19,14.16,34.278,5.23,,,,,0
2005-12-19,13.98,34.147,4.29,,,,,0
2005-12-19,13.98,34.214,4.44,0.63,0.49,13.01,14.01,0
2005-12-19,14.4,34.204,4.08,,,,,0
2005-12-19,14.8,34.293,5.09,0.68,0.47,13.03,13.23,0
2005-12-20,13.74,34.001,4.92,0.38,0.46,9.49,8.28,0
2005-12-20,13.64,34.076,4.68,0.49,0.68,12.34,12.41,0
2005-12-20,13.88,34.126,4.69,,,,,0
2005-12-20,13.58,34.078,5.44,1.0,0.51,9.02,8.02,0
2005-12-20,13.37,34.024,4.91,,,,,0
2005-12-20,13.05,34.046,4.49,0.73,0.59,13.88,10.26,0
2005-12-20,13.1,34.067,4.99,,,,,0
2005-12-20,13.29,34.096,5.3,,,,,0
2005-12-20,13.16,34.034,5.21,,,,,0
2005-12-20,12.76,33.995,5.03,,,,,0
2005-12-20,13.53,33.97,5.25,0.72,0.39,9.22,7.62,0
2005-12-20,14.09,34.075,4.73,,,,,0
2005-12-20,14.09,34.075,4.73,,,,,0
2005-12-20,13.7,33.998000000000005,5.71,0.52,0.44,8.57,8.1,0
2005-12-20,13.67,33.999,4.97,,,,,0
2005-12-20,13.44,33.974000000000004,4.77,0.45,0.35,9.34,8.27,0
2005-12-20,13.69,34.192,4.79,,,,,0
2005-12-20,13.95,34.061,5.37,0.64,0.73,12.64,9.86,0
2005-12-28,11.46,33.923,4.66,,,,,0
2005-12-28,11.44,34.076,4.8,,,,,0
2005-12-28,12.47,33.96,4.23,0.54,0.58,12.51,13.16,0
2005-12-28,14.38,34.13,,,,,,0
2005-12-28,13.0,34.056999999999995,4.09,,,,,0
2005-12-28,10.29,33.219,6.5,0.75,0.12,12.13,14.58,0
2005-12-28,12.85,34.07,4.09,0.59,0.58,14.76,10.69,0
2005-12-28,10.54,33.244,,,,,,0
2005-12-28,10.41,33.211,6.03,0.71,0.16,12.12,14.9,0
2005-12-28,12.87,33.956,4.36,,,,,0
2005-12-28,11.49,33.346,,,,,,0
2005-12-28,13.49,34.06,4.51,1.09,0.3,12.4,9.32,0
2005-12-28,12.49,33.616,6.05,0.67,0.08,10.27,13.45,0
2005-12-28,14.13,34.121,,,,,,0
2005-12-28,13.45,34.063,4.49,,,,,0
2005-12-28,14.4,34.169000000000004,5.86,0.6,0.11,9.67,11.98,0
2005-12-29,13.12,33.91,4.32,0.63,0.43,13.16,11.11,0
2005-12-29,14.95,34.46,5.82,,,,,0
2005-12-29,12.64,33.931,4.1,0.54,0.43,14.08,10.4,0
2005-12-29,11.68,33.173,6.13,,,,,0
2005-12-29,11.03,33.152,5.97,0.54,0.41,8.94,11.57,0
2005-12-29,13.18,33.908,4.15,,,,,0
2005-12-29,11.11,33.168,,,,,,0
2005-12-29,10.41,33.262,6.13,0.77,0.13,12.35,12.75,0
2005-12-29,9.51,33.179,,,,,,0
2005-12-29,9.23,33.134,6.57,0.82,0.15,12.16,12.33,0
2005-12-29,5.88,32.754,,,,,,0
2005-12-29,8.03,33.079,6.4,0.79,0.25,11.37,14.71,0
2005-12-29,9.64,33.196,,,,,,0
2005-12-29,9.87,33.225,6.53,1.03,0.06,14.47,16.0,0
2005-12-30,9.96,33.364000000000004,,,,,,0
2005-12-30,10.15,33.414,6.23,0.91,0.11,14.37,14.22,0
2005-12-30,10.1,33.33,,,,,,0
2005-12-30,9.99,33.349000000000004,6.07,0.78,0.19,12.91,13.79,0
2005-12-30,9.92,33.223,5.99,,,,,0
2005-12-30,9.25,33.184,6.42,,,,,0
2005-12-30,9.41,33.271,6.25,1.01,0.27,14.61,14.12,0
2005-12-30,8.91,33.113,,,,,,0
2005-12-30,8.17,32.816,6.27,0.91,0.04,13.72,14.14,0
2005-12-30,7.59,32.611,,,,,,0
2005-12-30,7.64,32.654,6.55,0.89,0.2,13.78,14.11,0
2005-12-30,8.14,32.729,,,,,,0
2005-12-30,8.19,32.776,6.59,0.83,0.15,12.01,13.53,0
2005-12-30,8.17,32.845,,,,,,0
2005-12-30,7.75,32.8,7.34,1.03,0.18,20.47,26.36,0
2005-12-31,6.95,32.65,7.07,0.86,0.18,13.47,15.11,0
2005-12-31,7.46,32.527,,,,,,0
2005-12-31,7.1,32.769,6.77,0.96,0.08,13.84,15.16,0
2005-12-31,7.06,32.566,,,,,,0
2005-12-31,6.96,32.647,6.6,1.11,0.2,15.37,16.1,0
2005-12-31,7.44,32.559,,,,,,0
2005-12-31,7.38,32.556,6.27,0.91,0.13,9.94,14.47,0
2005-12-31,7.66,32.671,,,,,,0
2005-12-31,7.9,32.75,6.37,0.88,0.15,12.98,13.93,0
2005-12-31,8.62,32.931,6.46,,,,,0
2006-01-01,7.98,32.589,6.45,,,,,0
2006-01-01,7.37,32.431999999999995,6.46,0.64,0.18,10.03,11.92,0
2006-01-01,7.13,32.508,,,,,,0
2006-01-01,7.29,32.481,6.45,0.86,0.16,12.37,12.44,0
2006-01-01,6.37,32.326,,,,,,0
2006-01-01,6.25,32.23,6.96,0.96,0.1,16.59,13.8,0
2006-01-01,5.38,31.656,6.87,1.1,0.05,20.74,17.6,0
2006-01-02,4.7,31.743,,,,,,0
2006-01-08,12.41,34.136,4.1,0.91,0.19,14.54,17.66,0
2006-01-09,12.44,34.125,4.42,,,,,0
2006-01-09,9.63,34.025,4.79,0.63,0.34,11.09,9.79,0
2006-01-09,11.5,34.15,5.02,,,,,0
2006-01-09,10.68,34.119,4.6,0.71,0.25,13.76,11.0,0
2006-01-09,10.84,34.184,4.62,,,,,0
2006-01-09,10.48,34.149,4.99,0.83,0.37,16.44,12.25,0
2006-01-09,10.54,34.134,4.52,,,,,0
2006-01-09,6.67,34.121,4.86,,,,,0
2006-01-09,5.48,33.864000000000004,5.39,0.5,0.18,7.21,5.99,0
2006-01-09,6.67,34.121,4.86,,,,,0
2006-01-09,6.97,34.011,4.76,,,,,0
2006-01-09,6.73,33.96,4.74,0.49,0.2,8.99,7.86,0
2006-01-09,10.86,33.924,4.5,,,,,0
2006-01-09,11.54,34.056999999999995,4.52,0.59,0.31,17.16,13.31,0
2006-01-09,11.54,34.056999999999995,4.52,0.59,0.31,17.16,13.31,0
2006-01-09,10.08,33.989000000000004,4.86,,,,,0
2006-01-09,10.08,33.989000000000004,4.86,,,,,0
2006-01-09,10.07,33.902,5.4,0.85,0.37,11.17,11.34,0
2006-01-09,7.59,34.019,5.61,,,,,0
2006-01-10,8.21,33.94,5.31,0.51,0.48,12.11,9.21,0
2006-01-10,8.88,34.084,4.77,0.55,0.44,12.93,10.42,0
2006-01-10,10.43,34.044000000000004,4.63,,,,,0
2006-01-10,7.74,34.041,4.95,0.51,0.43,13.09,10.5,0
2006-01-10,5.58,33.928000000000004,5.22,,,,,0
2006-01-10,5.61,33.88,5.36,0.82,0.57,24.63,7.24,0
2006-01-10,5.73,33.945,5.12,,,,,0
2006-01-10,5.81,33.887,5.07,0.63,0.55,6.85,7.7,0
2006-02-09,12.17,33.818000000000005,6.0,0.48,0.24,4.5,6.04,0
2006-02-09,12.29,33.792,6.34,,,,,0
2006-02-09,13.08,33.867,6.53,0.5,0.38,4.0,5.72,0
2006-02-09,13.43,33.223,6.17,0.5,0.35,3.78,5.72,0
2006-02-09,12.75,33.858000000000004,6.24,,,,,0
2006-02-10,12.18,33.836,6.26,1.62,0.41,2.9,5.86,0
2006-02-10,10.48,33.736999999999995,6.18,,,,,0
2006-02-10,11.25,33.801,6.32,0.81,0.32,3.44,7.41,0
2006-02-10,10.54,33.78,6.28,,,,,0
2006-02-10,9.49,33.73,6.24,,,,,0
2006-02-10,11.56,33.813,6.42,,,,,0
2006-02-10,13.18,33.906,6.5,0.46,0.34,3.4,6.29,0
2006-02-10,15.59,34.32,5.49,0.37,0.11,3.12,5.0,0
2006-02-10,13.56,33.937,6.48,,,,,0
2006-02-10,12.68,33.872,6.02,,,,,0
2006-02-10,16.12,34.49,5.52,0.41,0.29,4.64,4.57,0
2006-02-10,14.39,33.97,5.89,0.62,0.42,3.68,6.03,0
2006-02-10,15.82,34.48,5.52,0.3,0.25,4.91,5.34,0
2006-02-10,14.39,33.984,6.04,,,,,0
2006-02-10,15.5,34.34,5.66,0.33,0.08,5.33,4.81,0
2006-02-10,13.08,33.902,6.32,0.55,0.44,4.07,6.39,0
2006-02-10,12.64,33.886,6.43,,,,,0
2006-02-10,15.09,34.46,5.63,0.43,0.03,4.8,5.98,0
2006-02-10,10.43,33.76,6.29,0.48,0.39,3.59,7.68,0
2006-02-10,14.21,34.52,6.09,0.41,0.11,7.16,5.68,0
2006-02-10,9.29,33.695,6.32,,,,,0
2006-02-10,8.15,33.631,6.27,,,,,0
2006-02-10,7.78,33.553000000000004,6.72,,,,,0
2006-02-10,13.59,34.13,5.86,0.42,0.07,4.47,6.31,0
2006-02-10,7.43,33.535,6.65,0.7,0.56,4.5,9.66,0
2006-02-10,10.94,33.734,6.23,,,,,0
2006-02-10,12.53,33.848,6.18,0.43,0.16,4.61,7.68,0
2006-02-10,10.18,33.29,6.21,0.53,0.08,6.66,7.34,0
2006-02-10,14.48,33.931999999999995,6.32,,,,,0
2006-02-10,12.53,33.848,6.18,0.43,0.16,4.61,7.68,0
2006-02-10,14.6,33.911,6.47,0.98,0.66,3.48,6.62,0
2006-02-10,7.57,32.02,6.81,0.98,0.03,8.61,9.18,0
2006-02-10,14.9,33.918,6.85,0.51,0.32,4.09,6.77,0
2006-02-11,14.71,33.946,6.72,,,,,0
2006-02-11,14.85,33.97,6.62,0.32,0.22,4.13,6.47,0
2006-02-11,6.05,32.354,,,,,,0
2006-02-11,7.08,31.76,6.83,0.48,0.03,6.86,6.55,0
2006-02-11,14.79,33.982,6.7,,,,,0
2006-02-11,5.16,32.321,7.11,0.94,0.64,28.08,12.8,0
2006-02-11,7.92,31.37,6.72,0.62,0.12,8.92,9.08,0
2006-02-11,14.96,33.971,6.27,0.44,0.79,4.01,6.49,0
2006-02-11,14.77,33.939,6.04,,,,,0
2006-02-11,7.31,31.3,6.78,0.63,0.06,9.15,11.91,0
2006-02-11,15.26,33.94,5.82,0.35,0.76,3.11,6.38,0
2006-02-11,2.53,31.385,7.92,1.1,0.02,31.16,16.16,0
2006-02-11,8.63,32.07,6.58,0.55,0.1,7.34,7.9,0
2006-02-11,15.57,33.946,6.21,,,,,0
2006-02-11,2.49,31.63300000000001,,,,,,0
2006-02-11,9.99,32.89,6.29,0.6,0.03,7.66,9.09,0
2006-02-11,15.48,33.905,6.31,0.35,0.02,3.03,5.37,0
2006-02-11,3.36,31.796,7.65,0.87,0.03,36.02,11.31,0
2006-02-11,12.33,33.7,6.06,0.49,0.05,7.07,8.88,0
2006-02-11,3.65,32.011,,,,,,0
2006-02-11,5.48,32.168,7.36,0.84,0.02,25.17,12.52,0
2006-02-11,13.44,34.26,6.29,0.45,0.06,4.63,0.1,0
2006-02-11,12.1,34.466,4.81,0.27,0.04,11.97,6.38,0
2006-02-11,5.99,32.332,,,,,,0
2006-02-11,12.91,34.42,5.04,,,,,0
2006-02-11,14.65,34.39,5.72,0.45,0.2,3.16,3.98,0
2006-02-11,6.45,32.267,6.88,0.98,0.01,25.37,13.95,0
2006-02-11,13.01,34.437,5.07,0.58,0.05,10.33,4.94,0
2006-02-11,6.42,32.206,7.29,,,,,0
2006-02-11,14.59,34.22,5.63,,,,,0
2006-02-11,13.62,34.56,4.57,,,,,0
2006-02-11,15.47,34.73,5.44,0.39,0.25,4.8,3.69,0
2006-02-11,15.59,34.53,5.52,,,,,0
2006-02-11,7.12,32.33,6.92,,,,,0
2006-02-11,7.25,32.418,7.01,1.17,0.83,29.56,13.82,0
2006-02-11,16.63,34.55,5.32,0.37,0.22,3.56,2.93,0
2006-02-11,12.1,34.306999999999995,4.58,,,,,0
2006-02-12,6.9,32.404,,,,,,0
2006-02-12,11.44,34.074,4.43,0.45,0.06,14.65,6.09,0
2006-02-12,6.48,32.358000000000004,7.05,1.03,0.72,30.76,14.34,0
2006-02-12,17.86,34.59,5.43,0.58,0.2,4.7,2.73,0
2006-02-12,12.69,34.354,5.54,,,,,0
2006-02-12,12.89,34.25,5.29,0.49,0.06,9.08,5.03,0
2006-02-12,16.37,34.63,5.58,0.43,,4.34,3.9,0
2006-02-12,12.28,34.231,5.03,,,,,0
2006-02-12,9.05,34.399,4.72,,,,,0
2006-02-12,15.05,34.33,5.89,0.45,,3.41,3.13,0
2006-02-12,4.17,32.193000000000005,,,,,,0
2006-02-12,4.06,32.077,7.35,1.07,0.59,34.74,13.39,0
2006-02-12,13.87,34.17,5.78,0.51,0.1,4.44,5.71,0
2006-02-12,4.17,31.874,,,,,,0
2006-02-12,11.7,33.42,6.09,0.59,0.42,7.37,8.25,0
2006-02-12,3.29,31.77,7.68,1.02,0.34,35.5,15.63,0
2006-02-12,9.69,32.56,6.38,0.58,0.06,8.63,10.03,0
2006-02-12,9.22,32.25,6.64,0.56,0.14,7.05,6.76,0
2006-02-12,8.81,32.22,6.47,0.64,,7.9,8.83,0
2006-02-12,8.91,32.16,6.64,,,,,0
2006-02-12,8.93,31.96,6.55,0.67,0.14,10.5,11.98,0
2006-02-12,14.27,33.902,6.38,,,,,0
2006-02-12,14.16,33.87,6.49,0.38,0.1,2.85,6.58,0
2006-02-12,14.07,33.954,6.4,,,,,0
2006-02-12,14.27,33.902,6.38,,,,,0
2006-02-12,13.56,33.736,6.39,0.54,0.07,2.56,7.15,0
2006-02-12,13.56,33.736,6.42,,,,,0
2006-02-13,13.56,33.736,6.42,,,,,0
2006-02-13,11.94,33.588,6.41,,,,,0
2006-02-13,12.36,33.591,6.87,0.49,0.25,5.02,8.59,0
2006-02-13,11.46,34.363,4.46,,,,,0
2006-02-13,11.2,34.367,4.7,,,,,0
2006-02-13,12.88,33.7,6.84,,,,,0
2006-02-13,11.38,34.387,5.06,0.56,0.03,8.75,7.58,0
2006-02-13,13.14,33.79,6.85,0.56,0.15,4.22,8.56,0
2006-02-13,12.91,34.545,4.65,,,,,0
2006-02-13,13.23,33.805,6.84,,,,,0
2006-02-13,12.43,34.481,5.04,0.55,0.03,10.23,6.41,0
2006-02-13,10.45,34.489000000000004,5.04,,,,,0
2006-02-13,13.63,33.891,6.91,0.71,0.12,3.93,7.39,0
2006-02-13,13.75,33.942,6.62,,,,,0
2006-02-13,13.64,33.927,6.48,0.51,0.12,4.44,7.69,0
2006-02-13,13.61,33.938,6.5,,,,,0
2006-02-13,13.19,33.905,6.98,0.73,0.6,4.12,9.06,0
2006-02-13,12.3,33.806999999999995,6.72,,,,,0
2006-02-13,11.0,33.56,6.9,0.59,0.18,4.08,10.82,0
2006-02-13,8.76,33.07,6.82,,,,,0
2006-02-18,3.66,32.131,7.75,1.2,0.87,39.73,15.59,0
2006-02-18,4.56,32.4,,,,,,0
2006-02-18,5.02,32.559,7.31,1.14,0.62,37.68,15.92,0
2006-02-18,5.39,32.597,,,,,,0
2006-02-18,5.59,32.641,7.01,1.06,0.77,30.71,15.28,0
2006-02-18,6.07,32.769,,,,,,0
2006-02-18,7.03,33.172,6.94,1.1,0.58,31.76,15.21,0
2006-02-18,7.38,33.27,,,,,,0
2006-02-18,7.34,33.202,6.64,1.08,0.63,24.43,12.42,0
2006-02-19,7.17,33.098,6.82,,,,,0
2006-02-19,7.58,33.134,6.86,,,,,0
2006-02-19,7.71,33.242,6.84,0.85,0.01,23.92,12.3,0
2006-02-19,7.62,33.242,,,,,,0
2006-02-19,7.53,33.318000000000005,7.09,1.03,0.39,31.12,14.45,0
2006-02-19,7.53,33.318000000000005,7.09,1.03,0.39,31.12,14.45,0
2006-02-19,6.8,32.988,,,,,,0
2006-02-19,6.28,32.827,6.95,1.03,0.44,26.74,15.04,0
2006-02-19,5.6,32.743,,,,,,0
2006-02-19,4.21,32.396,7.56,0.96,0.51,28.04,15.04,0
2006-02-19,5.92,32.64,,,,,,0
2006-02-19,5.71,32.579,7.59,1.01,0.09,26.8,16.03,0
2006-02-20,6.15,32.991,,,,,,0
2006-02-20,7.02,33.136,6.86,0.99,0.04,20.99,14.91,0
2006-02-20,8.08,33.346,,,,,,0
2006-02-20,8.85,33.353,6.94,1.02,0.02,26.25,13.1,0
2006-02-20,12.31,34.372,5.03,0.59,0.02,10.95,8.27,0
2006-02-20,8.56,33.32,6.59,,,,,0
2006-02-20,12.35,34.47,5.06,,,,,0
2006-02-20,10.43,33.818000000000005,6.66,,,,,0
2006-02-20,8.48,33.35,6.59,0.95,0.19,24.15,14.0,0
2006-02-20,8.23,33.145,,,,,,0
2006-02-21,6.77,33.068000000000005,7.18,0.94,0.12,28.81,15.23,0
2006-02-21,7.43,33.255,,,,,,0
2006-02-21,6.27,32.999,7.05,0.96,0.26,26.34,15.81,0
2006-02-21,10.1,34.215,5.74,0.54,0.03,12.94,9.29,0
2006-02-21,5.48,32.798,,,,,,0
2006-02-21,6.21,33.089,7.16,0.93,0.02,28.11,16.27,0
2006-02-21,9.72,34.255,5.18,,,,,0
2006-02-21,11.52,34.285,,,,,,0
2006-02-21,11.01,34.444,4.8,0.51,0.05,12.44,7.29,0
2006-02-21,11.12,34.424,5.32,,,,,0
2006-02-21,11.77,34.446,5.29,0.59,0.04,12.0,6.59,0
2006-02-21,11.39,34.474000000000004,4.88,,,,,0
2006-02-21,11.52,34.478,4.81,0.42,0.04,11.49,6.24,0
2006-02-21,11.37,34.591,5.04,,,,,0
2006-02-21,11.24,34.314,5.46,,,,,0
2006-02-21,10.1,34.318000000000005,5.03,,,,,0
2006-02-21,10.01,34.338,5.23,,,,,0
2006-02-21,9.62,34.324,5.21,0.54,0.03,12.91,8.79,0
2006-02-21,11.01,34.372,5.32,,,,,0
2006-02-21,10.6,34.301,4.91,0.48,0.03,15.58,8.18,0
2006-02-22,10.63,34.192,5.9,,,,,0
2006-02-22,10.63,34.161,5.15,0.52,0.02,14.74,8.26,0
2006-02-22,10.62,34.17,5.1,,,,,0
2006-02-23,10.47,34.179,5.52,1.18,0.02,17.03,7.62,0
2006-02-23,10.44,34.159,5.14,,,,,0
2006-02-23,9.67,34.204,5.3,0.56,0.02,15.13,7.96,0
2006-02-23,9.59,34.239000000000004,6.07,,,,,0
2006-02-23,8.2,34.107,6.42,,,,,0
2006-02-23,8.51,34.221,6.11,0.57,0.02,13.9,7.3,0
2006-02-23,9.12,34.281,5.44,,,,,0
2006-02-24,10.48,34.236999999999995,5.08,0.49,0.02,14.64,8.22,0
2006-02-24,10.11,34.183,5.26,,,,,0
2006-02-24,10.12,34.282,5.12,0.57,0.03,14.63,7.36,0
2006-02-24,10.14,34.062,5.16,,,,,0
2006-02-24,11.55,34.364000000000004,5.06,0.53,0.05,14.42,6.97,0
2006-02-24,10.39,34.306999999999995,5.83,,,,,0
2006-02-24,8.78,34.183,5.23,0.57,0.03,12.72,7.78,0
2006-02-24,9.05,34.246,5.26,,,,,0
2006-02-24,8.49,34.267,5.94,0.54,0.03,16.65,9.85,0
2006-02-24,8.4,34.184,5.32,,,,,0
2006-03-09,8.17,34.364000000000004,7.47,,,,,0
2006-03-09,7.75,34.226,5.54,0.73,0.05,16.41,9.66,0
2006-03-09,8.81,34.296,5.43,,,,,0
2006-03-09,9.17,34.375,5.25,0.86,0.02,10.98,9.15,0
2006-03-16,10.9,34.461,4.96,,,,,0
2006-03-16,10.77,34.38,5.87,0.51,0.05,12.6,6.79,0
2006-03-16,10.99,34.435,5.68,,,,,0
2006-03-16,10.4,34.4,5.18,0.55,,,7.32,0
2006-03-16,10.59,34.366,5.77,,,,,0
2006-03-16,10.42,34.339,4.72,0.49,0.04,13.7,6.86,0
2006-03-17,10.94,34.367,5.73,,,,,0
2006-03-17,10.58,34.184,5.1,,,,,0
2006-03-17,6.17,34.222,5.63,0.5,0.03,13.71,8.16,0
2006-03-17,5.74,34.143,5.88,,,,,0
2006-03-17,5.54,34.12,5.94,0.49,0.03,12.45,7.14,0
2006-03-17,5.5,34.118,6.07,,,,,0
2006-03-17,6.08,34.117,6.56,0.28,,,4.38,0
2006-04-05,13.8,33.74,6.46,0.76,0.02,13.04,6.04,0
2006-04-06,13.41,33.64,6.43,,,,,0
2006-04-06,13.49,33.5,6.52,1.13,0.02,7.14,5.27,0
2006-04-06,14.5,33.1,6.17,1.13,0.03,2.98,6.27,0
2006-04-06,13.48,33.7,6.24,,,,,0
2006-04-07,12.58,33.77,6.67,0.67,0.02,3.06,2.38,0
2006-04-07,12.08,33.7,6.53,,,,,0
2006-04-07,15.79,33.97,5.72,,,,,0
2006-04-07,15.77,33.86,6.23,,,,,0
2006-04-07,15.3,33.92,6.3,1.0,0.02,4.41,7.77,0
2006-04-07,12.17,33.83,6.42,,,,,0
2006-04-08,11.64,33.82,6.69,0.66,0.01,4.25,3.26,0
2006-04-08,10.94,33.7,6.54,,,,,0
2006-04-08,12.27,33.62,6.53,,,,,0
2006-04-08,16.09,33.97,5.88,0.74,0.04,4.17,7.18,0
2006-04-08,16.11,33.92,5.73,,,,,0
2006-04-08,13.44,33.83,6.15,0.66,0.03,5.01,6.55,0
2006-04-08,14.05,33.8,6.23,,,,,0
2006-04-08,11.66,33.45,6.76,0.76,0.02,4.59,11.63,0
2006-04-09,10.86,33.22,6.43,,,,,0
2006-04-09,11.98,33.63,6.62,,,,,0
2006-04-11,11.53,33.6,6.3,,,,,0
2006-04-11,11.32,33.36,6.75,0.78,0.04,6.39,9.8,0
2006-04-11,12.12,33.34,6.21,,,,,0
2006-04-11,14.36,33.42,6.11,0.49,0.02,2.62,5.01,0
2006-04-11,14.28,33.5,6.25,,,,,0
2006-04-11,14.53,33.62,6.47,0.4,0.01,1.6,4.41,0
2006-04-12,15.03,33.97,6.34,0.9,0.02,3.55,3.77,0
2006-04-14,5.75,31.702,7.38,0.81,0.03,19.06,9.65,0
2006-04-14,5.73,31.785,,,,,,0
2006-04-14,9.24,34.219,6.2,0.38,0.01,3.98,6.8,0
2006-04-14,8.5,34.255,6.16,,,,,0
2006-04-14,6.79,31.954,7.29,0.73,0.02,16.12,10.89,0
2006-04-14,8.7,34.279,6.18,0.28,0.02,5.05,6.25,0
2006-04-14,6.02,32.166,,,,,,0
2006-04-14,9.54,34.332,6.21,,,,,0
2006-04-14,6.3,32.292,7.25,0.63,0.02,13.53,9.67,0
2006-04-14,7.72,32.57,,,,,,0
2006-04-14,8.67,34.27,6.16,0.29,,3.08,3.85,0
2006-04-14,7.25,32.832,7.33,0.79,0.04,13.03,11.75,0
2006-04-14,10.67,34.156,6.49,,,,,0
2006-04-14,6.84,32.829,7.62,,,,,0
2006-04-15,10.84,34.435,6.31,0.2,,2.14,2.17,0
2006-04-15,7.55,32.971,7.62,,,,,0
2006-04-15,7.84,32.982,7.58,0.37,0.02,10.17,4.0,0
2006-04-15,7.7,32.894,,,,,,0
2006-04-15,7.76,32.798,7.88,0.31,0.02,7.18,3.62,0
2006-04-15,10.81,34.423,6.45,0.51,0.02,4.64,5.89,0
2006-04-15,7.2,32.744,,,,,,0
2006-04-15,6.82,32.555,7.33,0.78,0.03,14.96,12.37,0
2006-04-15,12.18,34.472,6.06,,,,,0
2006-04-15,12.9,34.49,6.46,0.25,0.01,1.38,1.94,0
2006-04-15,15.98,33.28,6.21,,,,,0
2006-04-15,6.49,32.273,,,,,,0
2006-04-15,12.59,34.547,5.8,,,,,0
2006-04-15,16.47,33.21,6.05,0.5,0.02,2.46,3.39,0
2006-04-15,5.98,32.201,7.52,0.78,0.02,16.8,11.78,0
2006-04-15,6.01,31.885,,,,,,0
2006-04-15,10.62,34.422,6.03,0.28,0.01,4.92,3.16,0
2006-04-15,15.92,33.64,6.13,,,,,0
2006-04-15,7.07,31.829,7.59,0.55,0.02,14.95,6.61,0
2006-04-15,10.55,34.43,6.7,,,,,0
2006-04-15,10.41,34.431999999999995,6.12,0.19,0.01,2.38,3.05,0
2006-04-15,16.72,33.91,5.75,0.38,0.03,3.12,4.54,0
2006-04-15,10.84,34.366,6.64,,,,,0
2006-04-15,16.35,33.09,6.0,,,,,0
2006-04-15,10.54,34.376,6.57,0.37,0.03,4.03,5.96,0
2006-04-15,9.31,34.26,6.78,,,,,0
2006-04-15,16.2,33.1,6.25,0.39,0.01,2.64,2.83,0
2006-04-15,16.37,33.43,5.94,,,,,0
2006-04-16,15.96,33.84,5.99,0.48,0.03,2.56,5.55,0
2006-04-16,15.47,33.79,6.21,,,,,0
2006-04-16,14.84,33.41,6.38,0.67,0.01,0.93,4.66,0
2006-04-16,13.25,33.38,6.13,,,,,0
2006-04-16,12.39,33.19,6.26,0.54,0.03,3.35,7.4,0
2006-04-16,11.7,32.88,6.32,,,,,0
2006-04-16,10.27,32.34,6.21,,,,,0
2006-04-16,10.14,32.28,6.38,0.5,0.02,5.2,9.35,0
2006-04-16,10.36,32.62,6.42,,,,,0
2006-04-16,11.18,33.06,6.24,0.52,0.03,3.38,9.74,0
2006-04-16,11.89,33.3,6.1,,,,,0
2006-04-16,12.62,33.31,5.94,0.63,0.03,4.4,6.93,0
2006-04-16,13.42,33.71,5.82,,,,,0
2006-04-16,14.03,33.83,5.72,0.53,0.03,3.48,6.9,0
2006-04-17,14.62,33.84,5.93,,,,,0
2006-04-17,13.71,32.87,5.77,,,,,0
2006-04-17,13.35,33.17,6.05,,,,,0
2006-04-17,11.65,34.03,6.04,0.58,0.03,5.28,8.91,0
2006-04-17,10.95,33.87,6.12,,,,,0
2006-04-22,7.98,31.966,7.49,0.47,0.04,11.26,4.08,0
2006-04-22,7.13,32.141,,,,,,0
2006-04-22,7.4,32.416,7.66,0.99,0.03,13.18,10.83,0
2006-04-22,7.28,32.672,,,,,,0
2006-04-22,8.17,32.881,7.19,0.63,0.03,15.77,13.72,0
2006-04-22,8.26,32.955,,,,,,0
2006-04-22,8.65,33.084,7.46,0.48,0.04,10.29,6.69,0
2006-04-22,8.78,33.062,,,,,,0
2006-04-22,8.85,33.067,7.52,0.39,0.03,8.05,3.44,0
2006-04-22,9.1,33.088,7.32,,,,,0
2006-04-22,9.64,33.106,7.6,,,,,0
2006-04-23,9.36,33.039,7.73,0.21,0.03,7.12,0.37,0
2006-04-23,8.59,33.056999999999995,,,,,,0
2006-04-23,8.36,33.176,8.64,0.21,0.03,7.43,1.54,0
2006-04-23,8.59,33.036,,,,,,0
2006-04-23,8.27,32.861999999999995,7.98,0.43,0.03,8.82,5.04,0
2006-04-23,7.79,32.626999999999995,,,,,,0
2006-04-23,8.3,32.189,7.01,0.6,0.03,10.53,4.55,0
2006-04-23,9.27,32.64,,,,,,0
2006-04-23,8.07,32.76,7.25,1.05,0.04,16.69,13.18,0
2006-04-24,9.42,34.281,6.68,,,,,0
2006-04-24,9.33,34.294000000000004,6.67,0.29,0.02,5.48,6.79,0
2006-04-24,9.7,34.589,6.1,,,,,0
2006-04-24,10.39,34.37,6.22,0.29,0.01,2.0,5.39,0
2006-04-24,8.0,32.93,,,,,,0
2006-04-24,11.14,34.422,6.05,,,,,0
2006-04-24,9.73,33.151,9.23,0.14,0.02,6.76,1.04,0
2006-04-24,9.63,33.244,,,,,,0
2006-04-24,10.24,33.455,8.54,0.17,0.02,6.92,0.79,0
2006-04-24,9.58,33.273,8.63,,,,,0
2006-04-24,10.26,33.39,6.85,,,,,0
2006-04-25,10.33,33.31,8.42,0.13,0.02,9.48,1.63,0
2006-04-25,9.23,33.149,,,,,,0
2006-04-25,9.27,33.05,6.89,0.79,0.03,15.2,13.65,0
2006-04-25,8.82,33.011,,,,,,0
2006-04-25,8.63,32.945,7.05,0.88,0.02,16.27,13.93,0
2006-04-25,9.01,32.995,,,,,,0
2006-04-25,9.25,33.121,6.71,0.84,0.03,15.37,14.1,0
2006-04-25,9.18,33.289,,,,,,0
2006-04-25,12.24,34.527,5.99,0.2,0.01,1.2,3.76,0
2006-04-25,12.75,34.422,5.72,,,,,0
2006-04-25,13.03,34.415,5.95,0.34,0.01,0.93,3.15,0
2006-04-25,11.76,34.403,6.3,,,,,0
2006-04-26,11.56,34.326,6.05,0.33,,2.73,3.03,0
2006-05-01,13.61,34.786,6.05,0.29,,3.48,3.64,0
2006-05-01,12.01,34.421,6.59,,,,,0
2006-05-01,14.65,34.494,6.37,0.31,,1.06,2.23,0
2006-05-01,14.22,34.444,6.02,,,,,0
2006-05-02,12.87,34.36,6.09,0.18,,3.04,4.96,0
2006-05-04,12.98,34.48,6.29,,,,,0
2006-05-04,12.23,34.696,6.25,0.37,,0.37,4.16,0
2006-05-04,12.29,34.657,6.32,,,,,0
2006-05-04,12.23,34.445,6.21,,,,,0
2006-05-04,12.63,34.392,6.78,,,,,0
2006-05-04,12.7,34.391,6.41,,,,,0
2006-05-04,12.49,34.405,6.41,0.21,,1.7,0.92,0
2006-05-04,13.64,34.376999999999995,6.27,,,,,0
2006-05-12,12.77,34.31,6.46,0.22,,1.21,3.59,0
2006-05-12,14.5,31.294,6.68,0.24,,7.03,1.44,0
2006-05-12,13.41,34.297,6.33,,,,,0
2006-05-12,13.72,32.297,6.82,,,,,0
2006-05-12,13.47,34.33,6.15,0.33,,2.85,3.36,0
2006-05-12,13.51,32.236999999999995,7.05,0.5,0.01,5.74,9.83,0
2006-05-12,13.7,32.023,6.68,,,,,0
2006-05-12,13.8,32.13,6.68,,,,,0
2006-05-12,13.64,31.958,6.51,,,,,0
2006-05-12,14.29,34.375,5.98,,,,,0
2006-05-12,14.45,32.231,6.05,0.21,0.01,4.37,4.87,0
2006-05-12,14.41,34.293,6.04,0.3,0.01,1.72,2.39,0
2006-05-13,16.72,33.989000000000004,5.65,,,,,0
2006-05-13,17.29,34.192,5.14,0.2,0.01,3.73,4.7,0
2006-05-13,17.75,34.179,5.48,,,,,0
2006-05-13,14.47,34.388000000000005,6.25,,,,,0
2006-05-13,17.65,33.622,6.17,0.27,0.01,4.09,4.74,0
2006-05-13,14.18,34.325,6.16,0.19,,0.81,2.38,0
2006-05-13,18.05,34.275,5.51,,,,,0
2006-05-13,13.88,34.322,6.15,,,,,0
2006-05-13,17.59,34.119,6.34,0.23,0.01,3.73,4.46,0
2006-05-13,17.33,33.923,5.54,,,,,0
2006-05-13,13.77,34.48,6.0,0.25,0.01,1.91,3.54,0
2006-05-13,13.84,32.23,6.45,0.29,0.01,3.68,4.11,0
2006-05-13,15.4,34.348,5.98,,,,,0
2006-05-13,15.38,34.392,5.65,0.24,,2.77,1.83,0
2006-05-13,14.14,31.809,6.25,,,,,0
2006-05-13,14.96,34.265,6.11,,,,,0
2006-05-13,14.68,34.236999999999995,6.02,,,,,0
2006-05-13,13.86,31.713,6.34,0.31,,3.83,5.41,0
2006-05-13,14.84,34.244,6.14,,,,,0
2006-05-13,14.82,34.209,5.91,,,,,0
2006-05-13,15.39,34.41,5.92,0.21,,10.19,2.9,0
2006-05-13,14.02,31.98,6.17,,,,,0
2006-05-13,15.73,34.434,5.8,,,,,0
2006-05-13,13.89,32.155,6.25,0.32,,6.67,10.83,0
2006-05-13,15.24,34.428000000000004,5.99,0.23,,8.18,2.04,0
2006-05-14,15.33,34.395,6.13,,,,,0
2006-05-14,13.66,32.521,5.91,,,,,0
2006-05-14,13.92,31.517,6.08,0.43,0.02,11.21,8.3,0
2006-05-14,15.52,34.453,5.76,,,,,0
2006-05-14,13.94,31.932,6.25,0.35,0.01,12.09,7.18,0
2006-05-14,16.18,34.464,5.86,0.21,,13.7,3.48,0
2006-05-14,13.94,31.932,6.25,0.35,0.01,12.09,7.18,0
2006-05-14,15.99,34.422,5.72,,,,,0
2006-05-14,14.32,32.416,6.22,,,,,0
2006-05-14,15.89,34.401,5.89,0.19,,6.85,3.45,0
2006-05-14,14.72,31.97300000000001,7.14,0.25,0.01,8.12,10.2,0
2006-05-14,14.88,32.312,5.65,0.26,0.01,0.1,8.08,0
2006-05-14,14.8,31.943,6.02,0.34,0.01,6.02,10.13,0
2006-05-14,14.89,32.293,6.11,,,,,0
2006-05-14,15.42,32.42,5.94,0.3,0.01,3.53,7.84,0
2006-05-14,16.54,33.304,6.78,,,,,0
2006-05-14,16.05,33.206,5.39,0.25,0.01,2.63,5.58,0
2006-05-14,17.79,33.354,6.59,,,,,0
2006-06-08,17.59,32.91,6.07,0.23,0.06,16.49,5.0,0
2006-06-08,17.5,32.86,6.04,,,,,0
2006-06-08,17.4,32.94,5.84,0.2,0.07,22.29,12.52,0
2006-06-08,18.0,32.88,5.35,0.22,0.09,16.84,18.61,0
2006-06-08,16.98,32.87,5.82,,,,,0
2006-06-08,16.65,33.1,5.96,0.64,0.11,23.46,13.25,0
2006-06-08,16.27,33.26,5.83,,,,,0
2006-06-09,16.81,33.42,5.69,0.25,0.06,1.3,2.89,0
2006-06-09,16.83,32.95,5.7,,,,,0
2006-06-09,17.51,32.52,5.7,,,,,0
2006-06-09,18.77,33.36,5.43,,,,,0
2006-06-09,18.27,32.56,5.4,0.26,0.03,11.0,5.9,0
2006-06-09,17.99,32.73,5.21,,,,,0
2006-06-09,19.9,32.65,5.13,,,,,0
2006-06-09,20.07,32.79,5.08,0.23,0.1,10.96,5.04,0
2006-06-09,18.97,32.9,5.21,,,,,0
2006-06-09,18.22,32.74,5.5,0.22,0.08,4.23,4.37,0
2006-06-09,17.21,32.43,5.42,,,,,0
2006-06-09,16.91,32.7,5.68,0.22,0.15,2.18,11.26,0
2006-06-09,17.55,32.8,5.7,,,,,0
2006-06-09,17.49,32.73,5.72,,,,,0
2006-06-09,16.98,32.95,6.3,,,,,0
2006-06-09,16.8,33.07,6.23,0.23,0.12,21.97,3.97,0
2006-06-10,16.25,32.88,6.0,,,,,0
2006-06-10,17.21,32.09,5.65,0.22,0.1,10.82,5.66,0
2006-06-10,17.48,32.17,5.62,,,,,0
2006-06-10,16.11,32.7,5.63,0.36,0.1,7.81,7.23,0
2006-06-11,16.17,33.82,5.58,0.52,0.15,0.18,7.57,0
2006-06-11,17.79,32.44,5.23,,,,,0
2006-06-11,19.67,32.32,5.0,0.29,,9.76,5.9,0
2006-06-11,20.07,32.67,5.04,,,,,0
2006-06-11,20.67,33.29,5.31,0.22,0.18,25.47,2.87,0
2006-06-11,21.57,32.94,5.53,,,,,0
2006-06-11,20.56,32.76,5.31,0.27,0.13,22.19,6.8,0
2006-06-11,20.69,32.26,5.72,,,,,0
2006-06-11,18.84,31.98,5.63,0.18,0.13,26.55,6.82,0
2006-06-11,18.59,31.78,5.7,,,,,0
2006-06-11,18.47,31.79,5.95,0.26,0.11,4.3,7.42,0
2006-06-12,18.27,31.32,6.02,,,,,0
2006-06-12,18.39,31.6,6.0,0.21,0.09,17.65,6.46,0
2006-06-12,18.26,31.69,6.04,,,,,0
2006-06-12,19.07,30.77,5.93,,,,,0
2006-06-12,17.97,31.22,6.2,0.21,0.06,37.75,5.81,0
2006-06-12,17.97,31.22,6.2,0.21,0.06,37.75,5.81,0
2006-06-12,18.33,31.48,6.04,,,,,0
2006-06-12,17.62,31.52,5.82,0.2,0.14,28.35,6.09,0
2006-06-12,18.39,31.88,5.8,,,,,0
2006-06-12,17.46,31.72,5.77,0.98,0.05,29.06,5.46,0
2006-06-12,17.1,31.55,5.63,,,,,0
2006-06-12,19.47,32.28,5.51,0.2,0.09,16.95,5.5,0
2006-06-12,18.91,32.42,5.42,,,,,0
2006-06-12,15.68,33.089,5.97,0.17,0.01,15.18,3.96,0
2006-06-12,16.23,33.268,5.74,,,,,0
2006-06-12,16.43,33.308,5.62,0.1,0.07,6.56,3.57,0
2006-06-13,16.94,34.143,5.61,,,,,0
2006-06-13,17.13,33.286,5.67,0.13,0.07,3.21,3.44,0
2006-06-13,17.23,33.944,5.6,,,,,0
2006-06-13,17.2,33.854,5.67,0.37,0.06,5.62,9.55,0
2006-06-13,12.3,31.728,6.76,0.6,0.18,11.59,3.94,0
2006-06-13,19.07,32.66,5.6,0.19,0.11,13.21,5.43,0
2006-06-13,18.26,32.16,5.58,,,,,0
2006-06-13,13.38,31.851,,,,,,0
2006-06-13,16.73,32.5,5.64,0.21,0.09,9.0,4.88,0
2006-06-13,14.55,33.07,5.72,,,,,0
2006-06-13,17.07,32.251999999999995,7.01,0.19,0.02,8.05,3.03,0
2006-06-13,18.4,34.396,5.4,0.17,,6.76,2.34,0
2006-06-13,17.86,32.409,,,,,,0
2006-06-13,17.7,32.446,6.11,0.16,0.17,3.09,3.32,0
2006-06-13,18.53,33.885,5.52,,,,,0
2006-06-13,17.48,32.546,,,,,,0
2006-06-13,17.86,33.885,5.53,0.14,,9.51,3.73,0
2006-06-13,17.59,32.565,6.24,0.12,0.11,5.05,1.49,0
2006-06-13,18.15,32.67,5.87,,,,,0
2006-06-13,17.81,34.048,5.65,,,,,0
2006-06-13,17.41,34.114000000000004,5.62,0.08,0.04,16.77,3.23,0
2006-06-13,18.44,32.873000000000005,5.84,,,,,0
2006-06-13,17.07,33.996,5.67,,,,,0
2006-06-14,18.3,32.91,5.8,0.18,,10.87,0.6,0
2006-06-14,17.45,34.032,5.51,0.11,0.04,20.45,3.68,0
2006-06-14,18.2,32.601,,,,,,0
2006-06-14,18.56,32.494,5.7,0.17,0.01,2.89,5.14,0
2006-06-14,18.93,32.645,,,,,,0
2006-06-14,16.83,34.109,5.55,,,,,0
2006-06-14,16.55,32.08,6.25,0.17,0.08,3.92,3.07,0
2006-06-14,16.44,33.787,5.69,0.15,0.03,1.25,3.7,0
2006-06-14,16.7,32.847,5.71,,,,,0
2006-06-14,18.84,32.506,,,,,,0
2006-06-14,18.41,32.376,6.74,0.15,0.02,10.51,2.5,0
2006-06-14,14.94,31.863000000000003,,,,,,0
2006-06-14,16.01,31.7,6.44,0.23,0.01,7.9,3.08,0
2006-06-15,16.17,31.501,6.39,0.22,0.08,10.15,4.22,0
2006-06-15,16.36,32.411,,,,,,0
2006-06-15,17.35,32.515,6.39,0.17,,3.02,3.23,0
2006-06-15,17.83,32.547,,,,,,0
2006-06-15,17.95,32.637,6.25,0.23,0.02,11.09,1.29,0
2006-06-15,18.18,32.712,,,,,,0
2006-06-15,17.71,32.626999999999995,6.08,0.17,0.04,9.4,2.34,0
2006-06-16,17.37,32.613,,,,,,0
2006-06-16,17.73,32.604,5.33,0.14,0.07,9.26,1.19,0
2006-06-16,17.37,32.616,5.27,,,,,0
2006-06-16,18.01,32.994,4.88,,,,,0
2006-06-16,18.3,33.136,5.25,0.16,0.01,8.91,4.08,0
2006-06-16,18.12,33.037,,,,,,0
2006-06-16,17.59,32.838,5.64,0.19,0.02,3.11,2.92,0
2006-06-16,17.47,32.806,,,,,,0
2006-06-16,17.34,32.82,5.81,0.2,0.01,11.86,1.77,0
2006-06-16,16.78,32.82,,,,,,0
2006-06-16,16.95,32.534,5.65,0.86,0.22,2.84,13.43,0
2006-06-16,14.92,33.259,6.02,,,,,0
2006-06-16,15.38,33.324,5.73,0.09,,22.05,3.36,0
2006-06-16,16.26,33.856,5.69,,,,,0
2006-06-16,16.59,33.913000000000004,5.54,0.09,0.03,8.97,3.34,0
2006-06-16,15.95,34.073,5.67,,,,,0
2006-06-16,15.38,33.059,,,,,,0
2006-06-16,12.85,33.068000000000005,6.15,0.46,0.24,6.08,9.2,0
2006-06-16,15.18,34.214,5.83,0.07,0.02,25.67,5.78,0
2006-06-16,15.59,33.976,6.12,,,,,0
2006-06-16,17.36,33.766,5.64,0.09,,1.68,3.41,0
2006-06-17,17.8,34.132,5.47,,,,,0
2006-06-17,18.33,34.086,5.83,0.14,0.02,2.58,2.3,0
2006-06-17,17.46,32.903,,,,,,0
2006-06-17,18.55,33.013000000000005,5.87,0.17,0.05,7.37,3.68,0
2006-06-17,18.88,33.111999999999995,,,,,,0
2006-06-17,19.75,32.84,5.37,0.16,0.02,3.51,3.46,0
2006-06-17,19.91,32.586,4.96,,,,,0
2006-06-17,20.28,32.694,5.13,,,,,0
2006-06-17,20.17,31.852,5.3,0.18,0.01,11.23,5.94,0
2006-06-17,20.09,31.449,,,,,,0
2006-06-17,20.08,32.017,5.5,0.19,,3.27,4.71,0
2006-06-18,18.7,32.352,,,,,,0
2006-06-18,17.63,32.525,5.97,0.2,0.02,3.39,4.51,0
2006-06-18,18.42,32.076,,,,,,0
2006-06-18,18.57,32.188,5.72,0.18,,3.43,6.55,0
2006-06-18,17.09,32.648,,,,,,0
2006-06-18,19.08,34.253,5.5,0.12,0.01,11.07,2.59,0
2006-06-18,19.56,34.291,5.44,,,,,0
2006-06-18,19.22,33.532,5.55,0.17,0.06,3.69,8.69,0
2006-06-19,19.55,33.584,5.43,,,,,0
2006-06-19,16.44,34.076,5.57,0.12,0.03,16.31,4.47,0
2006-06-19,15.37,34.113,5.8,,,,,0
2006-06-19,15.95,33.73,5.7,0.11,,,4.85,0
2006-06-19,16.09,32.93,5.65,,,,,0
2006-06-19,14.06,33.723,5.84,,,,,0
2006-06-19,16.7,34.443000000000005,5.44,,,,,0
2006-06-19,16.59,33.762,5.66,,,,,0
2006-06-19,16.87,33.892,5.5,0.08,0.02,17.37,3.85,0
2006-06-19,18.86,33.503,5.61,,,,,0
2006-06-19,20.19,33.51,5.41,0.1,0.01,18.15,5.48,0
2006-06-19,19.41,34.31,5.4,,,,,0
2006-06-19,18.3,34.568000000000005,5.56,0.09,0.04,0.55,3.06,0
2006-06-19,19.16,34.347,5.45,,,,,0
2006-06-19,19.72,34.124,5.54,0.08,,1.71,2.53,0
2006-06-20,19.28,34.173,5.35,,,,,0
2006-06-20,18.34,34.266,5.52,0.1,0.01,0.74,1.93,0
2006-06-20,18.39,34.275,5.48,,,,,0
2006-06-20,18.74,33.428000000000004,5.55,0.13,0.12,20.92,5.02,0
2006-06-20,17.07,33.688,6.13,,,,,0
2006-06-20,16.29,33.832,5.88,0.15,0.05,0.27,7.43,0
2006-06-20,15.7,33.912,5.99,,,,,0
2006-06-20,15.2,33.926,6.05,,,,,0
2006-06-20,16.28,34.396,6.11,,,,,0
2006-06-20,15.47,33.951,5.96,,,,,0
2006-06-20,16.99,34.026,6.28,0.18,0.09,5.99,3.74,0
2006-06-20,17.27,33.562,5.63,,,,,0
2006-06-20,19.79,33.606,5.46,0.11,0.06,17.03,5.01,0
2006-06-20,20.36,33.648,5.52,,,,,0
2006-06-20,19.78,33.431,5.5,,,,,0
2006-06-20,19.75,33.115,5.61,0.11,0.12,11.05,5.74,0
2006-06-20,17.32,33.529,5.67,,,,,0
2006-06-20,15.05,33.883,5.57,0.26,,,11.09,0
2006-08-04,29.19,31.394,6.11,0.21,0.09,7.82,1.89,0
2006-08-05,29.04,31.374,5.32,0.19,0.17,9.82,11.76,0
2006-08-05,28.66,29.731,6.09,,,,,0
2006-08-05,28.21,30.324,5.46,0.2,0.21,3.82,5.65,0
2006-08-05,28.25,30.776,5.2,0.17,0.22,2.85,5.96,0
2006-08-05,28.43,31.524,4.91,0.2,0.04,4.5,1.19,0
2006-08-05,28.91,32.327,4.86,0.31,0.02,3.57,1.07,0
2006-08-05,28.71,29.059,4.34,0.55,0.15,5.43,7.9,0
2006-08-05,29.23,32.075,5.14,0.64,0.27,4.09,8.83,0
2006-08-05,29.16,31.984,4.4,,,,,0
2006-08-05,29.19,31.568,4.89,0.15,0.09,7.72,1.63,0
2006-08-05,29.78,28.678,4.94,0.13,,,1.12,0
2006-08-05,28.6,30.748,5.11,0.1,0.13,5.07,1.68,0
2006-08-05,28.71,29.059,4.34,0.55,0.15,5.43,7.9,0
2006-08-06,28.46,29.911,2.23,0.16,0.28,4.23,6.76,0
2006-08-06,28.56,28.584,5.03,0.49,0.28,6.01,8.88,0
2006-08-06,28.68,29.014,5.0,,,,,0
2006-08-06,28.86,29.238000000000003,5.2,0.11,,,5.98,0
2006-08-06,28.6,30.301,4.74,,,,,0
2006-08-06,29.06,31.762,4.71,0.12,0.26,1.91,10.52,0
2006-08-06,29.21,31.483,5.03,,,,,0
2006-08-06,29.76,32.551,4.71,0.08,0.09,7.02,3.15,0
2006-08-06,29.95,30.681,3.34,0.13,0.17,3.75,7.09,0
2006-08-06,29.3,30.618,4.83,,,,,0
2006-08-06,29.2,30.834,4.89,0.14,0.31,5.07,4.63,0
2006-08-06,28.96,30.63300000000001,3.23,0.09,0.15,5.49,5.82,0
2006-08-07,28.76,29.388,5.26,0.08,0.09,4.96,8.31,1
2006-08-07,28.8,28.682,4.89,,,,,1
2006-08-07,28.88,29.957,5.2,0.14,0.14,7.45,1.61,1
2006-08-07,28.63,28.155,5.23,,,,,1
2006-08-07,28.83,28.281,5.34,0.11,0.25,6.18,2.18,1
2006-08-07,28.82,27.372,5.09,,,,,1
2006-08-07,29.34,25.175,5.4,0.09,0.05,10.01,2.84,1
2006-08-08,28.05,29.68,6.43,,,,,0
2006-08-08,28.96,29.56,6.02,,,,,0
2006-08-08,29.23,29.831,5.78,,,,,0
2006-08-08,29.42,29.391,6.49,,,,,0
2006-08-08,28.54,29.582,6.18,,,,,0
2006-08-08,26.08,30.846,5.64,,,,,0
2006-08-08,26.25,30.317,5.51,,,,,0
2006-08-08,28.08,30.509,4.84,,,,,0
2006-08-08,29.16,30.018,4.92,,,,,0
2006-08-08,28.99,29.622,4.72,,,,,0
2006-08-08,29.66,28.447,4.82,,,,,0
2006-08-08,29.37,29.178,4.9,,,,,0
2006-08-08,28.68,29.391,4.94,,,,,0
2006-08-08,30.18,31.088,4.82,,,,,0
2006-08-09,29.99,30.66800000000001,4.9,,,,,0
2006-08-09,29.99,30.66800000000001,4.9,,,,,0
2006-08-09,29.4,29.756,5.04,,,,,0
2006-08-09,29.36,28.129,5.06,,,,,0
2006-08-09,27.64,29.292,5.1,,,,,0
2006-08-09,26.59,30.777,5.9,0.08,0.01,14.74,3.11,0
2006-08-09,27.23,30.362,5.82,,,,,0
2006-08-09,26.67,30.231,5.82,,,,,0
2006-08-09,23.52,31.096,5.53,,,,,0
2006-08-09,27.43,29.501,5.64,0.09,0.08,1.25,1.19,0
2006-08-09,28.29,28.878,5.13,,,,,0
2006-08-09,20.16,30.772,6.07,0.31,0.38,14.01,3.31,0
2006-08-09,29.58,28.031,5.02,0.14,0.02,0.3,1.47,0
2006-08-09,24.67,31.678,6.79,,,,,0
2006-08-09,29.21,28.154,5.4,,,,,0
2006-08-09,25.61,31.085,5.78,0.11,0.03,8.26,2.55,0
2006-08-09,27.84,30.332,5.38,0.11,0.02,13.33,5.8,0
2006-08-09,27.82,31.71,,,,,,0
2006-08-09,27.94,32.047,5.63,0.1,0.39,2.91,1.26,0
2006-08-09,27.45,32.096,,,,,,0
2006-08-09,28.03,32.142,5.21,0.1,0.46,1.51,1.36,0
2006-08-09,28.38,32.058,5.24,,,,,0
2006-08-09,27.23,31.949,5.18,,,,,0
2006-08-10,28.35,31.999,5.88,0.13,0.13,0.35,1.09,1
2006-08-10,28.44,32.03,,,,,,1
2006-08-10,28.61,31.547,5.07,0.14,0.06,0.89,1.01,1
2006-08-10,28.32,31.643,5.17,,,,,1
2006-08-10,28.29,31.82800000000001,5.14,0.11,,0.81,1.18,1
2006-08-10,27.81,31.9,,,,,,1
2006-08-10,25.45,30.294,7.23,0.18,0.02,7.43,3.25,1
2006-08-10,26.54,29.709,,,,,,1
2006-08-10,24.46,30.297,7.01,0.18,,0.22,6.02,1
2006-08-11,27.37,28.982,8.74,0.24,0.07,10.01,6.5,0
2006-08-11,27.18,30.609,6.07,,,,,0
2006-08-11,27.95,30.729,6.0,0.21,2.28,15.57,5.9,0
2006-08-11,29.15,30.958,,,,,,0
2006-08-11,28.28,31.019,5.51,0.09,,3.66,4.6,0
2006-08-11,29.1,31.405,,,,,,0
2006-08-11,29.23,31.467,5.13,0.09,1.36,1.67,1.25,0
2006-08-11,29.37,31.39,5.01,,,,,0
2006-08-11,29.0,31.112,5.1,0.28,0.07,0.25,1.1,0
2006-08-12,29.07,31.345,4.87,,,,,0
2006-08-12,29.18,31.292,4.86,,,,,0
2006-08-12,29.09,31.344,4.93,0.21,0.18,6.23,1.3,0
2006-08-12,29.26,30.999,,,,,,0
2006-08-12,28.6,30.417,5.47,,,,,0
2006-08-12,29.25,30.809,5.13,0.07,0.01,10.62,3.57,0
2006-08-12,29.48,29.965,5.32,,,,,0
2006-08-12,28.92,30.662,,,,,,0
2006-08-12,29.73,30.278,4.84,,,,,0
2006-08-12,28.66,30.722,5.41,0.14,0.01,1.0,4.9,0
2006-08-12,30.27,30.456,4.8,,,,,0
2006-08-12,27.24,31.236,6.59,,,,,0
2006-08-12,24.7,31.484,6.07,0.31,0.02,7.45,7.41,0
2006-08-12,29.93,30.826,4.49,,,,,0
2006-08-12,29.94,28.976,4.72,,,,,0
2006-08-12,29.89,29.005,4.81,,,,,0
2006-08-12,29.71,29.017,5.0,,,,,0
2006-08-12,29.52,28.894,5.01,,,,,0
2006-08-13,29.57,27.838,4.84,,,,,1
2006-08-13,29.73,27.635,4.92,,,,,1
2006-08-13,29.85,27.488000000000003,4.9,,,,,1
2006-08-13,29.71,26.708,4.86,,,,,1
2006-08-13,29.57,24.736,4.92,,,,,1
2006-08-13,30.18,27.53,5.14,,,,,1
2006-08-13,29.54,27.987,5.27,,,,,1
2006-08-13,29.85,26.74,5.31,,,,,1
2006-08-13,30.06,25.441,5.32,,,,,1
2006-08-14,29.37,27.138,5.43,,,,,0
2006-08-14,29.85,26.607,5.66,,,,,0
2006-08-14,30.06,27.368,5.42,,,,,0
2006-08-14,29.54,27.826,5.15,,,,,0
2006-08-14,29.82,27.571,5.24,,,,,0
2006-08-15,29.03,27.988000000000003,5.44,0.09,0.06,0.13,4.25,0
2006-08-15,29.79,27.37,5.45,,,,,0
2006-08-15,28.1,28.037,5.5,0.08,0.19,2.86,1.37,0
2006-08-15,28.4,28.29,5.4,,,,,0
2006-08-15,21.38,31.544,5.45,,,,,0
2006-08-15,18.74,32.094,6.28,0.28,0.06,2.54,8.3,0
2006-08-15,21.53,31.622,,,,,,0
2006-08-15,30.12,30.076,5.25,0.27,0.01,3.21,2.47,0
2006-08-15,29.23,30.901,,,,,,0
2006-08-15,31.32,30.846,4.7,0.13,2.36,19.14,2.91,0
2006-08-15,30.61,30.619,4.71,,,,,0
2006-08-16,31.05,30.611,4.97,,,,,1
2006-08-16,31.14,30.762,4.83,0.44,0.02,5.4,2.04,1
2006-08-16,30.68,30.816,,,,,,1
2006-08-16,28.76,28.807,5.44,0.14,0.09,3.71,2.17,1
2006-08-16,29.5,27.434,,,,,,1
2006-08-16,24.52,30.921,5.41,0.11,0.09,9.39,4.62,1
2006-08-16,23.38,31.066,,,,,,1
2006-08-16,28.66,29.792,5.51,0.18,0.16,6.74,2.64,1
2006-08-16,27.96,30.011,,,,,,1
2006-08-21,23.88,32.542,4.27,,,,,0
2006-08-29,24.73,31.452,4.61,0.16,0.03,3.88,1.69,0
2006-08-29,24.31,31.889,4.51,,,,,0
2006-08-29,23.56,31.887,4.67,0.18,0.1,10.87,1.54,0
2006-08-29,24.66,31.795,4.27,,,,,0
2006-08-29,23.75,32.302,4.46,0.08,0.01,7.27,3.07,0
2006-08-29,22.69,32.941,4.69,,,,,0
2006-08-30,23.39,33.205,4.28,0.09,0.08,5.65,4.3,0
2006-08-30,23.23,32.399,4.68,0.22,0.02,10.83,4.51,0
2006-08-30,23.48,32.391,4.76,,,,,0
2006-08-30,23.21,32.616,4.98,0.2,0.02,3.49,3.34,0
2006-08-30,23.36,32.955,4.82,,,,,0
2006-08-30,23.94,33.179,4.76,0.15,0.05,10.15,3.75,0
2006-08-30,24.3,33.217,4.78,,,,,0
2006-08-30,23.06,32.958,4.67,0.07,,7.96,4.09,0
2006-08-30,24.17,32.2,4.78,,,,,0
2006-08-30,24.45,31.657,4.3,0.11,0.07,1.18,1.94,0
2006-08-30,24.81,31.446,4.8,,,,,0
2006-09-02,24.02,32.306999999999995,4.83,,,,,0
2006-09-02,23.88,32.289,4.75,0.04,,,2.53,0
2006-09-02,23.3,32.525,4.66,,,,,0
2006-09-02,23.04,32.715,4.7,0.07,,,3.82,0
2006-09-02,23.38,32.558,4.65,,,,,0
2006-09-02,24.41,32.412,4.61,0.12,0.04,1.91,4.56,0
2006-09-02,24.72,32.306,4.6,,,,,0
2006-09-02,24.94,32.584,4.84,0.15,,,1.72,0
2006-09-02,24.95,32.303000000000004,4.71,,,,,0
2006-09-03,24.46,32.355,4.87,0.25,,,2.78,0
2006-09-03,24.34,32.393,4.35,,,,,0
2006-09-03,25.61,32.494,4.51,,,,,0
2006-09-03,25.87,32.333,4.64,,,,,0
2006-09-03,25.15,32.6,4.77,,,,,0
2006-09-03,24.93,32.51,4.58,,,,,0
2006-09-04,24.38,32.498000000000005,4.19,,,,,0
2006-09-04,24.47,32.606,4.75,0.14,,,2.87,0
2006-09-04,24.71,32.536,4.83,,,,,0
2006-09-04,25.02,32.289,4.35,0.35,,,2.43,0
2006-09-04,26.86,31.707,4.48,,,,,0
2006-09-04,26.08,31.43,4.76,0.3,,,4.94,0
2006-09-04,25.64,32.056,4.57,,,,,0
2006-09-07,24.96,30.709,3.96,0.38,,,6.98,0
2006-09-07,24.81,30.736,,,,,,0
2006-09-20,23.94,32.427,3.42,0.05,,,4.69,0
2006-09-20,23.19,32.711,4.65,,,,,0
2006-09-20,23.69,32.583,4.89,,,,,0
2006-09-20,24.18,32.708,4.83,0.25,,,4.73,0
2006-09-20,23.0,31.805,4.66,,,,,0
2006-09-20,22.59,31.613000000000003,4.61,0.09,,,6.16,0
2006-09-20,23.16,31.571,4.81,,,,,0
2006-09-20,23.18,31.465,4.73,,,,,0
2006-09-20,23.28,32.06,5.09,,,,,0
2006-09-20,23.1,31.983,4.39,,,,,0
2006-09-21,23.43,32.277,4.27,0.24,,,5.16,0
2006-09-21,23.52,32.574,4.21,1.08,,,16.53,0
2006-09-21,23.22,32.755,4.47,,,,,0
2006-09-21,21.87,32.303000000000004,4.29,0.23,,,1.52,0
2006-09-21,20.91,32.584,4.59,,,,,0
2006-09-21,22.17,32.334,3.97,0.05,,,1.52,0
2006-09-21,22.05,32.206,4.61,,,,,0
2006-09-21,23.11,32.706,4.63,0.25,,,2.57,0
2006-09-21,23.09,32.765,3.96,,,,,0
2006-09-21,23.51,32.716,4.14,0.58,,,4.05,0
2006-09-21,22.88,32.322,4.27,,,,,0
2006-09-21,22.24,31.939,4.16,0.06,,,3.74,0
2006-09-21,23.19,32.201,4.46,,,,,0
2006-09-21,23.36,32.283,4.29,,,,,0
2006-09-22,24.88,32.228,4.62,0.18,,,1.62,0
2006-09-22,24.79,32.211,4.59,,,,,0
2006-09-22,24.8,32.202,5.01,,,,,0
2006-10-10,22.16,31.84,5.56,0.46,0.03,0.59,6.16,0
2006-10-10,22.54,31.92,5.82,,,,,0
2006-10-10,22.41,31.67,6.15,0.15,0.02,0.7,6.34,0
2006-10-10,22.39,31.15,6.38,0.06,0.07,0.62,4.54,0
2006-10-10,22.92,34.8,5.42,,,,,0
2006-10-10,21.76,31.8,4.9,0.17,0.01,0.64,8.47,0
2006-10-10,22.21,31.51,4.83,,,,,0
2006-10-11,22.12,31.03,5.53,,,,,0
2006-10-11,22.58,31.16,5.32,,,,,0
2006-10-11,21.87,30.89,5.42,,,,,0
2006-10-11,22.54,31.12,5.42,,,,,0
2006-10-11,23.46,32.33,5.23,0.06,0.04,1.45,6.82,0
2006-10-11,24.41,33.22,5.3,,,,,0
2006-10-11,23.98,33.19,5.03,,,,,0
2006-10-11,24.32,33.31,4.82,0.04,0.01,0.63,1.41,0
2006-10-11,22.91,31.48,5.32,,,,,0
2006-10-11,22.48,31.4,6.11,0.4,,0.33,6.47,0
2006-10-11,22.48,30.98,5.82,,,,,0
2006-10-11,22.31,30.85,5.67,0.06,0.03,0.2,4.21,0
2006-10-11,22.68,30.5,4.3,,,,,0
2006-10-11,22.55,31.74,5.5,,,,,0
2006-10-11,21.86,30.78,4.98,,,,,0
2006-10-11,21.7,30.92,5.02,0.34,0.03,0.89,6.22,0
2006-10-12,21.95,31.03,5.08,,,,,0
2006-10-12,22.82,31.42,5.13,0.06,0.4,5.9,16.0,0
2006-10-12,22.97,31.73,5.23,,,,,0
2006-10-12,23.35,32.52,5.03,0.03,0.27,1.22,5.6,0
2006-10-12,20.21,31.532,5.56,0.53,0.31,18.04,7.37,0
2006-10-12,20.02,31.807,,,,,,0
2006-10-12,21.28,31.534,5.49,0.05,0.02,1.61,4.43,0
2006-10-12,21.33,31.408,,,,,,0
2006-10-12,21.44,31.427,5.59,0.02,,1.25,6.73,0
2006-10-12,21.94,31.535,,,,,,0
2006-10-12,21.95,31.54,5.75,0.01,0.17,14.47,4.84,0
2006-10-12,21.9,31.498,5.73,,,,,0
2006-10-13,22.37,31.38300000000001,5.73,0.14,0.01,2.07,3.73,0
2006-10-13,21.96,31.247,5.72,0.15,0.06,2.49,5.55,0
2006-10-13,21.83,31.19,,,,,,0
2006-10-13,21.15,31.434,5.48,0.07,,3.36,4.76,0
2006-10-13,21.16,31.37,,,,,,0
2006-10-13,21.48,31.337,5.72,0.03,0.01,0.3,4.66,0
2006-10-13,21.65,31.343000000000004,,,,,,0
2006-10-13,22.97,33.06,4.92,0.12,0.09,2.24,6.15,0
2006-10-13,19.87,31.755,5.72,0.05,0.05,4.25,3.27,0
2006-10-13,23.07,32.17,4.8,,,,,0
2006-10-13,19.69,31.923,,,,,,0
2006-10-13,20.07,32.027,5.83,0.22,0.01,2.23,5.61,0
2006-10-13,24.4,33.26,4.91,0.05,0.01,2.44,3.15,0
2006-10-13,24.23,33.21,4.8,,,,,0
2006-10-13,24.8,33.43,6.9,0.21,0.02,0.12,2.18,0
2006-10-13,24.54,33.36,5.32,,,,,0
2006-10-13,24.71,33.26,4.92,0.05,0.24,0.74,2.33,0
2006-10-13,24.71,33.39,4.9,,,,,0
2006-10-13,24.66,33.19,5.42,0.04,1.52,1.49,2.81,0
2006-10-13,24.72,33.4,4.93,,,,,0
2006-10-14,24.41,33.16,4.92,0.06,0.24,4.45,3.11,0
2006-10-14,24.32,33.5,4.63,,,,,0
2006-10-14,24.18,32.94,4.72,0.14,0.08,0.38,2.98,0
2006-10-14,23.29,31.93,4.8,,,,,0
2006-10-14,23.02,31.82,5.92,,,,,0
2006-10-14,23.23,31.86,5.4,0.25,0.1,0.55,8.37,0
2006-10-14,20.05,31.851,5.49,0.23,0.09,3.25,5.19,0
2006-10-14,19.6,31.862,,,,,,0
2006-10-14,23.14,31.58,5.12,,,,,0
2006-10-14,22.99,31.78,5.74,0.08,0.08,0.44,4.42,0
2006-10-14,19.51,31.804,5.6,0.15,0.01,3.08,5.29,0
2006-10-14,23.75,32.75,5.04,,,,,0
2006-10-14,21.1,31.486,,,,,,0
2006-10-14,23.32,32.11,4.99,,0.01,0.9,5.76,0
2006-10-14,21.5,31.372,5.62,0.01,0.06,0.89,4.66,0
2006-10-14,23.51,32.35,5.13,,,,,0
2006-10-14,21.97,31.343000000000004,,,,,,0
2006-10-14,23.6,32.42,5.2,0.05,0.09,0.03,4.78,0
2006-10-14,22.0,31.405,6.02,0.1,0.04,0.96,5.63,0
2006-10-14,23.13,32.04,5.21,,,,,0
2006-10-14,22.28,31.274,,,,,,0
2006-10-14,22.26,31.162,5.57,0.01,0.4,8.89,4.99,0
2006-10-14,22.03,31.171,5.82,,,,,0
2006-10-14,22.39,31.286,5.55,0.02,0.1,0.4,5.44,0
2006-10-14,22.03,31.36,5.43,0.22,0.02,0.68,5.24,0
2006-10-15,22.25,31.31900000000001,,,,,,0
2006-10-15,21.52,31.688,5.79,0.03,0.08,2.14,4.67,0
2006-10-15,21.49,31.608,,,,,,0
2006-10-15,21.58,31.663,5.4,,0.12,8.69,6.55,0
2006-10-15,20.62,31.625,,,,,,0
2006-10-15,20.14,31.636,5.08,0.44,0.01,8.83,12.96,0
2006-10-15,19.63,31.814,,,,,,0
2006-10-15,19.02,31.955,5.39,0.26,0.06,1.1,7.99,0
2006-10-16,18.25,32.173,,,,,,0
2006-10-16,21.46,31.69,5.53,0.07,0.01,0.23,6.43,0
2006-10-16,21.03,31.739,,,,,,0
2006-10-16,21.65,31.626,5.57,0.04,0.06,0.49,4.44,0
2006-10-16,16.66,32.269,,,,,,0
2006-10-16,22.2,31.45300000000001,5.69,,,,,0
2006-10-16,20.84,32.719,4.92,0.06,0.27,1.68,2.96,0
2006-10-16,21.11,14.459,4.84,,,,,0
2006-10-16,21.6,32.615,4.62,0.06,0.1,1.41,5.44,0
2006-10-16,19.95,32.637,5.12,,,,,0
2006-10-16,23.08,30.84800000000001,5.48,,,,,0
2006-10-16,22.75,30.919,5.45,0.24,0.04,0.57,3.42,0
2006-10-16,22.04,32.881,5.12,0.18,0.12,0.71,2.12,0
2006-10-16,22.79,31.033,,,,,,0
2006-10-16,22.61,31.05,5.56,0.06,0.44,2.85,3.65,0
2006-10-16,22.42,31.152,,,,,,0
2006-10-16,22.04,32.945,4.69,,,,,0
2006-10-16,22.32,31.159,5.45,0.01,0.04,0.24,2.63,0
2006-10-17,22.2,32.978,4.42,0.08,0.33,13.6,1.7,0
2006-10-17,22.38,31.334,,,,,,0
2006-10-17,22.56,31.9,5.49,0.03,0.01,1.63,4.22,0
2006-10-17,22.46,31.178,,,,,,0
2006-10-17,22.49,31.02,5.58,0.01,0.06,0.78,5.69,0
2006-10-17,22.83,31.87,5.62,,,,,0
2006-10-17,21.61,31.37,5.83,0.07,,8.98,6.88,0
2006-10-17,22.09,31.27,5.72,,,,,0
2006-10-17,22.41,33.313,4.61,,,,,0
2006-10-17,21.99,32.868,5.69,0.06,0.27,1.14,2.58,0
2006-10-28,20.92,33.052,4.94,0.11,0.39,2.64,3.75,0
2006-10-28,20.86,33.135,4.38,,,,,0
2006-10-28,21.39,33.106,4.01,0.13,0.44,4.87,2.92,0
2006-10-28,22.18,33.629,4.57,,,,,0
2006-10-28,18.83,33.189,5.12,0.33,0.33,6.45,8.77,0
2006-10-28,18.1,32.798,4.48,,,,,0
2006-10-28,16.81,32.64,4.44,0.06,0.22,2.83,5.75,0
2006-10-28,17.37,32.361999999999995,5.51,,,,,0
2006-10-28,17.24,32.234,,,,,,0
2006-10-31,16.45,32.725,5.5,0.11,0.13,13.96,6.32,0
2006-10-31,16.89,12.517,4.48,,,,,0
2006-10-31,16.39,33.088,5.38,0.06,0.16,9.68,6.18,0
2006-10-31,16.86,32.853,4.6,,,,,0
2006-10-31,18.5,33.302,5.08,0.4,0.16,14.35,7.03,0
2006-10-31,20.68,33.675,5.39,,,,,0
2006-10-31,19.81,33.372,4.8,0.06,0.11,19.5,3.42,0
2006-11-02,16.0,32.899,5.02,,,,,0
2006-11-02,16.03,32.852,4.71,0.09,0.2,2.99,6.61,0
2006-11-02,16.23,32.869,4.92,,,,,0
2006-11-02,17.39,33.138000000000005,4.77,0.39,0.14,1.16,8.48,0
2006-11-02,15.83,33.255,5.08,,,,,0
2006-11-02,17.23,33.164,5.25,0.12,0.17,0.41,7.22,0
2006-11-03,19.95,32.91,,,,,,0
2006-11-03,18.69,32.707,4.97,,,,,0
2006-11-03,20.28,32.744,4.67,0.06,0.39,2.05,5.96,0
2006-11-03,20.28,32.744,4.67,0.06,0.39,2.05,5.96,0
2006-11-03,21.76,33.382,4.91,,,,,0
2006-11-03,22.66,33.736,4.76,0.06,0.13,4.06,3.37,0
2006-11-03,20.63,33.15,4.27,,,,,0
2006-11-03,20.88,33.466,4.68,0.09,0.29,1.32,3.72,0
2006-11-03,21.46,33.661,4.08,,,,,0
2006-11-03,21.39,33.522,3.95,0.03,0.27,0.69,2.33,0
2006-11-03,20.36,33.087,4.5,,,,,0
2006-11-03,20.56,33.195,3.91,0.06,0.64,1.44,3.08,0
2006-11-03,20.86,33.15,4.99,,,,,0
2006-11-04,22.7,33.928000000000004,4.7,0.07,0.24,0.46,3.27,0
2006-11-04,20.37,32.625,4.15,,,,,0
2006-11-04,20.12,32.642,4.7,0.06,0.22,1.19,6.01,0
2006-11-04,19.41,32.466,5.57,,,,,0
2006-11-04,19.79,32.59,,,,,,0
2006-11-04,19.1,32.603,,,,,,0
2006-11-04,19.34,32.751,4.29,,,,,0
2006-11-04,21.15,33.128,4.4,0.06,0.15,3.09,5.06,0
2006-11-04,22.68,33.981,4.45,,,,,0
2006-11-04,22.55,33.847,3.95,0.07,0.44,1.13,3.56,0
2006-11-04,21.32,33.247,5.08,,,,,0
2006-11-04,22.54,33.67,4.3,,,,,0
2006-11-04,22.79,33.946,3.97,0.2,0.13,3.4,3.93,0
2006-11-04,21.35,33.352,4.89,,,,,0
2006-11-04,20.63,32.946,4.71,0.06,0.55,4.56,4.9,0
2006-11-13,21.25,33.118,6.0,0.45,0.69,4.51,8.41,0
2006-11-13,21.44,33.864000000000004,5.43,,,,,0
2006-11-14,21.75,33.891,5.49,0.35,0.12,12.92,5.38,0
2006-11-14,22.03,33.939,5.03,0.34,0.23,8.56,5.65,0
2006-11-14,21.27,33.05,4.6,0.29,0.2,7.39,6.53,0
2006-11-14,21.78,33.838,4.4,0.21,0.49,8.13,5.33,0
2006-11-14,21.87,33.955,3.51,0.25,0.5,10.9,6.88,0
2006-11-14,21.67,34.293,4.71,0.21,0.67,5.24,6.86,0
2006-11-14,22.13,33.935,5.14,0.24,0.73,12.24,7.18,0
2006-11-14,22.81,33.986999999999995,3.63,0.13,0.51,7.85,5.82,0
2006-11-14,22.75,34.515,5.06,0.18,0.42,13.4,3.57,0
2006-11-14,22.03,33.939,5.03,0.34,0.23,8.56,5.65,0
2006-11-14,22.35,34.165,4.26,0.17,0.71,3.86,3.24,0
2006-11-15,22.75,34.206,5.66,,,,,0
2006-11-15,22.88,33.982,5.26,3.41,0.06,3.35,0.28,0
2006-11-15,21.99,33.971,5.03,0.48,0.47,7.47,5.46,0
2006-11-15,21.99,33.971,5.03,0.48,0.47,7.47,5.46,0
2006-11-15,22.18,33.964,5.2,0.45,0.08,12.35,8.62,0
2006-11-15,22.2,33.958,5.4,0.37,0.12,11.77,7.43,0
2006-11-15,22.07,33.949,5.52,0.34,0.13,12.58,5.0,0
2006-11-15,21.71,33.958,5.74,0.42,0.13,9.4,3.95,0
2006-11-15,21.29,33.821,5.26,0.26,0.11,14.69,3.09,0
2006-11-15,21.12,33.247,5.03,,,,,0
2006-11-15,21.11,33.259,5.26,0.48,0.54,18.54,6.62,0
2006-11-15,21.42,33.541,5.12,0.49,0.12,16.47,6.59,0
2006-11-15,21.63,33.703,5.12,,,,,0
2006-11-15,21.63,33.703,5.12,,,,,0
2006-11-15,21.69,33.921,5.03,0.44,0.11,9.05,5.02,0
2006-11-16,21.73,33.904,5.09,0.33,0.16,11.63,4.54,0
2006-11-16,22.0,33.914,5.0,0.4,0.14,11.28,3.23,0
2006-11-16,22.21,33.944,5.03,0.43,0.09,16.95,5.03,0
2006-11-16,22.36,33.976,4.92,0.91,0.17,8.08,7.06,0
2006-11-16,22.19,33.993,4.8,,,,,0
2006-11-16,22.23,33.986999999999995,4.97,0.76,0.05,9.88,5.34,0
2006-11-16,22.98,34.087,5.06,0.3,0.7,4.28,4.96,0
2006-12-06,15.66,33.13,5.32,1.12,0.36,30.9,11.7,0
2006-12-06,17.83,33.47,5.38,,,,,0
2006-12-06,18.32,33.51,5.49,0.48,0.46,36.22,7.89,0
2006-12-06,18.63,33.44,5.43,0.35,0.48,22.95,8.54,0
2006-12-06,18.6,33.56,5.32,,,,,0
2006-12-06,15.69,32.9,5.58,0.79,0.45,24.37,14.93,0
2006-12-06,15.22,32.88,5.42,,,,,0
2006-12-06,14.82,32.72,5.59,0.74,0.58,11.93,16.06,0
2006-12-06,14.55,32.69,5.43,,,,,0
2006-12-06,13.63,32.55,5.6,,,,,0
2006-12-07,17.25,33.29,5.42,,,,,0
2006-12-07,17.21,33.26,5.62,0.52,0.42,12.64,9.63,0
2006-12-07,18.97,33.64,5.53,,,,,0
2006-12-07,20.34,33.69,5.7,,,,,0
2006-12-07,20.26,33.73,5.42,0.29,0.43,32.54,6.32,0
2006-12-07,20.26,33.56,5.82,,,,,0
2006-12-07,17.39,33.27,5.53,0.62,0.34,29.83,10.44,0
2006-12-07,17.31,33.24,5.72,,,,,0
2006-12-07,13.77,32.36,5.99,0.88,0.68,16.45,15.44,0
2006-12-07,13.65,32.39,5.72,,,,,0
2006-12-07,14.15,32.53,6.02,,,,,0
2006-12-07,12.6,32.22,5.83,,,,,0
2006-12-07,12.99,32.35,5.96,0.95,0.58,22.69,15.59,0
2006-12-07,15.31,32.77,5.82,,,,,0
2006-12-07,17.93,33.29,5.6,0.37,0.44,25.11,8.44,0
2006-12-07,17.35,33.13,5.42,,,,,0
2006-12-07,20.06,33.72,5.24,0.62,0.45,13.85,6.79,0
2006-12-10,20.48,33.67,5.01,0.22,,,5.6,0
2006-12-10,20.68,33.7,5.13,,,,,0
2006-12-10,20.42,33.62,5.06,0.26,0.58,,5.52,0
2006-12-10,20.35,33.49,5.1,,,,,0
2006-12-11,20.5,33.79,4.87,0.3,0.61,29.36,4.47,0
2006-12-11,20.71,33.66,5.04,,,,,0
2006-12-11,20.55,33.92,5.13,0.26,1.52,20.46,5.6,0
2006-12-11,19.94,33.33,5.1,,,,,0
2006-12-11,19.64,33.56,5.15,0.29,0.59,13.77,6.53,0
2006-12-11,19.18,33.34,5.23,,,,,0
2006-12-11,18.79,33.57,5.15,0.47,0.62,15.47,8.19,0
2006-12-11,18.81,33.62,5.42,,,,,0
2006-12-11,18.83,33.58,5.44,0.48,0.4,16.79,9.84,0
2006-12-11,18.81,33.61,5.42,,,,,0
2006-12-11,18.12,33.47,5.0,,,,,0
2006-12-11,18.29,33.02,5.06,0.8,,23.15,8.97,0
2006-12-11,11.24,33.675,6.2,0.32,0.54,4.51,7.43,0
2006-12-11,11.25,33.64,,,,,,0
2006-12-11,18.41,33.39,5.13,,,,,0
2006-12-11,11.33,33.644,,0.25,0.31,2.84,6.97,0
2006-12-11,18.68,33.31,5.19,0.46,0.1,24.27,10.18,0
2006-12-11,12.73,33.84,,,,,,0
2006-12-11,18.78,33.49,5.04,,,,,0
2006-12-11,18.52,33.33,5.08,0.5,0.38,16.03,9.69,0
2006-12-11,14.88,33.778,5.78,0.47,1.41,3.65,18.37,0
2006-12-11,18.76,33.49,5.24,,,,,0
2006-12-12,18.43,33.52,5.33,0.49,0.35,27.82,9.03,0
2006-12-12,15.06,33.84,,,,,,0
2006-12-12,17.8,33.18,5.28,,,,,0
2006-12-12,15.04,33.796,5.47,0.38,0.72,2.94,8.46,0
2006-12-12,15.82,32.57,5.39,0.57,0.48,8.84,8.56,0
2006-12-12,15.5,32.78,5.2,,,,,0
2006-12-12,15.11,32.81,5.39,0.7,0.38,22.74,11.12,0
2006-12-12,15.19,33.848,5.38,0.39,0.93,4.34,8.38,0
2006-12-12,14.54,32.67,5.21,,,,,0
2006-12-12,15.66,33.978,,,,,,0
2006-12-12,15.68,33.933,5.24,0.4,1.29,1.1,9.63,0
2006-12-12,15.85,34.094,,,,,,0
2006-12-12,15.94,33.991,5.21,0.52,0.81,3.37,12.55,0
2006-12-12,15.86,34.048,,,,,,0
2006-12-12,14.09,33.927,,0.52,0.66,1.89,12.55,0
2006-12-12,12.95,33.902,,,,,,0
2006-12-12,12.01,33.768,6.03,0.31,0.64,2.52,9.6,0
2006-12-12,12.76,33.922,,,,,,0
2006-12-13,15.53,33.864000000000004,,,,,,0
2006-12-13,12.03,33.736999999999995,,,,,,0
2006-12-13,12.07,33.732,5.96,0.39,0.64,4.57,9.98,0
2006-12-13,11.96,33.759,,,,,,0
2006-12-13,12.12,33.799,5.7,0.41,0.84,4.83,10.43,0
2006-12-13,14.31,33.966,,,,,,0
2006-12-13,16.83,34.069,,0.35,0.57,4.33,8.84,0
2006-12-13,15.95,33.855,,,,,,0
2006-12-13,16.0,33.876,5.31,0.38,0.83,4.38,7.65,0
2006-12-13,15.54,33.897,,,,,,0
2006-12-13,15.84,33.981,5.39,0.44,1.24,3.13,8.86,0
2006-12-13,15.92,33.988,5.22,0.42,0.8,7.28,9.46,0
2006-12-14,15.78,33.888000000000005,5.42,0.34,0.96,7.08,7.47,0
2006-12-14,15.96,33.864000000000004,,,,,,0
2006-12-14,16.05,34.067,5.24,0.4,0.7,5.12,8.67,0
2006-12-14,15.81,33.936,,,,,,0
2006-12-14,15.85,33.754,5.36,0.47,0.92,9.05,12.44,0
2006-12-14,15.22,33.776,,,,,,0
2006-12-14,14.97,33.736,,,,,,0
2006-12-14,16.2,34.101,,,,,,0
2006-12-14,16.48,34.109,,,,,,0
2006-12-14,17.87,34.238,5.16,0.36,0.25,6.48,9.72,0
2006-12-14,11.08,31.941,6.42,0.89,3.89,3.84,15.63,0
2006-12-14,17.91,34.212,,,,,,0
2006-12-14,11.13,32.019,,,,,,0
2006-12-14,15.64,33.93,5.39,0.39,0.46,7.73,7.98,0
2006-12-14,11.66,32.35,6.38,0.4,3.5,3.06,8.55,0
2006-12-14,15.62,33.791,,,,,,0
2006-12-14,11.33,32.398,,,,,,0
2006-12-14,11.11,32.413000000000004,5.95,0.5,3.17,2.92,9.51,0
2006-12-14,15.54,33.885,5.34,0.39,0.6,8.69,7.19,0
2006-12-14,11.04,32.355,,,,,,0
2006-12-14,15.46,33.529,,,,,,0
2006-12-14,11.48,32.273,6.41,0.04,4.56,4.45,6.42,0
2006-12-14,15.58,33.866,5.3,0.4,1.04,8.58,7.33,0
2006-12-14,11.25,32.275,6.68,,,,,0
2006-12-14,14.32,33.709,,,,,,0
2006-12-15,12.59,32.303000000000004,6.38,0.24,7.45,7.16,6.11,0
2006-12-15,14.41,33.783,5.73,0.31,0.75,5.78,7.07,0
2006-12-15,12.36,32.309,6.47,0.24,5.66,5.2,8.36,0
2006-12-15,17.63,34.181999999999995,,,,,,0
2006-12-15,11.93,32.268,,,,,,0
2006-12-15,12.1,32.291,6.18,0.19,3.82,3.4,5.94,0
2006-12-15,17.99,34.217,,,,,,0
2006-12-15,17.3,33.371,,,,,,0
2006-12-15,12.15,32.306,,,,,,0
2006-12-15,16.39,33.575,5.23,0.45,0.89,3.25,11.6,0
2006-12-15,15.92,33.534,,,,,,0
2006-12-15,12.02,32.331,6.49,0.4,4.78,4.5,9.63,0
2006-12-15,15.54,33.462,,,,,,0
2006-12-15,11.86,32.462,,,,,,0
2006-12-15,12.28,32.397,6.21,0.54,2.38,2.12,11.32,0
2006-12-15,12.15,32.217,,,,,,0
2006-12-15,11.55,32.205,6.42,0.67,5.68,5.55,13.03,0
2006-12-19,10.84,32.383,6.51,0.74,7.82,7.2,16.02,0
2006-12-19,11.58,32.499,,,,,,0
2006-12-19,11.79,32.475,6.22,0.66,12.63,12.09,19.31,0
2006-12-19,15.31,34.068000000000005,,,,,,0
2006-12-19,15.71,34.095,,,,,,0
2006-12-19,17.65,34.243,5.56,0.4,0.88,5.44,9.53,0
2006-12-19,11.44,32.704,,,,,,0
2006-12-19,11.17,32.585,5.98,0.7,12.52,11.91,12.03,0
2006-12-19,17.25,34.254,5.38,0.37,0.43,3.51,8.88,0
2006-12-19,11.52,32.527,,,,,,0
2006-12-19,11.32,32.599000000000004,6.17,0.51,3.45,2.94,11.83,0
2006-12-19,16.56,34.205,,,,,,0
2006-12-19,11.43,32.554,,,,,,0
2006-12-19,11.56,32.544000000000004,6.35,0.43,9.79,9.53,10.6,0
2006-12-19,17.82,34.388000000000005,,,,,,0
2006-12-19,17.61,34.251999999999995,5.33,0.5,0.37,6.79,9.04,0
2006-12-19,17.66,34.258,,,,,,0
2006-12-20,11.98,32.605,6.18,0.37,7.27,6.65,10.72,0
2006-12-20,16.64,34.13,5.45,0.45,0.32,5.55,10.51,0
2006-12-20,11.77,32.619,6.22,0.46,5.0,4.55,10.8,0
2006-12-20,11.46,32.748000000000005,,,,,,0
2006-12-20,11.79,32.769,6.32,0.5,5.77,5.41,11.17,0
2006-12-20,11.64,32.879,,,,,,0
2006-12-20,11.77,32.739000000000004,5.81,1.23,9.43,9.29,13.73,0
2006-12-20,11.71,32.711,,,,,,0
2006-12-20,11.76,32.529,6.44,0.68,10.15,9.89,13.45,0
2006-12-20,10.19,32.381,,,,,,0
2006-12-20,11.35,32.481,6.81,0.8,9.54,9.21,20.16,0
2006-12-24,11.95,32.574,,,,,,0
2006-12-24,12.07,32.736999999999995,6.18,0.49,12.79,12.22,10.54,0
2006-12-24,13.02,32.668,,,,,,0
2006-12-24,12.48,32.653,6.21,0.3,11.8,11.18,8.91,0
2006-12-24,12.31,32.778,6.35,,,,,0
2006-12-24,12.79,32.349000000000004,6.18,,,,,0
2006-12-24,14.09,32.85,6.01,0.29,11.69,11.28,9.65,0
2006-12-24,14.19,32.899,,,,,,0
2006-12-24,13.95,32.833,6.19,0.31,20.89,20.49,8.99,0
2006-12-24,12.53,32.988,,,,,,0
2006-12-24,15.33,33.685,5.71,0.57,5.99,5.79,11.37,0
2006-12-25,14.36,33.626,,,,,,0
2006-12-25,15.64,33.711,5.78,0.46,14.51,14.27,10.78,0
2006-12-25,14.32,33.338,,,,,,0
2007-02-04,7.6,32.435,6.6933,,,,,0
2007-02-04,5.39,32.007,6.9924,0.9325,0.0373,20.241,17.2884,0
2007-02-04,6.75,32.403,,,,,,0
2007-02-04,7.04,32.504,6.7218,1.2088,0.1547,13.8302,12.7721,0
2007-02-04,6.66,32.513000000000005,,,,,,0
2007-02-04,6.74,32.631,6.7076,0.6836,0.263,12.0092,12.8344,0
2007-02-04,7.17,32.709,,,,,,0
2007-02-05,7.26,32.65,6.4512,0.5557,0.3914,8.748,12.3377,0
2007-02-05,7.7,32.586,6.5936,0.4048,0.3921,6.2704,10.0682,0
2007-02-05,7.78,32.669000000000004,6.437,0.5277,0.4102,8.373,11.2484,0
2007-02-05,7.83,32.689,,,,,,0
2007-02-05,7.62,32.659,6.3658,0.5519,0.3586,7.4875,11.4529,0
2007-02-05,8.1152,34.1271,6.4,0.5482,0.3648,6.3646,10.9556,0
2007-02-05,8.684,34.106,,,,,,0
2007-02-05,7.44,32.708,,,,,,0
2007-02-05,8.4734,34.0884,6.3997,0.4452,0.3237,5.7403,6.96,0
2007-02-05,7.17,32.564,6.7788,0.7227,0.1644,11.7049,12.7505,0
2007-02-05,8.7605,34.1342,,,,,,0
2007-02-05,6.97,32.285,,,,,,0
2007-02-05,7.27,32.361,6.8357,0.7324,0.2725,11.7995,13.4428,0
2007-02-05,7.6638,33.9983,6.5519,0.5323,0.3212,7.7292,11.0302,0
2007-02-05,12.52,33.456,6.17,0.731,0.483,12.194,6.895,0
2007-02-05,6.27,32.172,,,,,,0
2007-02-05,14.96,33.82,6.0,,,,,0
2007-02-05,5.86,32.161,7.1775,0.8468,0.1481,15.7984,16.2205,0
2007-02-05,8.0221,34.0362,,,,,,0
2007-02-05,15.53,33.875,5.9,0.45,0.489,7.2479999999999976,5.638,0
2007-02-05,12.2607,34.2517,6.1878,0.4058,0.4815,5.3503,6.7597,0
2007-02-05,14.86,33.751999999999995,6.35,0.629,0.262,8.961,6.854,0
2007-02-05,14.63,33.789,6.21,,,,,0
2007-02-05,13.0,33.496,6.19,0.541,0.446,7.711,5.791,0
2007-02-05,11.79,33.519,6.21,,,,,0
2007-02-05,9.505,34.2715,6.5322,0.2855,0.4524,5.0516,7.5126,0
2007-02-06,11.06,33.279,6.24,0.6990000000000001,0.3670000000000001,11.617,8.913,0
2007-02-06,8.1018,34.0789,,,,,,0
2007-02-06,10.02,33.212,6.18,,,,,0
2007-02-06,12.35,33.549,6.08,,,,,0
2007-02-06,12.1651,34.2725,6.0542,0.3,0.5388,4.9021,6.376,0
2007-02-06,10.28,33.164,5.82,,,,,0
2007-02-06,14.93,33.842,5.86,0.53,0.297,10.843,6.441,0
2007-02-06,12.4375,34.0986,,,,,,0
2007-02-06,14.81,33.526,5.92,,,,,0
2007-02-06,12.4664,34.1481,6.0542,0.2894,0.3997,6.9602,7.0363,0
2007-02-06,15.87,33.883,5.63,,,,,0
2007-02-06,12.7494,34.2452,,,,,,0
2007-02-06,16.11,33.78,5.66,0.55,0.43,8.566,5.058,0
2007-02-06,12.6476,34.2534,5.9102,0.3801,0.6345,6.6003,7.6426,0
2007-02-06,6.16,32.276,7.0778,0.7754,0.4468,15.0592,15.0195,0
2007-02-06,16.21,33.898,5.98,,,,,0
2007-02-06,7.16,32.417,,,,,,0
2007-02-06,15.47,33.853,6.0,0.392,0.181,7.2410000000000005,6.8729999999999976,0
2007-02-06,12.1382,34.2865,,,,,,0
2007-02-06,7.89,32.551,6.7503,0.7727,0.4167,10.812000000000001,9.9633,0
2007-02-06,14.33,33.917,6.42,,,,,0
2007-02-06,11.8123,34.2795,5.7997,0.4272,0.4385,6.2,7.8882,0
2007-02-06,8.25,32.743,,,,,,0
2007-02-06,10.4647,34.2289,,,,,,0
2007-02-06,14.31,33.713,6.92,0.278,0.149,4.52,2.89,0
2007-02-06,8.2,32.707,6.4512,0.8155,0.1811,11.9758,14.7041,0
2007-02-06,12.96,33.641,6.82,,,,,0
2007-02-06,10.79,33.296,6.8,,,,,0
2007-02-06,7.99,32.706,,,,,,0
2007-02-06,9.19,32.985,6.14,,,,,0
2007-02-06,12.6245,34.2526,,,,,,0
2007-02-06,12.6327,34.2692,6.0617,0.3638,0.4989,7.5413,8.1125,0
2007-02-06,10.1,33.173,6.23,0.517,0.545,9.94,10.807,0
2007-02-06,8.12,32.736999999999995,6.0952,0.7413,0.4542,9.9657,13.656,0
2007-02-06,12.4396,34.2397,,,,,,0
2007-02-06,11.52,33.262,6.13,,,,,0
2007-02-06,13.6692,34.3428,6.0934,0.308,0.5172,5.0556,5.8024,0
2007-02-06,8.19,32.792,,,,,,0
2007-02-06,8.19,32.511,6.7076,0.4396,0.3973,6.6374,9.6909,0
2007-02-06,16.41,33.876,5.52,0.43,0.35700000000000004,6.056,8.085,0
2007-02-06,12.5638,34.0312,,,,,,0
2007-02-06,8.1,32.631,6.7361,,,,,0
2007-02-06,16.92,33.856,5.42,,,,,0
2007-02-06,12.5692,34.1326,5.7743,0.5109,0.6101,8.2395,6.4956,0
2007-02-06,16.88,33.894,5.38,0.544,0.328,6.05,5.5429999999999975,0
2007-02-06,8.45,32.65,6.6648,0.4453,0.3928,6.5466,10.2601,0
2007-02-06,12.5693,34.1263,,,,,,0
2007-02-06,9.07,32.939,6.1379,0.7106,0.3518,10.121,13.0833,0
2007-02-06,12.5593,34.1999,5.9186,0.3614,0.5591,5.6995,6.0313,0
2007-02-07,8.61,32.9,,,,,,0
2007-02-07,8.71,32.933,6.1094,0.922,0.2302,11.1841,15.4697,0
2007-02-07,11.8998,34.1724,,,,,,0
2007-02-07,8.82,32.884,,,,,,0
2007-02-07,8.8831,34.0843,6.9178,0.3833,0.4421,6.3364,8.0452,0
2007-02-07,8.75,32.817,6.4655,1.0346,0.3022,13.5133,15.9448,0
2007-02-07,9.3292,34.0899,,,,,,0
2007-02-07,8.63,32.736999999999995,,,,,,0
2007-02-07,10.3284,34.1237,6.1412,0.5487,0.5625,7.3696,7.2196,0
2007-02-07,7.13,32.469,6.38,0.8106,0.3858,11.5483,12.4639,0
2007-02-07,16.78,33.919000000000004,5.82,0.6659999999999999,0.413,9.117,5.2970000000000015,0
2007-02-07,11.7859,34.2124,6.1966,,,,,0
2007-02-07,16.82,33.918,5.9,,,,,0
2007-02-07,16.38,33.948,5.6,0.5760000000000001,0.5760000000000001,7.827000000000001,3.374,0
2007-02-07,6.73,32.444,,,,,,0
2007-02-07,11.4397,34.1905,6.0811,,,,,0
2007-02-07,8.27,32.633,6.6221,0.8258,0.129,11.5892,13.1052,0
2007-02-07,16.64,33.931,5.53,,,,,0
2007-02-07,12.3924,34.1578,5.8894,0.2291,0.378,7.2876,5.8565,0
2007-02-07,10.64,32.53,,0.2279,0.1428,8.1593,12.5104,0
2007-02-07,16.94,33.985,5.81,0.502,0.41,9.388,3.378,0
2007-02-07,12.555,34.1734,,,,,,0
2007-02-07,11.5,33.3,6.5579,0.2735,0.2843,6.3593,11.9315,0
2007-02-07,12.3745,34.2099,5.7156,0.2201,0.4854,5.3165,5.9494,0
2007-02-07,17.12,33.949,5.42,,,,,0
2007-02-07,17.41,33.927,5.39,0.593,0.312,11.698,4.807,0
2007-02-07,12.1937,34.1656,,,,,,0
2007-02-07,12.94,33.95,6.3117,0.461,0.1961,6.2049,12.8236,0
2007-02-07,17.21,33.912,5.28,,,,,0
2007-02-07,12.3911,34.1679,5.8445,0.2758,0.3386,7.0328,5.776,0
2007-02-07,14.57,33.93,6.0394,0.4559,0.2289,5.1212,11.5898,0
2007-02-07,16.72,33.848,5.46,0.535,0.064,9.892000000000001,5.996,0
2007-02-07,15.11,33.86,5.9036,0.5522,0.2863,4.5888,11.3051,0
2007-02-07,12.5605,34.2045,,,,,,0
2007-02-07,15.82,34.24,5.8641,0.5218,0.2987,12.3477,11.0963,0
2007-02-07,14.3539,34.403,5.6949,0.1893,0.7823,4.7925,4.2245,0
2007-02-08,12.4753,34.2869,,,,,,0
2007-02-08,16.28,34.3,5.752999999999999,0.532,0.0812,14.7363,12.3206,0
2007-02-08,12.331,34.2708,5.9458,0.3076,0.5489999999999999,6.7374,7.1735,0
2007-02-08,16.6,34.38,5.6441,0.461,0.1735,5.3543,9.7486,0
2007-02-08,12.2267,34.2824,,,,,,0
2007-02-08,11.9974,34.2738,,,,,,0
2007-02-08,16.95,34.48,5.4833,0.6131,0.2597,5.0928,13.1178,0
2007-02-08,17.15,34.43,5.9683,0.5522,0.3848,7.5537,10.4604,0
2007-02-08,17.06,34.4,5.5568,0.2786,0.2556,7.6011,7.7272,0
2007-02-08,17.08,34.4,5.4084,0.532,0.3397,6.8974,10.5743,0
2007-02-08,17.05,34.36,5.4635,0.6512,0.456,6.7808,14.4833,0
2007-02-08,16.65,34.29,5.567,0.9993,0.3355,6.8311,10.9566,0
2007-02-08,16.35,34.24,5.7623,,0.358,7.9172,15.5945,0
2007-02-08,15.69,34.11,5.9471,,0.5867,6.0662,18.7538,0
2007-02-08,14.96,32.9,6.0093,1.1786,0.6214,4.402,10.0199,0
2007-02-08,14.12,33.98,6.1988,,0.5479,5.8123,13.6108,0
2007-02-08,11.79,33.5,6.3768,1.1417,0.409,8.6525,10.3229,0
2007-02-08,10.67,32.82,6.5444,,0.4744,11.9872,18.2763,0
2007-02-09,10.25,32.46,6.5269,1.1733,0.5867,10.1225,18.3038,0
2007-02-09,10.36,32.36,6.6642,1.3052,0.6255,10.6761,17.1375,0
2007-02-09,11.14,32.81,6.3848,1.2155,0.6234,19.609,23.9795,0
2007-02-09,11.22,32.87,6.3973,0.9202,0.5785,16.3916,18.4324,0
2007-02-09,11.4,33.14,6.3609,,0.5765,16.1813,13.2985,0
2007-02-09,15.89,33.78,5.7,,,,,0
2007-02-09,11.1,32.97,6.4389,0.9096,0.6071,10.6913,18.414,0
2007-02-09,15.66,33.762,5.89,0.654,0.093,10.774000000000001,8.2,0
2007-02-09,11.75,33.4,6.3661,,0.6908,10.6012,12.9036,0
2007-02-09,15.42,33.686,5.87,,,,,0
2007-02-09,13.53,33.93,6.1409,0.7672,0.7541,7.5532,,0
2007-02-09,14.55,33.598,5.86,0.5670000000000001,0.065,9.456,7.961,0
2007-02-09,14.72,33.98,5.8993,,0.5949,5.4839,,0
2007-02-09,14.3,33.669000000000004,5.72,,,,,0
2007-02-09,15.89,34.2,5.8143,0.5668,0.7194,7.1599,10.5066,0
2007-02-09,16.24,34.12,5.7536,,0.7562,5.2785,16.7517,0
2007-02-09,13.52,33.537,5.98,0.63,0.029,9.922,8.271,0
2007-02-09,17.26,33.87,5.5118,0.551,0.9992,5.0796,,0
2007-02-09,12.21,33.38,6.0,0.617,0.015,10.189,8.107000000000001,0
2007-02-10,13.57,33.617,5.72,,,,,0
2007-02-10,14.01,33.716,5.86,0.695,0.011,12.03,10.731,0
2007-02-10,14.3,33.784,5.72,,,,,0
2007-02-10,14.46,33.792,5.68,0.565,0.019,9.931000000000001,5.977,0
2007-02-10,14.71,33.82,5.6,,,,,0
2007-02-10,14.82,33.806999999999995,5.63,0.47700000000000004,0.044,8.232999999999999,7.36,0
2007-02-10,15.11,33.761,5.6,,,,,0
2007-02-10,15.17,33.809,5.6,0.6559999999999999,0.073,7.735,6.877000000000002,0
2007-02-10,15.39,33.832,5.51,,,,,0
2007-02-11,12.2694,34.2484,,,,,,0
2007-02-11,12.1468,34.2284,,,,,,0
2007-02-11,12.7221,34.2675,5.9739,0.5154,0.6279,7.7410000000000005,9.4157,0
2007-02-11,12.9688,34.2709,,,,,,0
2007-02-11,12.5173,34.1862,6.0544,0.3081,0.4805,7.4726,6.1599,0
2007-02-11,12.4233,34.1565,,,,,,0
2007-02-11,13.1392,34.2828,5.976,0.1784,0.6893,5.8621,4.4887,0
2007-02-11,12.7902,34.1959,,,,,,0
2007-02-11,12.8072,34.2186,5.9733,0.2675,0.5114,7.1641,5.1417,0
2007-02-12,12.5278,34.1653,5.96,,,,,0
2007-02-12,12.5769,34.1671,5.9165,,,,6.3766,0
2007-02-12,8.86,32.78,,,,,,0
2007-02-12,12.4302,34.1568,,,,,,0
2007-02-12,14.73,33.806,5.63,0.457,0.062,9.187999999999999,6.745,0
2007-02-12,9.61,32.958,5.9386,0.7516,0.1745,11.5772,12.9743,0
2007-02-12,14.52,33.85,5.6,,,,,0
2007-02-12,11.4713,34.1778,6.3392,,,,5.5648,0
2007-02-12,9.68,32.969,,,,,,0
2007-02-12,14.15,33.799,5.68,0.306,0.045,7.8329999999999975,9.036,0
2007-02-12,12.4889,34.2187,,,,,,0
2007-02-12,9.56,32.952,5.9955,0.6547,0.191,9.9398,12.6964,0
2007-02-12,11.79,33.177,5.52,,,,,0
2007-02-12,13.6859,34.3653,5.8863,0.247,0.74,4.092,5.95,0
2007-02-12,9.63,32.953,6.1522,,,,,0
2007-02-12,13.7257,34.3515,,,,,,0
2007-02-12,13.2827,34.2046,,,,,,0
2007-02-12,13.1017,34.2732,,,,,,0
2007-02-12,13.3666,34.2346,6.0,,,,,0
2007-02-12,14.3941,34.3787,5.5522,,,,7.1984,0
2007-02-12,11.59,33.435,6.1522,,,,,0
2007-02-12,12.11,33.636,6.1094,0.5919,0.0089,8.85,13.2273,0
2007-02-12,14.6124,34.4162,,,,,,0
2007-02-12,12.1379,34.1819,6.0899,,,,5.5577,0
2007-02-12,10.82,33.136,,,,,,0
2007-02-12,10.79,33.183,6.1522,0.6614,0.0877,9.8066,13.8544,0
2007-02-12,13.413,34.2948,4.9595,,,,,0
2007-02-12,10.73,32.834,,,,,,0
2007-02-12,9.79,32.986999999999995,6.3231,0.7138,0.1075,11.1731,15.5471,0
2007-02-12,9.52,32.963,,,,,,0
2007-02-12,14.8739,34.4853,5.3835,,,,,0
2007-02-12,12.21,33.743,5.8673,0.5686,0.1078,9.9199,13.4685,0
2007-02-12,12.51,33.841,,,,,,0
2007-02-13,14.3793,34.4615,5.756,,,,5.1320000000000014,0
2007-02-13,14.8352,34.4646,,,,,,0
2007-02-13,12.7492,34.2029,5.7769,,,,10.959,0
2007-02-19,7.42,32.917,6.5696,,,,,0
2007-04-05,11.3591,34.256,5.7138,0.0573,0.3814,6.6056,6.8125,0
2007-04-05,11.0741,34.2499,6.0938,0.1149,0.3386,7.2976,12.1135,0
2007-04-05,11.1716,34.2415,5.5015,,,,,0
2007-04-05,12.956,34.3539,5.5435,,0.2679,3.6426,8.6176,0
2007-04-05,14.095999999999998,34.4785,6.1729,,,,,0
2007-04-05,12.9462,33.8567,4.8945,0.0637,0.5164,3.8426,6.7172,0
2007-04-05,11.3591,34.256,5.7138,,,,,0
2007-04-06,12.3191,34.402,4.9452,0.0622,0.7464,5.5676,7.9089,0
2007-04-06,12.2035,34.3623,5.7065,,,,,0
2007-04-06,11.6418,34.3111,5.4289999999999985,0.0906,0.4771,6.9793,8.6708,0
2007-04-06,13.058,34.4132,5.1803,,,,,0
2007-04-06,6.4,31.824,7.0225,0.9939,0.1987,14.5644,15.658,0
2007-04-06,13.1434,34.4217,5.6255,0.1021,0.6207,3.5646,8.7572,0
2007-04-06,6.62,32.119,,,,,,0
2007-04-06,13.1593,34.3591,4.5639,,,,,0
2007-04-06,6.67,32.393,7.6041,0.7985,0.3126,14.2389,13.4437,0
2007-04-06,13.3359,34.3539,5.1269,0.0207,0.5007,5.1115,8.258,0
2007-04-06,7.35,32.331,,,,,,0
2007-04-06,7.36,32.55,7.5048,0.7624,0.292,11.2289,12.5288,0
2007-04-06,13.2988,34.3833,5.9473,,,,,0
2007-04-06,11.1979,34.106,5.745,0.0852,0.4336,6.8034,11.7758,0
2007-04-06,7.97,32.664,,,,,,0
2007-04-06,8.18,32.615,7.3488,0.7087,0.2528,7.7454,11.4803,0
2007-04-06,10.7867,34.1171,5.3902,,,,,0
2007-04-06,10.6929,34.1872,5.6703,0.1152,0.4771,6.6619,10.5353,0
2007-04-06,10.9948,34.1966,6.0936,,,,,0
2007-04-06,7.75,32.289,7.3913,,,,,0
2007-04-06,11.3071,34.2365,5.0054,0.0912,0.2686,4.4662,9.8501,0
2007-04-06,11.8105,34.2981,6.2749,,,,,0
2007-04-06,8.6,32.543,8.2709,0.2102,0.0775,0.3843,7.296,0
2007-04-06,13.6457,34.3608,5.0887,0.0182,0.1407,2.7437,8.2994,0
2007-04-06,7.8,32.576,7.8027,0.3235,0.2498,3.9192,10.5449,0
2007-04-06,12.4756,34.3432,5.4125,,,,,0
2007-04-07,7.86,32.672,,,,,,0
2007-04-07,8.27,32.675,7.6751,0.3298,0.0309,4.5509,11.3148,0
2007-04-07,11.7343,34.341,5.4731,0.3754,0.3221,3.5163,8.0741,0
2007-04-07,7.78,32.74,,,,,,0
2007-04-07,13.0231,34.3821,4.7381,,,,,0
2007-04-07,7.68,32.577,7.4481,0.6859,0.0746,11.210999999999999,13.0773,0
2007-04-07,7.75,32.488,,,,,,0
2007-04-07,10.2255,34.2217,5.4571,0.0604,0.1043,2.7892,6.2911,0
2007-04-07,7.97,32.287,7.2778,0.8684,0.0933,12.9614,14.9545,0
2007-04-07,7.5,32.278,,,,,,0
2007-04-07,7.74,32.246,7.6041,0.5437,0.2593,10.8594,10.3942,0
2007-04-07,9.6551,34.2259,4.4435,0.5635,0.1757,3.1653,7.8389,0
2007-04-07,12.587,34.4696,4.387,,,,,0
2007-04-07,12.5023,34.3336,4.5344,0.7334,0.3864,3.2044,7.2005,0
2007-04-07,13.0476,34.396,4.9218,,,,,0
2007-04-07,13.804,34.3768,4.3262,0.6514,0.1543,2.0972,6.3294,0
2007-04-07,11.1882,33.9956,5.2579,,,,,0
2007-04-07,13.2753,34.2967,4.9414,,,,,0
2007-04-07,11.9398,34.1435,4.3154,,0.3886,7.6367,13.9021,0
2007-04-07,11.6689,34.1648,4.46,,,,,0
2007-04-07,11.5299,34.0895,4.04,,,,,0
2007-04-08,8.07,32.274,7.8453,0.4726,0.3312,0.7656,8.9135,0
2007-04-08,7.89,32.283,,,,,,0
2007-04-08,8.32,32.528,7.0083,0.7563,0.5608,1.5983,12.3726,0
2007-04-08,8.65,32.675,,,,,,0
2007-04-08,8.17,32.696,7.1218,0.5829,0.1994,0.1598,10.8722,0
2007-04-08,9.03,32.707,,,,,,0
2007-04-08,9.3,32.712,8.2709,0.179,0.0585,0.2949,6.3297,0
2007-04-08,9.01,32.766,,,,,,0
2007-04-08,9.21,32.578,9.2356,0.0889,0.0143,0.597,1.2332,0
2007-04-08,9.37,32.519,9.1789,,,,,0
2007-04-08,9.55,32.715,8.1148,0.4959,0.0207,1.0808,0.1565,0
2007-04-08,9.55,32.851,7.8595,0.095,0.1883,0.5912,0.9069,0
2007-04-09,9.72,32.804,,,,,,0
2007-04-09,9.85,32.842,8.8809,0.1295,0.1476,1.3809,4.7358,0
2007-04-09,9.49,32.806,,,,,,0
2007-04-09,9.14,32.746,7.0225,0.8444,0.2357,11.7436,14.349,0
2007-04-09,8.85,32.418,,,,,,0
2007-04-09,9.11,32.24,6.837999999999999,0.9067,0.3437,14.5103,18.5795,0
2007-04-09,9.34,32.756,,,,,,0
2007-04-09,9.49,32.716,6.8238,0.976,0.208,12.8628,21.8273,0
2007-04-09,13.5199,34.3112,5.2,,,,,0
2007-04-09,14.424,34.3368,6.4113,,,,,0
2007-04-09,15.1817,34.519,5.8117,,0.1243,0.8915,3.4622,0
2007-04-09,14.6572,34.4641,5.5178,,,,,0
2007-04-09,12.7535,34.3574,6.2151,0.2169,0.2086,4.9383,8.5072,0
2007-04-09,12.7273,34.3478,5.9707,,,,,0
2007-04-09,12.6609,34.3515,5.95,0.2161,0.1886,3.2804,5.8759,0
2007-04-10,12.5875,34.3433,5.8965,,,,,0
2007-04-10,12.3704,34.3632,5.6785,0.2015,0.125,3.2643,6.4798,0
2007-04-10,13.1935,34.43,6.1217,,,,,0
2007-04-10,12.2695,34.3757,5.9529999999999985,0.1483,0.1929,2.0763,5.0156,0
2007-04-10,12.5104,34.3598,6.1755,,,,,0
2007-04-10,9.59,32.732,,,,,,0
2007-04-10,12.7063,34.3676,5.8334,0.2128,0.18,3.718,5.3576,0
2007-04-10,15.2486,34.5414,5.8759,,,,,0
2007-04-10,10.41,32.806,7.5899,0.8521,0.4497,8.3814,20.6193,0
2007-04-10,15.0333,34.5274,5.0897,0.1698,0.3064,3.4588,6.7157,0
2007-04-10,10.47,32.91,,,,,,0
2007-04-10,13.9047,34.3902,5.3693,,,,,0
2007-04-10,13.5247,34.2802,5.4871,,,,,0
2007-04-10,10.95,33.052,8.5263,,,,,0
2007-04-10,11.63,33.047,8.5404,0.2176,0.0592,1.3046,2.2538,0
2007-04-10,10.95,32.928000000000004,,,,,,0
2007-04-10,10.62,33.012,9.1079,0.1445,0.0939,1.4919,2.6477,0
2007-04-10,10.77,32.825,,,,,,0
2007-04-11,9.72,32.853,7.1643,0.7214,0.1695,10.7899,13.6921,0
2007-04-11,10.92,32.841,,,,,,0
2007-04-11,10.76,32.872,6.7104,0.8065,0.2345,13.3763,17.2531,0
2007-04-11,9.83,32.873000000000005,,,,,,0
2007-04-11,14.5529,34.4258,5.7143,,,,,0
2007-04-11,14.4893,34.3503,5.6714,,,,,0
2007-04-11,13.54,33.55,7.11,1.109,0.238,11.437999999999999,8.22,0
2007-04-11,15.3944,34.5525,5.379,0.1716,0.3364,5.6598,8.5244,0
2007-04-11,15.01,33.62,,,,,,0
2007-04-11,10.5,32.864000000000004,7.973,0.2354,0.1373,0.7995,3.3434,0
2007-04-11,15.83,33.97,5.56,1.5919999999999999,0.535,9.262,9.125,0
2007-04-11,15.3723,34.5443,5.754,,,,,0
2007-04-11,13.0411,34.3428,5.3521,0.1282,0.0936,12.2615,6.2858,0
2007-04-11,15.2236,34.4971,5.2162,,,,,0
2007-04-11,10.9,32.757,7.6325,,,,,0
2007-04-11,15.6413,34.5575,5.9729,,,,,0
2007-04-11,15.17,33.61,6.07,0.927,0.204,5.497000000000001,6.515,0
2007-04-11,15.9019,34.6119,5.3859,0.2066,0.3164,3.7185,7.4183,0
2007-04-11,14.41,33.65,,,,,,0
2007-04-11,14.7228,34.3619,5.9655,,,,,0
2007-04-11,12.52,33.5,6.76,1.284,0.116,5.05,4.938,0
2007-04-11,13.4072,34.1673,6.6532,0.254,0.16,2.6986,6.7269,0
2007-04-11,12.79,33.48,,,,,,0
2007-04-11,12.48,33.13,6.54,1.188,0.4370000000000001,9.157,10.407,0
2007-04-11,12.48,33.12,,,,,,0
2007-04-11,12.33,32.87,,,,,,0
2007-04-11,13.33,33.31,,,,,,0
2007-04-12,13.99,33.52,6.51,1.611,0.535,8.777000000000001,9.688,0
2007-04-12,15.85,33.96,,,,,,0
2007-04-12,16.54,33.92,,,,,,0
2007-04-12,16.71,34.12,5.87,1.21,0.41,3.341,4.265,0
2007-04-12,15.0,33.75,,,,,,0
2007-04-12,14.09,33.55,5.91,0.9159999999999999,0.369,10.882,9.758,0
2007-04-12,13.65,33.48,,,,,,0
2007-04-12,12.33,32.94,6.52,1.004,0.335,9.831,11.757,0
2007-04-12,12.58,33.0,,,,,,0
2007-04-12,12.44,33.09,,,,,,0
2007-04-12,12.64,33.15,,,,,,0
2007-04-12,12.78,33.46,6.57,0.7959999999999999,0.181,8.31,9.567,0
2007-04-12,13.25,33.34,,,,,,0
2007-04-12,14.82,33.61,6.15,0.7240000000000001,0.253,8.322000000000001,7.444,0
2007-04-14,15.34,33.99,,,,,,0
2007-04-14,16.41,33.94,5.24,0.413,0.397,10.946,4.5760000000000005,0
2007-04-14,16.35,33.95,5.6,0.652,0.507,5.141,3.522,0
2007-04-14,16.6,33.94,,,,,,0
2007-04-14,16.62,33.92,5.39,1.64,0.245,6.1960000000000015,6.58,0
2007-04-14,16.93,33.98,,,,,,0
2007-04-14,18.73,34.06,5.28,1.3230000000000002,0.231,5.0089999999999995,4.9460000000000015,0
2007-04-14,17.23,33.95,,,,,,0
2007-04-14,16.97,33.94,5.83,1.382,0.618,3.274,2.739,0
2007-04-14,16.8,33.9,,,,,,0
2007-04-15,16.07,33.89,5.69,0.775,0.37200000000000005,5.064,4.887,0
2007-04-15,15.62,33.74,,,,,,0
2007-04-15,15.25,33.72,5.87,1.327,0.215,6.431,7.051,0
2007-04-17,14.63,33.65,,,,,,0
2007-04-17,14.36,33.59,5.98,1.237,0.166,4.317,6.2189999999999985,0
2007-04-17,13.49,33.32,,,,,,0
2007-04-17,12.66,33.21,,,,,,0
2007-04-17,12.31,32.91,6.71,0.963,,3.509,4.202,0
2007-04-17,12.42,32.88,,,,,,0
2007-04-17,12.17,32.82,6.92,1.161,0.153,4.057,8.212,0
2007-04-17,13.15,33.25,,,,,,0
2007-04-18,13.76,33.5,6.34,1.232,0.139,3.403,1.994,0
2007-04-18,14.28,33.46,,,,,,0
2007-04-18,14.61,33.65,6.21,1.225,0.305,6.102,6.414,0
2007-04-18,15.06,33.78,,,,,,0
2007-04-18,14.35,33.61,5.98,0.82,0.21600000000000003,5.2879999999999985,3.804,0
2007-04-18,13.65,33.45,,,,,,0
2007-04-18,11.49,32.92,6.51,0.6809999999999999,0.183,14.325,11.815,0
2007-04-18,10.68,32.63,,,,,,0
2007-05-08,15.41,32.27,5.9389,0.6809,0.8398,12.4271,14.1785,0
2007-05-08,15.17,32.39,5.8247,0.1129,0.2325,3.7137,11.7832,0
2007-05-09,14.79,32.4,6.272,0.1149,0.1385,3.4574,11.4257,0
2007-05-09,15.89,33.06,6.3029,0.0814,0.0015,0.2002,6.8218,0
2007-05-09,15.97,33.57,6.3293,0.0349,0.2477,0.4248,5.9461,0
2007-05-09,18.12,34.2,5.6026,0.0502,0.0181,0.3051,4.7331,0
2007-05-09,17.73,33.87,5.5447,0.0594,0.5303,1.0388,4.1262,0
2007-05-09,17.78,33.77,5.7674,0.4178,0.0748,10.8237,11.3836,0
2007-05-09,19.78,34.21,5.3771,0.069,0.0053,0.6959,2.7189,0
2007-05-09,19.09,33.81,5.516,0.1113,0.7225,3.374,3.4558,0
2007-05-09,19.09,33.81,5.5728,0.0798,0.0153,0.9577,3.1328,0
2007-05-09,18.68,33.61,5.4894,0.0783,0.0804,0.6772,3.5782,0
2007-05-09,18.33,33.53,5.6859,0.077,0.006,0.9337,3.574,0
2007-05-09,17.49,34.03,5.6014,0.0666,0.0221,0.1599,5.0128,0
2007-05-09,15.81,33.26,6.3021,0.1342,0.19699999999999998,1.9927,4.0236,0
2007-05-09,15.3,32.82,6.4973,0.0349,0.1028,0.8298,6.0428,0
2007-05-10,14.93,32.57,6.4973,0.0464,0.7222,1.7646,11.406,0
2007-05-10,14.31,32.57,6.7488,0.0424,1.7442,7.4637,13.35,0
2007-05-10,14.54,32.61,6.1895,0.0447,0.506,3.1735,10.5744,0
2007-05-10,13.95,32.27,5.9087,0.2411,0.5393,6.2438,6.4235,0
2007-05-10,14.58,31.55,5.9375,0.1012,1.3455,10.6978,9.4752,0
2007-05-10,14.98,32.28,5.938,0.0304,1.7766,6.6437,6.3257,0
2007-05-10,14.93,32.42,6.1572,0.0574,0.9054,7.5245,9.57,0
2007-05-10,15.37,32.85,6.6889,0.0204,0.1756,0.9496,11.4997,0
2007-05-10,15.46,32.73,7.2544,0.0112,0.0203,0.6095,9.4226,0
2007-05-10,15.32,32.66,6.7169,0.0111,0.0238,0.0266,7.1621,0
2007-05-10,15.83,32.98,6.4693,0.0172,0.4358,0.3961,5.8261,0
2007-05-10,15.97,33.75,6.7777,0.0059,1.1311,1.2232,4.6402,0
2007-05-10,16.51,33.75,6.047999999999999,0.0063,0.1117,0.3815,5.5737,0
2007-05-11,18.09,33.56,6.384,0.0043,0.5956,0.5807,3.741,0
2007-05-11,18.42,33.37,5.852,0.0231,0.2851,1.2862,3.4565,0
2007-06-11,17.4315,33.7537,5.7834,0.1027,0.0191,1.2377,4.0705,0
2007-06-11,14.13,31.762,6.4398,0.6254,0.9384,12.5808,5.6323,0
2007-06-11,17.4501,33.8827,5.6984,,,,,0
2007-06-11,18.1677,34.0834,5.4436,0.0885,0.0092,1.304,3.1299,0
2007-06-11,15.74,32.038000000000004,,,,,,0
2007-06-11,18.91,32.186,6.5826,0.0644,0.0476,2.4357,1.4478,0
2007-06-11,18.2288,34.0483,5.2643,,,,,0
2007-06-11,19.6,32.25,,,,,,0
2007-06-11,19.88,32.264,6.1828,0.0239,0.0096,1.5551,1.6909999999999998,0
2007-06-11,18.2617,34.1171,5.3556,0.065,0.0215,1.5824,3.6827,0
2007-06-11,19.29,32.222,,,,,,0
2007-06-11,18.2911,34.1715,5.3367,,,,,0
2007-06-11,19.48,32.14,6.0971,0.0435,0.1741,1.2555,3.856,0
2007-06-12,19.73,32.278,5.9543,,,,,0
2007-06-12,18.3201,34.1877,5.4275,0.131,0.0305,1.2832,4.609,0
2007-06-12,20.05,32.695,6.0543,0.0835,0.0467,1.631,1.745,0
2007-06-12,18.96,32.511,6.04,0.0369,0.006,1.2424,1.0178,0
2007-06-12,19.27,32.314,,,,,,0
2007-06-12,18.0869,34.1234,5.3663,0.1995,0.0215,1.202,2.457,0
2007-06-12,19.86,32.389,5.8829,0.1368,0.0224,1.2557,1.3265,0
2007-06-12,20.07,32.3,,,,,,0
2007-06-12,18.6956,34.2667,5.2041,,,,,0
2007-06-12,20.16,32.228,6.0114,0.0401,0.0032,0.9874,3.4556,0
2007-06-12,18.8465,34.2514,5.2476,0.0909,0.0543,1.3906,2.6564,0
2007-06-12,19.9,32.46,,,,,,0
2007-06-12,19.49,32.549,6.1685,0.0343,0.0062,1.1681,5.433,0
2007-06-12,18.5421,34.2502,5.2604,,,,,0
2007-06-12,17.25,32.239000000000004,,,,,,0
2007-06-12,17.41,32.156,6.1971,0.07,0.0318,1.6092,3.7498,0
2007-06-12,19.1081,34.1601,5.3089,0.0596,0.027000000000000003,1.347,3.6861,0
2007-06-12,18.2401,34.1245,5.4134,,,,,0
2007-06-12,18.2823,33.9723,5.3949,0.0725,0.0142,1.3098,3.3887,0
2007-06-12,18.0534,34.1321,5.4941,,,,,0
2007-06-12,17.1127,34.0447,5.7309,0.0935,0.0087,1.6441,3.3680000000000003,0
2007-06-12,14.9832,34.0134,6.2278,,,,,0
2007-06-12,10.2795,34.1263,6.4725,,,,,0
2007-06-12,11.7261,34.151,6.1524,0.1138,0.1709,1.5098,4.5527,0
2007-06-13,13.4571,34.1787,5.8428,,,,,0
2007-06-13,18.3366,33.9414,5.3742,0.0631,0.1351,1.6803,4.6994,0
2007-06-13,18.4643,33.9693,5.4767,,,,,0
2007-06-13,19.159,34.1882,5.3036,0.1039,0.0507,1.5614,3.2919,0
2007-06-13,18.4813,34.283,5.0348,,,,,0
2007-06-13,18.8611,34.2014,4.8592,0.0758,0.0754,1.6804,2.6883,0
2007-06-13,19.51,31.8,6.2256,0.2273,0.0031,1.2698,0.764,0
2007-06-13,18.9778,34.2313,5.2121,,,,,0
2007-06-13,18.92,32.281,,,,,,0
2007-06-13,17.715,34.0779,5.3932,0.1321,0.1339,1.6818,3.188,0
2007-06-13,20.51,32.662,6.7397,0.0175,0.0118,0.8302,3.7393,0
2007-06-13,20.15,32.582,,,,,,0
2007-06-13,20.09,32.473,5.783,0.015,0.0118,2.9323,0.4664,0
2007-06-13,19.1496,34.2582,5.2386,0.3228,0.0447,1.9203,3.3347,0
2007-06-13,19.65,32.574,,,,,,0
2007-06-13,20.04,32.369,6.1685,0.0033,0.0273,0.974,0.4089,0
2007-06-13,19.5562,34.2213,5.2421,,,,,0
2007-06-13,20.09,32.361,,,,,,0
2007-06-13,19.948,34.0171,5.2348,0.1089,0.043,2.3638,3.6547,0
2007-06-13,19.42,32.457,5.8829,0.0488,0.0112,1.2522,1.4825,0
2007-06-13,20.26,32.461,6.1114,,,,,0
2007-06-13,19.9635,33.8903,5.3524,,,,,0
2007-06-13,18.4621,33.9785,5.43,0.1841,0.0604,1.9624,2.7271,0
2007-06-13,20.26,32.972,5.5974,0.0219,0.006,1.1369,1.3849,0
2007-06-13,17.5206,34.0397,5.5554,,,,,0
2007-06-13,20.21,32.698,5.8829,0.0566,0.006,1.2801,1.4391,0
2007-06-14,17.8438,33.9752,5.5206,0.1217,0.2934,1.1191,3.1046,0
2007-06-14,20.2,32.5,,,,,,0
2007-06-14,17.3759,34.0222,5.595,,,,,0
2007-06-14,17.1377,34.0269,5.5816,,,,,0
2007-06-14,20.34,32.428000000000004,5.5688,0.1615,,1.0581,0.5408,0
2007-06-14,20.39,32.413000000000004,,,,,,0
2007-06-14,20.49,32.625,5.6259,0.038,0.0091,1.0964,2.0412,0
2007-06-14,19.96,32.71,,,,,,0
2007-06-14,18.51,32.629,5.683,0.4705,0.3568,9.2785,12.7937,0
2007-06-14,15.5,32.899,,,,,,0
2007-06-14,13.86,32.729,6.04,0.4592,0.16899999999999998,4.3865,9.2886,0
2007-06-16,17.33,32.56,,,,,,0
2007-06-16,20.34,32.523,5.6973,0.0437,0.0115,1.3356,0.9669,0
2007-06-16,20.53,32.549,,,,,,0
2007-06-16,20.56,32.599000000000004,5.7401,0.0975,0.0257,0.7778,0.7044,0
2007-06-16,20.47,32.67,5.8115,,,,,0
2007-06-16,21.83,31.609,5.9258,,,,,0
2007-06-16,20.12,32.888000000000005,5.7687,0.1159,0.0313,1.0139,2.0036,0
2007-06-16,20.28,32.982,,,,,,0
2007-06-16,20.15,32.749,5.683,0.2255,0.0152,0.9046,1.4365,0
2007-06-17,17.95,32.871,,,,,,0
2007-06-17,17.26,32.778,6.2256,0.057,0.02,1.3471,5.1267,0
2007-06-17,17.21,32.828,,,,,,0
2007-06-17,18.15,32.921,5.9829,0.189,0.0407,0.9121,5.9104,0
2007-06-17,17.13,32.981,,,,,,0
2007-06-18,17.9293,34.022,5.2498,,,,,0
2007-06-18,20.0976,33.7476,5.0083,0.2615,0.2615,1.7017,9.6201,0
2007-06-18,20.369,34.0506,4.1335,,,,,0
2007-06-18,20.2677,33.8928,5.0344,0.1646,0.0599,1.5639,4.4276,0
2007-06-18,19.4363,34.1735,5.1783,,,,,0
2007-06-18,20.3208,34.0449,5.1956,0.1455,0.0674,1.5158,4.0364,0
2007-06-18,19.841,34.1637,5.2105,,,,,0
2007-06-18,19.631,34.2174,5.2786,0.1526,0.1088,1.5492,3.1632,0
2007-06-19,19.768,34.2078,5.1987,,,,,0
2007-06-19,19.6749,34.1899,5.107,0.1497,0.0813,2.1684,2.9087,0
2007-06-19,20.5348,33.9484,4.9932,,,,,0
2007-06-19,20.0593,33.7852,5.1022,0.154,0.1431,1.6197,5.1595,0
2007-06-19,19.8686,33.7893,5.151,,,,,0
2007-06-19,19.889,33.782,5.1378,0.1955,0.1278,1.8891,5.2221,0
2007-06-19,18.0998,34.0126,5.2326,,,,,0
2007-06-19,19.85,33.144,5.22,0.032,0.11,5.533,14.129,0
2007-06-19,20.84,33.318000000000005,5.18,,,,,0
2007-06-19,21.18,33.629,5.14,0.12,0.064,4.022,11.331,0
2007-06-19,20.3,33.077,5.04,0.156,0.092,1.915,11.724,0
2007-06-19,20.24,32.501999999999995,5.32,,,,,0
2007-06-19,19.62,33.165,5.47,0.197,0.17,0.754,19.903,0
2007-06-19,18.74,33.121,5.39,,,,,0
2007-06-20,19.029,33.8641,5.2656,,,,,0
2007-06-20,19.3447,33.8484,5.2639999999999985,,,,,0
2007-06-20,19.24,33.008,5.08,0.234,0.35200000000000004,5.162000000000001,14.614,0
2007-06-20,20.0675,33.9435,5.1,,,,,0
2007-06-20,19.8554,33.8805,5.1621,,,,,0
2007-06-20,19.75,33.018,5.1,,,,,0
2007-06-20,21.189,34.2844,4.8967,0.1604,0.3529,2.0686,2.5658,0
2007-06-20,20.3,32.981,5.13,,,,,0
2007-06-20,20.9792,34.0968,4.9692,,,,,0
2007-06-20,19.53,32.982,5.13,,,,,0
2007-06-20,21.0457,34.0872,5.0001,0.1068,0.1835,1.8463,3.0914,0
2007-06-20,21.02,33.435,5.41,0.277,0.057,5.837999999999999,15.572,0
2007-06-20,21.2033,33.9899,5.0224,,,,,0
2007-06-20,21.96,33.679,5.19,,,,,0
2007-06-20,22.54,33.838,5.17,,,,,0
2007-06-20,20.8764,34.1798,5.0039,,,,,0
2007-06-20,22.39,33.773,5.11,0.058,0.04,4.046,9.848,0
2007-06-20,21.5588,34.0955,4.9898,0.223,0.2518,2.1326,3.1579,0
2007-06-20,22.16,33.805,5.23,,,,,0
2007-06-20,21.4583,34.0766,4.9844,,,,,0
2007-06-20,20.2967,33.8735,5.3032,0.355,0.1575,2.4197,6.4517,0
2007-06-20,21.35,33.119,5.15,0.118,0.061,3.0780000000000003,15.61,0
2007-06-20,21.15,33.268,5.2,,,,,0
2007-06-20,20.83,33.052,5.33,0.192,0.16399999999999998,2.028,17.989,0
2007-06-20,20.47,33.07,5.23,,,,,0
2007-06-20,20.37,32.788000000000004,5.28,,,,,0
2007-06-20,18.95,32.954,5.3,,,,,0
2007-06-20,19.86,33.045,5.41,0.175,0.311,5.6389999999999985,15.225,0
2007-06-21,20.5,33.025,5.38,,,,,0
2007-06-21,20.44,33.072,5.29,0.033,0.23199999999999998,4.955,14.138,0
2007-06-21,19.72,33.05,5.32,,,,,0
2007-06-21,19.91,33.163000000000004,5.38,0.107,0.47700000000000004,2.733,13.258,0
2007-06-25,22.05,33.173,4.95,0.431,0.06,6.851,19.122,0
2007-06-25,22.73,33.079,5.23,,,,,0
2007-06-25,22.98,33.553000000000004,5.22,0.22,0.102,5.011,13.465,0
2007-06-25,22.81,33.428000000000004,5.24,,,,,0
2007-06-25,23.41,32.905,5.15,0.131,0.14,5.323,21.149,0
2007-06-25,22.95,32.662,5.2,,,,,0
2007-06-25,23.47,33.346,4.93,0.162,0.106,10.275,14.755999999999998,0
2007-06-25,22.31,33.031,5.13,,,,,0
2007-06-25,22.37,33.018,4.98,0.114,0.077,6.097,11.317,0
2007-06-25,22.33,32.916,5.24,,,,,0
2007-06-25,22.4,32.868,5.01,0.13699999999999998,0.048,4.894,13.569,0
2007-06-26,22.18,31.436,5.17,,,,,0
2007-06-26,21.95,31.421,5.39,0.079,0.064,5.966,14.559,0
2007-06-26,21.91,31.055,5.34,,,,,0
2007-06-26,22.08,29.872,5.13,,,,,0
2007-06-26,22.58,30.143,5.16,0.056,0.11800000000000001,8.906,14.245,0
2007-06-26,22.4,30.493,5.24,,,,,0
2007-06-26,22.8,31.431,5.41,0.14800000000000002,0.095,7.706,21.473000000000006,0
2007-06-26,22.43,31.71,5.3,,,,,0
2007-06-26,22.4,31.845,5.22,0.114,0.013000000000000001,4.613,17.95,0
2007-06-26,22.23,31.634,5.28,,,,,0
2007-06-26,22.57,31.767,5.27,0.61,0.07200000000000001,0.913,16.927,0
2007-06-26,22.26,32.972,5.2,,,,,0
2007-06-26,22.0,32.554,5.08,0.165,0.39299999999999996,3.723,15.76,0
2007-06-26,20.27,32.406,5.23,,,,,0
2007-06-26,19.08,32.441,5.66,0.117,0.17300000000000001,4.45,16.493,0
2007-06-26,17.88,32.316,5.42,,,,,0
2007-08-06,29.79,32.813,8.1523,0.133,0.0134,5.5099,3.5724,1
2007-08-06,28.81,32.244,5.544,,,,,1
2007-08-06,29.18,31.996,4.8934,0.2498,0.0314,1.2465,6.4937,1
2007-08-07,28.55,30.954,5.6859,0.0319,0.0041,0.7231,9.54,1
2007-08-07,28.71,31.027,5.6006,0.0775,0.0122,0.1159,5.3891,1
2007-08-07,29.33,30.865,5.9683,0.0571,0.1036,3.2049,3.4389,1
2007-08-07,29.3,25.417,5.742000000000001,0.2181,0.2455,9.8885,4.2856,1
2007-08-07,29.68,25.864,5.7708,0.1402,,,4.3871,1
2007-08-07,29.62,27.213,5.6854,0.049,0.1604,8.7441,4.7359,1
2007-08-07,29.64,27.497,5.6022,0.1024,0.2376,7.8772,4.4295,1
2007-08-07,28.03,24.248,6.478,0.2497,,,5.6796,1
2007-08-07,28.06,28.93,6.1132,0.1115,0.1675,1.8282,4.0262,1
2007-08-07,28.99,27.19400000000001,6.0531,0.0484,0.3397,5.8911,1.8512,1
2007-08-07,28.93,28.54,5.7137,0.1484,0.1142,1.9342,1.7154,1
2007-08-07,28.34,31.015,5.1197,0.1172,0.0313,0.0527,3.8039,1
2007-08-08,28.72,30.952,5.4591,0.0652,0.0241,0.0024,3.4636,1
2007-08-08,28.81,31.021,5.0372,0.0578,0.0205,0.4104,5.8151,1
2007-08-08,28.66,31.50800000000001,4.8108,0.0378,0.006999999999999999,0.0527,8.6593,1
2007-08-08,28.71,31.706,5.8269,0.1103,0.0475,0.457,5.8729999999999976,1
2007-08-08,28.95,32.845,4.356,0.0554,0.0106,0.2789,3.8156,1
2007-08-08,29.5,32.965,3.6771,0.0947,0.0476,,1.2644,1
2007-08-08,24.19,32.18,6.71,0.07200000000000001,0.028999999999999998,12.53,8.312000000000001,1
2007-08-08,29.18,33.567,5.1486,0.1033,0.0307,0.1421,2.4805,1
2007-08-08,25.18,33.16,5.72,,,,,1
2007-08-08,25.14,31.88,5.19,0.054000000000000006,0.069,4.181,5.202000000000001,1
2007-08-08,29.18,33.567,5.0914,0.1016,0.0229,0.8349,3.6094,1
2007-08-08,28.82,31.635,5.0349,0.1302,0.0259,0.353,8.9253,1
2007-08-08,26.16,31.73,4.89,0.048,0.252,4.097,6.881,1
2007-08-08,28.82,31.146,4.9783,0.2587,0.0224,1.111,9.6794,1
2007-08-08,25.12,31.93,5.12,,,,,1
2007-08-08,28.82,30.994,5.632999999999999,0.1588,0.0164,1.0769,7.865,1
2007-08-08,24.55,32.58,5.54,0.131,0.008,14.315,6.428,1
2007-08-08,23.51,32.39,5.52,,,,,1
2007-08-08,28.36,30.983,5.3177,0.1706,0.0288,1.3913,8.326,1
2007-08-08,28.7,31.136,5.4617,0.0569,0.0174,0.1835,2.5509,1
2007-08-09,28.44,31.083,5.6006,0.039,0.0106,,4.0962,0
2007-08-09,28.49,31.045,5.2616,0.3185,,0.9792,3.8402,0
2007-08-09,27.61,31.019,5.6896,0.1158,0.003,,3.7309,0
2007-08-09,26.37,30.964,5.632999999999999,0.0485,0.3506,2.7491,3.2459,0
2007-08-09,24.94,32.08,5.62,1.278,0.027000000000000003,3.904,8.046,0
2007-08-09,24.74,32.09,4.72,,,,,0
2007-08-09,24.07,32.62,5.54,,,,,0
2007-08-09,24.17,31.88,5.48,,,,,0
2007-08-09,27.23,31.78,4.83,0.242,0.036000000000000004,3.335,5.782,0
2007-08-09,27.19,32.36,4.62,,,,,0
2007-08-09,28.38,32.35,4.64,,,,,0
2007-08-09,28.68,32.04,4.75,0.468,0.166,2.7230000000000003,7.377000000000002,0
2007-08-09,27.52,32.19,5.01,,,,,0
2007-08-09,25.03,32.13,5.14,0.083,0.012,3.466,7.194,0
2007-08-09,23.6,32.35,5.0,,,,,0
2007-08-09,24.3,32.34,4.93,0.142,0.022000000000000002,3.467,9.541,0
2007-08-09,22.7006,33.0255,6.0729,0.1468,0.1004,3.764,2.568,0
2007-08-09,24.85,32.17,5.8,,,,,0
2007-08-10,25.34,32.0,4.82,,,,,1
2007-08-10,25.3418,32.7139,5.1611,,,,,1
2007-08-10,24.04,32.32,5.82,,,,,1
2007-08-10,23.29,32.46,5.94,1.457,0.006999999999999999,3.131,9.356,1
2007-08-10,25.9097,32.3977,4.8315,0.1502,0.1192,3.6088,7.3885,1
2007-08-10,25.77,31.44,5.04,,,,,1
2007-08-10,27.2105,32.9437,4.4761,,,,,1
2007-08-10,27.88,31.04,4.78,0.264,0.006999999999999999,2.87,7.885,1
2007-08-10,27.68,31.3,4.73,,,,,1
2007-08-10,26.3086,32.7218,4.7111,,,,,1
2007-08-10,27.28,31.4,4.86,0.14300000000000002,0.024,2.866,6.202000000000001,1
2007-08-10,25.7076,32.4258,5.5786,0.2678,0.0702,2.6867,5.9535,1
2007-08-10,25.0853,32.6243,4.99,,,,,1
2007-08-10,23.4525,32.8517,6.056,0.2042,0.1185,2.6809,3.3238,1
2007-08-10,17.9336,33.7044,5.4877,,,,,1
2007-08-10,17.8892,33.5557,5.3218,,,,,1
2007-08-13,21.5,31.644,4.999,0.4021,1.4612,6.7265,6.5109,0
2007-08-13,23.29,31.621,,,,,,0
2007-08-15,24.3,31.777,5.4689999999999985,0.0652,0.1669,0.9878,3.729,0
2007-08-15,24.71,31.886,,,,,,0
2007-08-15,25.09,32.077,5.1984,0.6904,0.0968,2.0614,3.4476,0
2007-08-15,24.85,31.57,5.4405,0.1305,0.0311,2.3024,2.1587,0
2007-08-15,16.9045,33.825,5.5108,,,,,0
2007-08-15,15.2679,34.1626,4.2951,,,,,0
2007-08-15,25.06,31.5,,,,,,0
2007-08-15,19.4295,33.3955,5.541,0.2031,0.0329,2.2880000000000003,8.4846,0
2007-08-15,22.3273,33.2916,6.6496,,,,,0
2007-08-15,24.54,31.093000000000004,5.526,0.0765,0.0939,2.1065,2.809,0
2007-08-15,25.8744,33.0251,4.8637,0.1031,0.0977,5.657,5.2313,0
2007-08-15,23.95,30.868,5.8678,,,,,0
2007-08-15,26.9202,33.2346,4.6226,,,,,0
2007-08-15,27.1292,33.0647,4.5392,0.2033,0.0726,2.6482,4.0976,0
2007-08-15,26.5887,33.3261,4.5728,,,,,0
2007-08-16,24.42,31.396,5.2838,0.1278,0.1478,1.968,2.2523,1
2007-08-16,26.9078,33.29,4.5792,0.1668,0.0704,2.4805,4.3923,1
2007-08-16,26.0156,33.091,4.6898,,,,,1
2007-08-16,23.58,31.577,5.6684,0.0173,0.1533,3.0833,3.4331,1
2007-08-16,23.8727,33.0112,5.2231,0.1029,0.0558,2.7964,4.6928,1
2007-08-16,24.16,31.544,,,,,,1
2007-08-16,26.93,31.51,4.68,0.091,0.033,3.784,4.051,1
2007-08-16,21.8983,33.1164,6.3444,,,,,1
2007-08-16,24.52,31.494,5.1557,0.0676,0.0814,0.4165,2.7008,1
2007-08-16,27.56,30.95,4.54,,,,,1
2007-08-16,24.67,32.016,,,,,,1
2007-08-16,19.9601,33.3567,5.7489,0.1297,0.0391,2.1357,4.1399,1
2007-08-16,28.4,30.1,4.36,0.17800000000000002,0.048,3.091,6.278,1
2007-08-16,15.7114,34.0635,6.4065,,,,,1
2007-08-16,25.23,32.024,,,,,,1
2007-08-16,28.87,32.41,4.21,,,,,1
2007-08-16,17.9156,33.8861,6.8006,0.0756,0.0343,2.3887,0.9018,1
2007-08-16,25.19,32.074,5.2838,0.08199999999999999,0.0739,1.5867,5.3603,1
2007-08-16,17.5838,33.9066,6.9196,,,,,1
2007-08-16,15.4926,34.0361,5.8696,,,,,1
2007-08-16,24.79,31.532,,,,,,1
2007-08-16,25.77,30.257,6.8077,0.0593,0.1901,2.378,8.7921,1
2007-08-16,29.46,30.75,4.38,0.65,0.01,4.603,4.642,1
2007-08-16,28.82,29.67,4.23,,,,,1
2007-08-16,29.14,29.25,4.46,0.098,0.03,7.122000000000001,4.798,1
2007-08-16,12.1487,34.1427,6.8577,,,,,1
2007-08-16,12.1101,34.1321,6.9666,,,,,1
2007-08-16,18.2135,34.0,5.9915,0.1722,0.2279,2.6961,6.4394,1
2007-08-16,28.84,28.75,4.24,,,,,1
2007-08-16,24.8281,33.4933,5.1172,,,,,1
2007-08-16,28.65,28.92,4.36,1.816,0.018000000000000002,5.978,4.686,1
2007-08-16,25.1049,33.4724,4.7309,0.1103,0.2661,2.5976,2.9142,1
2007-08-16,28.37,28.53,4.63,,,,,1
2007-08-17,28.03,28.85,4.79,0.317,0.023,3.909,1.6369999999999998,0
2007-08-17,25.6014,33.3566,4.6692,,,,,0
2007-08-17,26.88,30.03,4.12,,,,,0
2007-08-17,25.6743,33.6618,4.7054,0.1007,0.3151,2.8967,2.5103,0
2007-08-17,27.37,28.71,4.28,0.142,0.03,3.694,2.291,0
2007-08-17,26.27,30.9,4.94,,,,,0
2007-08-17,23.8792,33.5471,4.982,,,,,0
2007-08-17,21.1308,33.7015,6.7203,0.08,0.2686,2.6978,0.7709,0
2007-08-17,25.04,31.931,5.1129,0.0976,0.0534,2.2106,7.7794,0
2007-08-17,26.71,30.01,5.86,0.17,0.038,2.827,1.524,0
2007-08-17,25.66,32.045,,,,,,0
2007-08-17,21.91,33.3366,6.0605,,,,,0
2007-08-17,25.68,32.11,5.3266,0.0615,0.0348,1.8664,4.7568,0
2007-08-17,26.9,30.64,5.06,0.329,0.033,2.877,3.754,0
2007-08-17,25.7,31.99,,,,,,0
2007-08-17,25.5733,33.3347,5.7817,0.0945,0.3073,2.5047,2.9599,0
2007-08-17,26.22,31.914,5.0844,0.0918,0.0258,1.7541,4.0922,0
2007-08-17,26.4506,33.5831,4.6235,,,,,0
2007-08-17,27.06,31.798,,,,,,0
2007-08-17,25.77,30.78,5.01,,,,,0
2007-08-17,27.5,31.609,5.056,0.1035,0.0326,2.1351,4.0005,0
2007-08-17,27.59,30.5,5.06,0.199,0.10800000000000001,13.499,5.9220000000000015,0
2007-08-17,28.79,31.892,,,,,,0
2007-08-17,27.82,31.04,5.0,,,,,0
2007-08-17,27.77,31.685,4.9705,0.0915,0.0994,2.3591,4.1765,0
2007-08-17,28.28,31.0,4.31,0.109,0.154,4.067,4.433,0
2007-08-17,27.28,31.05,4.42,,,,,0
2007-08-17,28.51,30.87,3.72,1.046,0.081,3.449,6.324,0
2007-08-17,26.24,31.791,5.4689999999999985,,,,,0
2007-08-17,28.75,30.22,4.73,,,,,0
2007-08-17,26.7224,33.7552,4.6127,,,,,0
2007-08-17,30.14,28.92,5.4,0.536,0.034,3.17,1.324,0
2007-08-17,26.7214,33.7949,4.5739,,,,,0
2007-08-17,28.53,28.52,5.4,,,,,0
2007-08-17,26.627,33.7796,4.5521,0.0655,0.0234,2.4455,2.718,0
2007-08-17,28.87,29.92,4.13,0.028,0.002,2.334,1.42,0
2007-08-18,28.18,30.1,4.24,,,,,0
2007-08-18,26.77,31.764,5.3693,0.207,0.0689,2.2242,4.5244,0
2007-08-18,25.95,31.33,4.84,0.8079999999999999,0.044000000000000004,4.884,6.704,0
2007-08-18,25.1872,33.3031,4.7904,,,,,0
2007-08-18,27.11,31.768,5.2411,0.1319,0.024,0.8605,4.6389,0
2007-08-18,21.89,32.31,4.25,,,,,0
2007-08-18,27.47,31.586,,,,,,0
2007-08-18,24.709,33.365,4.8045,0.1235,0.0774,2.1365,2.2063,0
2007-08-18,27.41,31.778,5.2554,0.0868,0.0437,0.9829,3.5248,0
2007-08-18,26.75,31.509,,,,,,0
2007-08-18,25.1272,33.3707,5.0956,,,,,0
2007-08-18,26.83,31.422,5.6256,0.0562,0.0444,1.9654,5.6627,0
2007-08-18,25.74,31.625,,,,,,0
2007-08-18,25.4071,33.5194,4.6627,0.1651,0.0253,2.1964,3.0114,0
2007-08-18,25.36,32.114000000000004,5.1699,0.2249,0.193,6.9246,12.0788,0
2007-08-18,25.6732,33.6041,4.6731,,,,,0
2007-08-18,25.8376,33.6504,4.7296,0.3316,0.0413,2.2271,3.062,0
2007-08-18,22.09,32.368,,,,,,0
2007-08-18,21.79,32.306999999999995,6.2096,0.153,0.037000000000000005,1.826,5.2528,0
2007-08-18,26.0648,33.4234,4.748,,,,,0
2007-08-18,12.5113,34.185,6.3893,0.1205,0.0264,2.0836,5.6358,0
2007-08-18,15.6299,33.7492,6.6544,,,,,0
2007-08-18,22.69400000000001,33.2066,5.789,0.1311,0.222,3.2233,8.0511,0
2007-08-20,26.64,31.82,,,,,,0
2007-08-20,22.3386,33.4066,5.5138,,,,,0
2007-08-20,27.17,31.669,5.3408,0.0892,0.5209,2.7583,4.2594,0
2007-08-20,27.78,31.526,,,,,,0
2007-08-20,28.23,31.568,5.1557,0.0806,0.0639,2.6508,3.9452,0
2007-08-20,22.8766,33.253,6.2408,,,,,0
2007-08-20,21.3351,33.2106,5.9474,0.1837,0.1968,3.4959,14.8231,0
2007-08-20,22.0079,33.8273,4.9886,,,,,0
2007-08-20,28.04,31.57,5.1557,,,,,0
2007-08-20,23.6879,33.6903,5.0101,0.1365,0.0284,2.1037,5.7518,0
2007-08-20,28.62,31.494,5.0844,,,,,0
2007-08-20,28.34,31.621,5.1129,0.0507,0.0393,1.2897,3.2692,0
2007-08-20,28.36,31.629,,,,,,0
2007-08-20,27.0645,33.5799,4.5894,,,,,0
2007-08-20,23.98,32.023,5.3123,0.0713,0.0365,2.4909,6.0037,0
2007-08-20,25.3042,33.5968,4.6793,0.1081,0.0292,2.2326,3.7229,0
2007-08-20,27.77,31.746,,,,,,0
2007-08-21,26.97,31.776,5.4975,0.0388,0.0282,1.7185,4.8848,0
2007-08-21,26.3768,33.681999999999995,4.63,,,,,0
2007-08-21,27.6,31.638,,,,,,0
2007-08-21,24.7316,33.5594,4.7801,0.1246,0.0192,1.9937,3.6246,0
2007-08-21,28.76,31.651,5.1699,0.0268,0.026000000000000002,2.7522,4.885,0
2007-08-21,28.67,31.512,,,,,,0
2007-08-21,25.3865,33.4767,4.7412,,,,,0
2007-08-21,25.761,33.363,4.73,0.1654,0.0285,2.1434,2.5803,0
2007-08-21,26.9023,33.4708,4.6514,0.1625,0.0586,2.1037,2.5113,0
2007-08-21,24.9985,33.4462,4.8717,,,,,0
2007-08-21,24.3077,33.5691,4.912,0.1485,0.066,1.9394,6.473,0
2007-08-21,19.5528,33.4696,5.8892,,,,,0
2007-08-21,19.8686,33.8317,5.6606,0.1678,0.0799,2.2591,9.9617,0
2007-08-21,24.325,33.6746,4.9217,,,,,0
2007-08-21,25.0199,33.3069,4.7810000000000015,0.0846,0.0098,2.1507,7.2878,0
2007-10-04,21.66,30.902,5.7111,0.522,0.847,7.8445,9.7263,0
2007-10-04,21.1,31.549,,,,,,0
2007-10-04,20.94,31.566,5.8678,0.1331,0.1394,1.7611,5.7383,0
2007-10-04,21.71,31.682,,,,,,0
2007-10-04,21.57,31.695,5.4405,0.122,0.0277,0.7021,5.4220000000000015,0
2007-10-04,22.19,31.513,,,,,,0
2007-10-05,22.07,31.572,5.7396,0.205,0.0432,0.2282,5.3286,0
2007-10-05,21.58,31.787,5.6969,,,,,0
2007-10-05,23.23,31.00800000000001,5.1699,0.0114,0.0356,0.4692,4.8193,0
2007-10-05,23.35,30.962,5.1984,0.005,0.129,0.7496,4.9658,0
2007-10-05,23.26,30.967,,,,,,0
2007-10-05,23.13,31.105,5.4975,0.1652,0.1329,0.3537,5.1026,0
2007-10-05,22.95,31.112,,,,,,0
2007-10-05,23.24,31.138,5.6256,0.1896,0.033,0.4922,4.7469,0
2007-10-05,23.01,31.174,,,,,,0
2007-10-05,23.06,31.298,5.7396,0.01,0.0848,0.845,4.9628,0
2007-10-05,22.25,30.866,,,,,,0
2007-10-05,22.16,30.611,5.8393,0.6116,0.4163,1.6176,10.1399,0
2007-10-09,20.2181,32.6592,5.1476,0.0321,0.2041,1.6502,5.3658,0
2007-10-09,20.3793,33.0444,5.1046,,,,,0
2007-10-09,20.3396,33.1654,5.1428,0.4313,0.2479,0.8574,5.0646,0
2007-10-09,20.0457,32.9695,5.269,,,,,0
2007-10-09,20.2565,33.2134,5.3479,0.0456,0.0389,1.4581,4.0626,0
2007-10-10,21.6601,32.8305,4.8328,,,,,0
2007-10-10,22.228,32.5617,4.8317,0.1796,0.0646,1.1131,2.7848,0
2007-10-10,21.2,30.717,5.8108,0.4564,0.132,1.1219,3.089,0
2007-10-10,21.08,30.916,,,,,,0
2007-10-10,22.1,31.323,5.8108,0.0969,0.1068,3.832,5.1559,0
2007-10-10,21.98,31.411,,,,,,0
2007-10-10,21.72,31.56,5.8108,0.0174,0.0494,0.657,2.1416,0
2007-10-10,21.54,31.541,,,,,,0
2007-10-10,20.0751,32.0986,5.3635,,,,,0
2007-10-10,22.17,31.241,5.7681,0.24,0.0053,0.7672,13.2443,0
2007-10-10,20.3808,32.3193,5.0794,0.6447,0.1554,1.2559,3.7724,0
2007-10-10,20.9686,32.8358,5.0082,,,,,0
2007-10-10,21.75,31.464,,,,,,0
2007-10-10,22.0,31.211,5.355,0.056,0.0279,1.1072,18.5177,0
2007-10-10,21.3673,32.9338,4.8285,0.1691,0.0793,0.9299,5.3172,0
2007-10-10,21.94,31.294,5.4689999999999985,,,,,0
2007-10-11,20.6702,32.8905,5.0735,,,,,0
2007-10-11,22.5167,32.6208,4.8759,0.081,0.1614,1.4581,3.332,0
2007-10-11,22.06,31.316,5.1557,0.087,0.01,1.0207,3.9764,0
2007-10-11,22.29,31.178,5.4547,0.1279,0.016,1.9386,5.021,0
2007-10-11,22.431,32.5805,4.791,,,,,0
2007-10-11,22.28,31.148000000000003,,,,,,0
2007-10-11,21.47,31.708,5.5402,0.152,0.0489,1.5005,6.1099,0
2007-10-11,21.4393,33.0906,4.8305,0.0973,0.2509,0.7485,3.6696,0
2007-10-11,21.66,31.655,,,,,,0
2007-10-11,21.3557,33.5971,4.4333,,,,,0
2007-10-11,21.73,31.496,5.526,0.02,0.0389,1.0914,4.4947,0
2007-10-11,21.164,33.3403,4.9157,0.0413,0.1776,0.9748,4.8151,0
2007-10-11,21.38,31.662,,,,,,0
2007-10-11,20.31,31.79300000000001,5.2696,0.4582,0.3936,6.1844,9.1422,0
2007-10-11,21.3953,33.1619,4.9164,0.0945,0.149,1.1464,3.1303,0
2007-10-11,23.45,31.99,4.97,0.238,0.215,9.497,3.557,0
2007-10-11,24.42,32.93,5.02,,,,,0
2007-10-11,25.47,33.34,5.01,0.406,0.10800000000000001,5.595,3.683,0
2007-10-11,22.7554,32.6316,4.8178,,,,,0
2007-10-11,20.1,32.114000000000004,,,,,,0
2007-10-11,23.0615,32.8462,4.8387,0.0216,0.2383,1.2305,2.9932,0
2007-10-11,20.5,31.859,5.5402,0.3992,0.2728,7.9783,13.1533,0
2007-10-11,23.5,32.23,5.34,0.004,0.222,6.635,1.531,0
2007-10-11,23.0916,33.137,4.8776,,,,,0
2007-10-11,23.46,31.03,5.31,,,,,0
2007-10-11,22.93,31.38,6.39,0.184,0.22899999999999998,5.69,3.234,0
2007-10-11,23.17,30.74,5.84,,,,,0
2007-10-11,21.4693,32.8032,4.9767,0.0512,0.2456,0.8948,4.4083,0
2007-10-11,23.38,31.58,5.08,0.095,0.256,6.823,2.033,0
2007-10-11,23.02,29.9,4.92,,,,,0
2007-10-11,20.6982,32.9585,4.987,,,,,0
2007-10-11,22.85,31.1,4.93,,,,,0
2007-10-11,20.8086,32.9678,4.6582,0.0193,0.0114,1.196,6.3707,0
2007-10-11,23.15,31.66,4.88,,,,,0
2007-10-12,21.6992,32.6602,4.942,,,,,0
2007-10-12,24.37,31.63,4.93,0.26,0.311,8.067,3.372,0
2007-10-12,21.6612,32.646,4.9449,0.0904,0.1556,0.9328,3.7952,0
2007-10-12,21.7299,32.4869,4.7666,,,,,0
2007-10-12,25.18,32.33,4.63,,,,,0
2007-10-12,25.52,32.7,4.72,,,,,0
2007-10-12,26.12,32.73,5.13,0.409,0.239,5.7360000000000015,2.701,0
2007-10-12,25.13,32.36,5.18,,,,,0
2007-10-12,22.49,31.47,5.25,0.162,0.233,3.516,2.506,0
2007-10-12,22.62,31.62,5.0,,,,,0
2007-10-12,22.76,30.27,4.95,0.405,0.254,6.085,2.277,0
2007-10-12,22.69,31.02,4.82,,,,,0
2007-10-12,22.75,30.77,4.72,,,,,0
2007-10-12,22.43,30.2,5.42,,,,,0
2007-10-12,22.75,31.15,5.56,0.282,0.149,4.634,1.6369999999999998,0
2007-10-12,22.44,30.81,5.42,,,,,0
2007-10-12,23.59,31.91,5.34,0.212,0.08800000000000001,4.675,3.367,0
2007-10-12,25.46,32.46,5.38,,,,,0
2007-10-12,23.28,31.81,5.4,0.123,0.153,6.635,4.279,0
2007-10-13,24.96,32.92,4.96,0.674,0.16,8.982000000000003,3.688,0
2007-10-13,25.22,32.78,4.72,,,,,0
2007-10-13,25.5,33.24,4.98,0.065,0.263,6.791,2.875,0
2007-10-13,25.66,33.01,4.72,,,,,0
2007-10-13,26.39,33.13,4.66,0.266,0.341,8.113999999999999,2.36,0
2007-10-13,23.83,30.35,4.58,,,,,0
2007-10-13,24.81,32.4,4.53,0.28300000000000003,0.239,8.715,3.805,0
2007-10-13,25.04,32.83,4.18,,,,,0
2007-10-13,23.77,30.38,4.29,0.118,0.29100000000000004,8.511000000000001,5.244,0
2007-10-13,23.3,30.31,4.84,,,,,0
2007-10-13,22.89,30.34,5.14,0.885,0.228,9.242,5.291,0
2007-10-14,22.78,30.41,5.1,,,,,0
2007-10-14,22.1,30.54,5.01,1.208,0.214,6.289,4.414,0
2007-10-14,21.73,30.17,4.93,,,,,0
2007-10-14,21.31,30.42,5.62,,,,,0
2007-10-14,21.87,30.83,5.79,0.008,0.165,5.671,2.182,0
2007-10-14,22.02,30.35,5.54,,,,,0
2007-10-14,22.16,30.47,4.56,0.077,0.39,6.529,2.794,0
2007-10-14,21.92,30.65,4.72,,,,,0
2007-10-14,21.9,30.99,5.19,0.403,0.092,8.716000000000001,3.145,0
2007-10-14,22.02,30.53,5.28,,,,,0
2007-10-14,22.81,30.6,6.07,0.182,0.125,9.052,6.159,0
2007-10-14,22.95,32.05,5.02,,,,,0
2007-10-15,18.86,32.259,,,,,,0
2007-10-15,20.7,31.977,5.4975,0.234,0.1813,3.2339,6.0294,0
2007-10-15,20.57,32.058,,,,,,0
2007-10-15,20.71,32.177,5.6399,0.0174,0.0334,1.7467,6.8273,0
2007-10-15,22.0284,32.6303,4.915,,,,,0
2007-10-15,20.81,31.777,5.7111,,,,,0
2007-10-15,22.0938,33.5679,4.8272,,,,,0
2007-10-15,22.3776,33.267,4.9168,0.099,0.2454,2.7338,5.6106,0
2007-10-15,23.0809,33.2466,4.7505,,,,,0
2007-10-15,22.8782,33.1492,4.6093,0.0815,0.1758,0.8583,3.5724,0
2007-10-15,28.62,31.494,,,,,,0
2007-10-15,21.14,32.509,5.8963,0.0119,0.1066,1.4571,7.4999,0
2007-10-15,22.9682,33.1547,4.7469,,,,,0
2007-10-15,19.45,32.419000000000004,,,,,,0
2007-10-15,19.41,32.471,5.8393,0.1649,0.1637,3.9086,5.9306,0
2007-10-15,23.6053,33.8583,4.6882,0.1666,0.0861,1.1775,3.4572,0
2007-10-15,18.83,32.566,,,,,,0
2007-10-15,20.78,32.692,5.5687,0.1405,0.0229,1.9301,6.8418,0
2007-10-15,23.0782,33.2872,4.5948,,,,,0
2007-10-16,19.91,32.611,,,,,,0
2007-10-16,22.9305,33.3384,4.7057,0.2875,0.0928,1.4119,2.7996,0
2007-10-16,21.25,32.681999999999995,5.7253,0.025,0.01,1.1565,6.2289,0
2007-10-16,22.08,31.78,,,,,,0
2007-10-16,22.8758,33.3745,4.649,0.3191,0.2456,1.1504,2.6324,0
2007-10-16,22.9174,33.2239,4.6681,,,,,0
2007-10-16,23.5993,33.6055,4.718,0.3557,0.2251,0.7639,2.5929,0
2007-10-16,23.9063,33.8109,4.2929,,,,,0
2007-10-16,22.7842,33.2257,4.6127,0.4017,0.2744,2.1776,4.4211,0
2007-10-16,22.1024,32.7016,4.8656,,,,,0
2007-10-16,22.2417,33.0221,4.8691,0.2627,0.1505,1.4073,2.1228,0
2007-10-16,22.4013,33.218,4.7753,,,,,0
2007-10-16,22.3694,33.1818,4.7408,,,,,0
2007-10-16,22.4685,32.9734,4.8467,,,,,0
2007-10-16,22.5771,33.0669,4.7484,,,,,0
2007-10-16,22.2988,32.906,4.8438,0.4115,0.2134,1.1262,4.4916,0
2007-10-16,22.8219,32.9279,4.718,,,,,0
2007-10-16,23.498,33.2155,4.6015,0.3696,0.2985,2.3957,6.7834,0
2007-10-16,23.9045,33.8776,4.4215,,,,,0
2007-10-16,22.5471,33.2478,4.5782,0.3197,0.1871,1.3375,3.3899,0
2007-10-17,23.4393,33.6062,4.6643,,,,,0
2007-10-17,24.0695,33.9753,4.5504,,,,,0
2007-10-17,24.0462,33.9,4.6053,0.3203,0.1077,1.7995,2.9492,0
2007-10-17,23.3275,33.2247,4.7502,,,,,0
2007-10-17,21.46,31.95,4.65,0.183,0.17,9.363,5.83,0
2007-10-17,22.2365,32.67,4.6762,0.2441,0.2449,2.0103,5.7114,0
2007-10-17,22.0942,32.6244,4.7026,,,,,0
2007-10-17,22.3132,32.7872,4.8007,,,,,0
2007-10-17,21.82,31.15,4.42,,,,,0
2007-10-17,18.62,32.08,4.26,0.152,0.369,11.455,5.052,0
2007-10-17,18.77,32.37,4.43,,,,,0
2007-10-17,21.5571,32.5508,4.7639999999999985,1.1762,0.3391,6.2031,11.2616,0
2007-10-17,22.6707,32.8125,4.7287,,,,,0
2007-10-17,24.3944,33.855,4.4999,0.5773,0.115,2.5275,6.0973,0
2007-10-17,23.8361,33.6737,4.512,,,,,0
2007-11-13,22.78,34.16,4.3721,0.2607,0.1887,2.7349,2.9049,0
2007-11-13,22.01,34.196,4.5098,0.1117,0.1055,5.6193,6.2213,0
2007-11-13,22.12,34.188,5.2519,0.1169,0.1305,4.5761,5.1337,0
2007-11-13,22.11,34.181,5.1663,0.086,0.0847,4.5049,5.4279,0
2007-11-13,21.75,33.988,5.0864,0.0449,0.2407,5.4739,6.7651,0
2007-11-13,21.53,33.896,5.1663,0.1323,0.1804,5.5195,6.6938,0
2007-11-13,20.39,32.524,6.1653,0.1785,0.2365,6.138,7.0326,0
2007-11-13,20.4,32.588,6.0796,0.3789,0.2843,6.634,7.9063,0
2007-11-13,20.75,32.607,,0.2607,0.0868,6.5969,7.1217,0
2007-11-13,20.95,33.183,5.65,0.0655,0.1429,5.9129,6.2748,0
2007-11-14,20.5,32.966,5.3361,0.6871,0.6337,6.443,4.6433,0
2007-11-14,20.57,32.719,5.3663,0.3069,0.19,7.4264,6.6849,0
2007-11-14,19.27,32.236,5.9372,0.1374,0.1573,9.1102,9.5466,0
2007-11-14,19.62,32.532,6.8791,0.3737,0.4579,6.1821,8.7443,0
2007-11-14,20.35,33.205,,0.1271,0.5601,5.2004,6.5423,0
2007-11-14,21.99,34.186,,0.6418,0.2207,2.7289,4.4026,0
2007-11-14,22.61,34.299,4.6525,0.3796,0.1757,0.9252,3.3328,0
2007-11-14,22.87,34.353,5.3384,0.7909,0.4374,2.7888,2.3789,0
2007-11-14,22.76,34.378,5.8227,0.395,0.0653,1.2334,1.9956,0
2007-11-14,22.91,34.301,6.9359,1.0326,0.1859,3.0799,3.1545,0
2007-11-14,23.07,34.296,5.2810000000000015,0.8578,0.1961,2.8859,2.3611,0
2007-11-14,22.96,34.35,6.1942,0.6932,0.1307,1.4931,2.5037,0
2007-11-15,22.86,34.402,,0.431,0.1103,1.7957,3.5111,0
2007-11-15,22.86,34.355,5.7934,0.4876,0.1327,3.0485,3.8053,0
2007-11-15,21.87,34.04,5.653,0.1431,0.235,3.0514,4.8038,0
2007-11-15,21.49,34.215,5.994,0.4721,0.5949,2.278,4.9910000000000005,0
2007-11-15,20.84,33.546,5.4246,0.7549,0.3393,5.1718,6.6225,0
2007-11-15,20.44,33.56,5.9385,0.7395,0.2329,5.4001,8.2272,0
2007-11-15,18.56,32.196,5.9408,0.5236,0.0939,3.9789,8.2896,0
2007-11-15,18.2,31.838,5.8798,0.5441,0.2411,4.6353,7.7815,0
2007-11-15,20.21,32.275,5.6552,0.611,0.0837,10.0035,10.4382,0
2007-11-15,19.93,32.12,5.5659,1.3874,0.1205,10.2289,11.2405,0
2007-12-03,15.2563,33.0299,5.59,0.51,0.456,15.849,9.663,0
2007-12-03,15.32,33.273,5.45,,,,,0
2007-12-03,16.67,33.305,5.42,0.439,0.366,5.121,11.17,0
2007-12-03,18.05,33.414,5.7,0.343,0.377,3.345,7.627999999999999,0
2007-12-03,15.94,33.019,5.58,,,,,0
2007-12-03,16.5,33.275,5.21,0.39,0.499,5.3870000000000005,7.75,0
2007-12-03,15.27,33.164,5.13,,,,,0
2007-12-05,15.15,33.223,5.02,0.627,0.613,7.38,12.890999999999998,0
2007-12-05,14.56,33.097,4.98,,,,,0
2007-12-05,14.3,33.108000000000004,5.03,,,,,0
2007-12-05,14.43,33.105,5.03,,,,,0
2007-12-05,14.68,33.125,5.54,0.647,0.348,8.241,12.621,0
2007-12-05,19.84,33.855,5.2,,,,,0
2007-12-05,19.81,33.864000000000004,5.13,,,,,0
2007-12-05,20.09,33.868,5.23,0.374,0.536,2.4,6.2920000000000025,0
2007-12-05,15.92,33.34,5.42,,,,,0
2007-12-05,16.84,33.438,5.56,0.639,0.364,5.198,9.191,0
2007-12-05,13.38,32.908,5.53,,,,,0
2007-12-05,13.89,33.025,5.45,0.97,0.518,5.809,11.425999999999998,0
2007-12-06,12.21,32.692,5.7,,,,,0
2007-12-06,11.58,32.175,5.23,,,,,0
2007-12-06,11.7,32.454,5.43,,,,,0
2007-12-06,12.34,32.51,5.82,0.6859999999999999,0.591,6.009,6.9929999999999986,0
2007-12-06,12.0,32.604,5.02,,,,,0
2007-12-06,15.64,33.118,4.88,0.68,0.204,6.502999999999999,13.584,0
2007-12-06,17.45,33.376,5.04,,,,,0
2007-12-06,19.72,33.798,5.1,0.333,0.6659999999999999,5.053,7.095,0
2007-12-08,19.19,33.789,4.95,0.314,0.703,12.517,10.279000000000002,0
2007-12-08,20.02,33.855,4.85,,,,,0
2007-12-08,19.65,33.915,4.83,0.28,0.547,8.417,7.198,0
2007-12-08,19.52,33.822,4.71,,,,,0
2007-12-08,19.9,33.914,4.62,0.444,0.736,8.708,6.502000000000002,0
2007-12-09,19.86,33.845,4.9,,,,,0
2007-12-09,20.22,33.882,4.85,0.447,0.604,11.255,7.077000000000001,0
2007-12-09,20.31,33.916,5.13,,,,,0
2007-12-09,18.96,33.765,5.21,0.4320000000000001,0.711,12.977,11.509,0
2007-12-09,18.43,33.804,4.93,,,,,0
2007-12-09,11.04,31.434,7.0214,1.1711,0.1684,15.4869,18.2379,0
2007-12-09,18.22,33.785,4.96,0.593,0.564,10.277,10.58,0
2007-12-09,18.35,33.546,5.03,,,,,0
2007-12-09,10.04,31.859,,,,,,0
2007-12-09,10.42,32.12,6.69,1.0756,0.1024,13.8298,17.1747,0
2007-12-09,18.52,33.642,5.03,0.34700000000000003,0.541,9.077,8.488999999999999,0
2007-12-09,12.0723,33.9091,5.6395,0.4402,0.4019,3.3058,13.3072,0
2007-12-09,10.16,32.335,,,,,,0
2007-12-09,17.33,32.712,4.93,,,,,0
2007-12-09,13.3483,33.9105,5.484,,,,,0
2007-12-09,9.57,32.204,6.5656,0.9859,0.1627,12.0352,15.9171,0
2007-12-09,13.3053,33.9697,4.9393,0.3711,0.6008,1.5534,10.9563,0
2007-12-09,10.45,32.141,,,,,,0
2007-12-09,13.3143,33.9022,5.4894,,,,,0
2007-12-09,16.36,32.553000000000004,4.92,,,,,0
2007-12-09,11.48,32.261,7.0641,0.219,0.2451,2.6899,6.1435,0
2007-12-09,13.6277,33.9331,5.3666,0.3232,0.7146,1.8313,12.5372,0
2007-12-09,17.77,33.135,5.19,0.471,0.47700000000000004,7.725,11.451,0
2007-12-09,11.58,31.978,6.6226,,,,,0
2007-12-09,10.6201,33.8099,5.6874,,,,,0
2007-12-09,16.53,32.698,5.01,,,,,0
2007-12-09,11.8469,33.7274,6.4064,0.3444,0.5266,6.5494,12.8527,0
2007-12-09,16.25,32.47,5.19,0.588,0.43200000000000005,8.345,14.382,0
2007-12-09,16.15,32.444,5.2,,,,,0
2007-12-09,11.95,32.238,6.9929,0.1911,0.3029,2.1716,5.3687,0
2007-12-09,17.55,33.325,5.05,0.504,0.35,8.986,10.598,0
2007-12-09,13.3976,33.9391,5.1998,0.4648,0.5631,8.1111,15.9894,0
2007-12-09,12.0,32.34,6.6226,0.279,0.6677,3.2893,7.332000000000002,0
2007-12-09,17.56,33.413000000000004,5.0,,,,,0
2007-12-09,13.4597,33.9344,5.3348,,,,,0
2007-12-09,11.55,32.25,,,,,,0
2007-12-09,16.75,33.199,4.98,0.426,0.537,9.244,9.542,0
2007-12-09,12.7182,33.9085,5.4748,,,,,0
2007-12-10,10.75,32.141,6.822,0.3527,0.4563,4.5111,9.0062,0
2007-12-10,17.84,33.812,4.8,,,,,0
2007-12-10,13.4819,34.0176,5.3058,,,,,0
2007-12-10,14.2895,33.994,5.1888,0.4969,0.696,6.4460000000000015,16.3864,0
2007-12-10,10.53,32.123000000000005,,,,,,0
2007-12-10,13.7845,34.0488,5.1523,,,,,0
2007-12-10,17.25,33.291,5.12,0.35100000000000003,0.513,8.039,8.216000000000001,0
2007-12-10,10.6,32.141,6.6368,0.3411,0.4826,4.7692,9.8477,0
2007-12-10,13.932,33.9649,5.2189999999999985,0.4785,0.5486,10.689,14.7274,0
2007-12-10,14.41,32.702,4.93,,,,,0
2007-12-10,10.35,32.203,,,,,,0
2007-12-10,13.91,32.763000000000005,4.86,0.339,0.19,10.085,8.014,0
2007-12-10,13.3823,33.9655,5.3238,,,,,0
2007-12-10,11.39,32.434,6.3947,0.8668,0.35,11.6978,15.1959,0
2007-12-10,12.17,32.488,4.72,,,,,0
2007-12-10,13.0532,33.8511,5.2854,0.4211,0.61,8.0099,14.4352,0
2007-12-10,11.68,32.36,,,,,,0
2007-12-10,10.48,32.161,6.6796,0.8203,0.2994,10.4458,14.9299,0
2007-12-10,13.9509,34.045,4.1941,,,,,0
2007-12-10,13.4059,33.8734,5.269,,,,,0
2007-12-10,13.6161,33.9092,5.1818,0.5271,0.6864,3.5397,19.0559,0
2007-12-10,13.7704,33.9229,5.2024,,,,,0
2007-12-10,13.1834,33.9388,5.3502,0.4549,0.5403,5.0822,17.5793,0
2007-12-10,11.48,32.363,6.5656,0.8642,0.0338,10.4016,15.1029,0
2007-12-10,13.1022,34.0262,5.1885,,,,,0
2007-12-10,11.78,32.359,,,,,,0
2007-12-10,11.81,32.559,6.4659,0.8605,0.3131,10.4389,14.3412,0
2007-12-10,13.6583,33.9334,5.1182,0.3388,0.5159,9.3172,12.9976,0
2007-12-10,11.33,32.582,,,,,,0
2007-12-10,13.7473,33.9545,5.0741,,,,,0
2007-12-10,11.38,32.347,6.5371,0.5347,0.2699,7.5948,11.4824,0
2007-12-10,11.3,32.385,,,,,,0
2007-12-10,12.02,32.333,6.6511,0.2811,0.5258,4.5211,7.8947,0
2007-12-10,17.0863,34.1864,4.7774,0.3769,0.9298,6.3223,11.9838,0
2007-12-10,12.42,32.451,,,,,,0
2007-12-11,15.1148,34.0645,5.1077,,,,,0
2007-12-11,12.14,32.443000000000005,6.5087,0.3296,0.5113,4.079,7.8779,0
2007-12-11,15.6256,34.0786,4.8744,0.4075,0.9598,11.1501,9.7173,0
2007-12-11,12.7,32.075,,,,,,0
2007-12-11,12.24,32.462,6.7793,0.2909,0.5769,4.1845,8.2115,0
2007-12-11,14.1789,33.9323,5.3372,0.3992,0.9009,10.6546,10.9824,0
2007-12-11,12.35,32.496,6.6653,0.2248,0.3303,4.2523,7.5539999999999985,0
2007-12-11,12.38,32.49,,,,,,0
2007-12-11,16.5879,34.1758,5.0948,,,,,0
2007-12-11,11.49,32.579,6.4802,0.6932,0.4508,9.0122,12.8267,0
2007-12-11,17.3023,34.2027,4.8067,0.3814,0.9786,6.9717,9.9062,0
2007-12-11,11.67,32.644,,,,,,0
2007-12-11,17.537,34.1888,4.8004,,,,,0
2007-12-11,11.36,32.654,6.3378,0.9318,0.2215,9.6051,13.7357,0
2007-12-11,17.1812,34.2656,4.8497,0.4498,0.9406,3.1027,11.6339,0
2007-12-11,11.69,32.636,,,,,,0
2007-12-11,16.2139,34.1101,4.812,,,,,0
2007-12-11,11.29,32.449,6.9929,0.7423,0.0882,10.8741,15.8712,0
2007-12-11,15.4524,34.13,4.7931,0.5378,0.4944,10.7626,15.7864,0
2007-12-11,16.1355,34.1433,4.8796,,,,,0
2007-12-11,15.969,34.1406,4.9021,,,,,0
2007-12-11,15.3237,34.1146,4.6977,,,,,0
2007-12-11,17.9006,34.3245,4.8197,0.4596,0.8791,5.0089,10.9169,0
2007-12-11,15.2695,34.1279,4.4725,,,,,0
2007-12-11,11.21,32.448,,,,,,0
2007-12-11,16.3597,34.2572,4.743,0.6598,0.6316,12.2114,15.4348,0
2007-12-11,17.552,34.334,3.8659,,,,,0
2007-12-11,12.0,32.816,6.1811,0.7714,0.1061,11.254,14.8965,0
2007-12-11,16.9166,34.1227,4.9234,,,,,0
2007-12-11,17.8002,34.2934,4.7941,0.4518,0.956,11.008,9.7302,0
2007-12-12,16.9696,34.0999,4.9824,,,,,0
2007-12-12,17.2422,34.1696,4.8453,0.4143,0.9581,5.9729,8.2592,0
2007-12-17,14.736,34.4117,5.3805,,,,,0
2007-12-17,12.02,32.819,,,,,,0
2007-12-17,14.644,34.3365,4.7627,,,,,0
2007-12-17,16.1724,34.3171,4.7296,0.6201,0.5945,10.0815,15.763,0
2007-12-17,16.2655,34.2886,4.9185,,,,,0
2007-12-17,11.94,32.577,6.6084,0.3248,0.3312,12.386,8.677,0
2007-12-17,15.3997,34.1332,5.1796,0.3491,0.4743,5.48,7.2653,0
2007-12-17,16.0307,34.1783,5.0737,,,,,0
2007-12-17,11.98,32.611999999999995,,,,,,0
2007-12-17,15.3997,34.1332,5.1796,0.3491,0.4743,5.48,7.2653,0
2007-12-17,12.09,32.604,6.4659,0.4029,0.3145,4.9847,8.7044,0
2007-12-17,16.1173,34.1709,5.0823,,,,,0
2007-12-17,11.81,32.599000000000004,6.4517,,,,,0
2007-12-17,16.9787,34.3036,4.8664,,,,,0
2007-12-17,13.26,32.334,6.3235,,,,,0
2007-12-17,16.974,34.3156,4.8479,0.4763,0.9951,5.7358,12.8085,0
2007-12-17,17.4769,34.426,4.5731,,,,,0
2007-12-17,13.22,32.234,6.4802,0.1039,0.3434,2.5323,8.1133,0
2007-12-17,17.2998,34.3683,4.2346,0.4919,0.6397,11.4535,11.5653,0
2007-12-17,13.26,32.224000000000004,,,,,,0
2007-12-17,16.1273,34.3889,4.7,,,,,0
2007-12-17,15.4952,34.2441,4.0106,,,,,0
2007-12-17,13.25,32.253,6.0672,0.2474,0.3444,3.0292,7.852,0
2007-12-17,16.3422,34.3093,4.2624,0.461,0.4555,13.5715,13.4169,0
2007-12-17,13.11,32.755,,,,,,0
2007-12-17,17.2621,34.3774,4.7782,,,,,0
2007-12-17,17.7596,34.3379,4.6931,0.4104,0.8411,7.5202,14.2275,0
2007-12-17,12.72,32.838,5.8678,0.501,0.2033,8.0793,11.4818,0
2007-12-18,11.78,32.743,,,,,,0
2007-12-18,17.8082,34.3254,4.7777,,,,,0
2007-12-18,12.02,32.808,6.1811,0.8065,0.0269,11.4213,14.445,0
2007-12-18,12.57,33.06,,,,,,0
2008-02-14,9.3372,34.2924,6.1276,0.5915,0.7241,8.3264,11.9306,0
2008-02-14,9.0814,34.2916,6.0954,,,,,0
2008-02-14,8.6619,34.2203,6.1068,0.4775,0.6721,6.3378,10.3475,0
2008-02-14,16.32,34.41,6.1995,0.207,0.1997,5.045,5.5287,0
2008-02-14,7.6537,34.1049,5.4813,,,,,0
2008-02-14,15.61,34.46,,0.27699999999999997,0.2929,4.4657,5.5527,0
2008-02-14,7.1445,34.1457,6.42,0.5568,0.6131,6.0096,10.6305,0
2008-02-14,14.62,34.38,5.2861,0.287,0.1045,5.1425,8.1177,0
2008-02-14,11.1292,34.3853,5.7959,,,,,0
2008-02-14,12.2,34.23,6.2223,0.397,0.1273,7.4181,11.0663,0
2008-02-14,11.0911,34.296,5.6599,0.4229,0.429,5.5561,7.7384,0
2008-02-14,13.29,34.41,6.1191,0.40700000000000003,0.0673,6.5742,10.8026,0
2008-02-14,11.85,32.77,6.3276,0.392,0.0962,8.0559,13.5354,0
2008-02-14,11.3418,34.2637,5.8035,0.7154,0.2307,8.0796,9.1535,0
2008-02-14,10.66,33.23,6.636,0.47200000000000003,0.0693,8.8303,14.6141,0
2008-02-14,9.97,31.42,6.4857,0.402,0.0404,9.0949,15.0456,0
2008-02-14,9.76,32.39,5.7652,0.442,0.0507,9.5879,11.6416,0
2008-02-14,9.41,32.66,5.5509,0.467,0.0714,9.6881,11.7854,0
2008-02-15,8.37,31.89,6.3048,0.5519,0.0549,12.2367,19.3247,0
2008-02-15,8.59,32.38,6.3961,0.5169,0.0652,9.6714,15.8247,0
2008-02-15,10.01,33.22,6.4621,0.42700000000000005,0.0673,9.599,16.1963,0
2008-02-15,11.13,33.53,5.7125,0.49200000000000005,0.059000000000000004,8.7662,14.6261,0
2008-02-15,12.91,34.32,5.892,0.402,0.0818,6.9307,10.8865,0
2008-02-15,13.63,34.22,5.9597,0.457,0.0611,7.2231,11.294,0
2008-02-15,14.75,34.2,5.9707,0.40700000000000003,0.0652,5.3347,8.5612,0
2008-02-15,16.31,34.51,4.9456,0.342,0.1149,5.0088,6.3677,0
2008-02-15,16.97,34.54,5.2288,0.332,0.2577,5.928,6.9191,0
2008-02-15,17.06,34.56,5.6627,0.20199999999999999,0.2991,4.8445,6.104,0
2008-02-15,17.39,34.19,5.2982,0.16699999999999998,0.268,4.4072,3.8027,0
2008-02-16,17.36,34.43,5.5944,0.20199999999999999,0.3218,3.8139,5.1092,0
2008-02-16,16.76,34.59,5.235,0.1521,0.2949,4.7192,4.9174,0
2008-02-16,16.22,34.36,5.4517,0.267,0.3094,4.9030000000000005,5.9123,0
2008-02-16,16.1,34.47,5.6423,0.252,0.179,4.7359,5.7444,0
2008-02-16,14.83,34.48,4.7985,0.272,0.0776,6.6884,7.9139,0
2008-02-16,15.21,34.51,4.9671,0.327,0.1583,6.5797,7.7941,0
2008-02-16,14.65,34.43,5.4455,0.287,0.1066,7.1089,8.8608,0
2008-02-16,13.78,34.29,4.8524,0.327,0.1418,6.6076,10.7067,0
2008-02-16,11.59,34.05,5.6864,0.41200000000000003,0.0673,7.9891,13.5953,0
2008-02-16,9.92,33.29,5.9141,0.5869,0.0631,9.0224,14.4703,0
2008-02-16,8.02,32.27,6.8733,0.47700000000000004,0.0445,8.6743,13.5594,0
2008-02-17,2.57,31.562,7.7654,0.9934,0.0981,19.5997,15.5423,0
2008-02-17,2.64,31.886,,,,,,0
2008-02-17,4.34,32.253,7.3715,0.747,0.1887,11.6471,9.99,0
2008-02-18,11.0898,34.2579,5.8481,,,,,0
2008-02-18,4.67,32.263000000000005,,,,,,0
2008-02-18,11.2038,34.2612,5.7458,0.7699,0.2425,8.7583,10.8162,0
2008-02-18,5.93,32.593,7.0761,0.7542,0.1977,10.8696,12.7233,0
2008-02-18,11.3302,34.258,5.5918,,,,,0
2008-02-18,6.38,32.64,,,,,,0
2008-02-18,12.3576,33.7731,6.74,0.53,0.1,15.65,10.53,0
2008-02-18,11.2358,34.2582,5.5889,0.6163,0.1812,6.5179,7.9684,0
2008-02-18,6.69,32.688,6.851,0.8361,0.1705,11.4396,13.6362,0
2008-02-18,13.9873,33.9618,6.04,,,,,0
2008-02-18,14.9898,33.3454,5.57,0.49,0.26,15.96,8.98,0
2008-02-18,11.1511,34.2617,5.8181,,,,,0
2008-02-18,6.75,32.623000000000005,6.7525,,,,,0
2008-02-18,10.9926,34.2709,5.7164,0.6757,0.4196,7.6648,10.1087,0
2008-02-18,14.6489,34.0099,5.97,0.4,0.12,9.19,8.35,0
2008-02-18,7.03,32.791,6.5696,0.7376,0.1669,14.0391,13.3971,0
2008-02-18,10.7189,34.3108,5.8748,,,,,0
2008-02-18,10.839,34.3832,5.7175,0.5667,0.4998,6.2125,8.8528,0
2008-02-18,13.6356,33.9274,5.88,,,,,0
2008-02-18,10.5209,34.3525,5.6736,,,,,0
2008-02-18,13.1052,33.9102,5.87,0.54,0.14,15.59,10.23,0
2008-02-18,9.9992,33.6493,5.63,,,,,0
2008-02-18,10.5307,34.355,5.9345,,,,,0
2008-02-18,10.4773,34.3658,5.8411,0.7104,0.3133,7.6582,13.7525,0
2008-02-18,12.1606,33.8564,5.98,0.37,0.34,13.58,10.16,0
2008-02-18,11.3689,34.4185,5.7977,,,,,0
2008-02-18,10.8677,33.7737,6.0,,,,,0
2008-02-19,7.09,32.866,6.4711,0.8435,0.1318,11.6521,14.2039,0
2008-02-19,11.8284,34.5305,5.0625,0.6113,0.3889,8.4792,11.2054,0
2008-02-19,12.1982,33.8746,6.04,,,,,0
2008-02-19,7.0,32.882,,,,,,0
2008-02-19,12.4857,33.8318,5.82,,,,,0
2008-02-19,11.039,34.2703,5.8146,,,,,0
2008-02-19,6.32,32.705,6.8088,0.8317,0.2267,12.4495,14.0037,0
2008-02-19,12.6079,33.8841,5.94,0.45,0.32,13.1,12.65,0
2008-02-19,6.08,32.662,,,,,,0
2008-02-19,11.2539,34.267,5.7635,0.5816,0.2897,6.3870000000000005,7.7119,0
2008-02-19,13.559,33.9799,6.02,,,,,0
2008-02-19,10.8991,34.3006,5.9159,,,,,0
2008-02-19,5.05,32.472,7.1183,0.8072,0.1901,12.5684,12.9691,0
2008-02-19,15.3781,34.0238,5.75,,,,,0
2008-02-19,11.3904,34.2554,5.8198,,,,,0
2008-02-19,4.46,32.287,,,,,,0
2008-02-19,4.58,32.218,6.865,0.9962,0.1722,16.3963,16.4706,0
2008-02-19,15.4078,34.0172,5.71,0.4,0.09,9.36,8.21,0
2008-02-19,3.64,31.976,,,,,,0
2008-02-19,11.1839,34.2686,5.6784,0.6609,0.2732,9.3844,9.9495,0
2008-02-19,11.4256,33.872,5.72,,,,,0
2008-02-19,3.28,32.0,7.2449,0.9418,0.1235,16.8813,17.0057,0
2008-02-19,11.3996,34.2531,5.7051,,,,,0
2008-02-19,13.4609,33.9909,5.99,0.47,0.06,8.95,8.41,0
2008-02-19,4.11,32.109,7.3996,1.0253,0.0958,17.1731,16.8933,0
2008-02-19,4.98,32.303000000000004,,,,,,0
2008-02-19,11.4032,34.2513,5.8437,0.5766,0.193,,7.3051,0
2008-02-19,12.806,33.9065,6.21,,,,,0
2008-02-19,11.5169,33.8406,6.93,0.54,0.24,12.22,9.94,0
2008-02-19,5.58,32.465,7.0479,0.8983,0.212,12.8871,15.0934,0
2008-02-19,10.8857,33.8254,6.13,,,,,0
2008-02-19,9.7026,33.7104,6.42,,,,,0
2008-02-19,6.07,32.6,,,,,,0
2008-02-19,9.8792,33.7999,6.3,,,,,0
2008-02-19,6.39,32.697,6.6681,0.9096,0.1894,13.9448,16.0315,0
2008-02-19,10.2699,33.8228,6.49,0.46,0.18,15.62,10.05,0
2008-02-19,11.5259,34.3541,5.922999999999999,,,,,0
2008-02-19,11.308,33.8742,6.0,,,,,0
2008-02-19,6.2,32.669000000000004,,,,,,0
2008-02-19,6.76,32.844,6.4289,1.0367,0.2025,14.2935,16.9286,0
2008-02-19,14.5663,33.9975,5.85,0.43,0.1,14.65,8.34,0
2008-02-19,7.44,32.975,,,,,,0
2008-02-19,15.0679,33.9853,5.63,,,,,0
2008-02-19,7.58,32.965,6.2883,0.9137,0.2243,11.8325,13.5146,0
2008-02-19,13.7949,34.0087,5.87,0.37,0.24,9.34,8.86,0
2008-02-19,10.8691,34.2879,5.7345,0.6163,0.4196,8.4761,10.4713,0
2008-02-19,10.9696,34.2898,5.7703,,,,,0
2008-02-20,11.2553,34.3294,5.8982,0.3139,0.2284,4.0129,4.2715,0
2008-02-20,7.88,32.898,6.64,0.6011,0.1426,10.424,12.0292,0
2008-02-20,10.9918,34.2924,5.8452,,,,,0
2008-02-20,7.91,32.933,6.4571,0.7145,0.1083,11.2593,12.0002,0
2008-02-20,7.85,33.026,,,,,,0
2008-02-20,7.76,33.059,6.6118,0.8782,0.1238,13.7628,14.9351,0
2008-02-20,6.89,32.858000000000004,,,,,,0
2008-02-20,15.2882,33.9606,5.88,0.48,0.17,10.32,4.09,0
2008-02-20,6.81,32.788000000000004,6.9072,0.9557,0.1521,15.2172,15.8543,0
2008-02-20,15.5863,33.9768,5.82,,,,,0
2008-02-20,6.29,32.608000000000004,,,,,,0
2008-02-20,6.29,32.608000000000004,7.3715,0.991,0.1855,14.1675,16.3938,0
2008-02-20,15.4533,33.9841,5.37,0.39,0.1,13.61,10.15,0
2008-02-20,15.3684,33.9745,5.4,,,,,0
2008-02-20,4.58,32.396,,,,,,0
2008-02-20,15.9118,34.004,5.54,0.41,0.17,9.05,11.33,0
2008-02-20,6.77,32.706,7.062,0.9071,0.1123,13.5567,15.3135,0
2008-02-20,16.3596,33.9951,5.64,,,,,0
2008-02-20,16.5701,33.9872,5.4,0.2,0.18,9.44,9.22,0
2008-02-20,16.5329,33.9787,5.42,,,,,0
2008-02-20,15.6492,33.9387,5.55,0.26,0.27,8.26,7.78,0
2008-02-20,15.0307,33.9825,5.72,,,,,0
2008-02-21,14.6645,33.9483,5.81,0.35,0.34,8.31,7.11,0
2008-02-21,14.5244,33.9079,5.72,,,,,0
2008-02-21,13.9884,33.8587,5.82,0.34,0.31,15.06,9.47,0
2008-02-21,13.6363,33.931999999999995,5.81,,,,,0
2008-02-21,11.5656,33.5861,6.14,0.54,0.24,9.83,12.82,0
2008-02-21,10.9297,34.2922,5.0952,0.4874,0.7689,5.6532,5.3947,0
2008-02-21,9.6688,32.8816,6.27,0.48,0.34,15.01,13.03,0
2008-02-21,10.8485,34.3038,5.8557,,,,,0
2008-02-21,7.27,32.87,,,,,,0
2008-02-21,10.8934,34.2666,5.6679,0.4626,0.3724,6.8747,7.2785,0
2008-02-21,8.4,33.04,6.0913,0.7575,0.1601,14.8729,13.8162,0
2008-02-21,11.1418,34.2644,5.6670000000000025,,,,,0
2008-02-21,8.41,32.993,,,,,,0
2008-02-21,13.0622,33.9234,5.72,,,,,0
2008-02-21,8.76,33.03,6.3023,0.6679,0.057,12.1893,11.9556,0
2008-02-21,11.3191,34.2579,5.4925,0.5568,0.2614,8.1858,9.4277,0
2008-02-21,13.4153,33.9565,5.8,0.44,0.07,9.09,100.16,0
2008-02-21,13.8768,33.9546,5.64,,,,,0
2008-02-21,8.57,32.918,6.5133,,,,,0
2008-02-21,11.1545,34.2605,5.8657,,,,,0
2008-02-21,13.8996,33.9834,5.75,0.47,0.11,13.82,9.39,0
2008-02-21,11.8381,34.4161,5.6782,0.5221,0.4148,9.5723,10.7809,0
2008-02-21,13.8531,34.0017,5.62,,,,,0
2008-02-21,12.2217,34.4448,5.7417,,,,,0
2008-02-21,12.1377,34.451,4.3455,,,,,0
2008-02-21,13.0653,33.984,5.84,0.49,0.17,21.16,9.75,0
2008-02-21,9.34,33.607,4.3329,,,,,0
2008-02-21,14.0851,33.6901,5.72,,,,,0
2008-02-21,8.75,33.38,6.5837,0.8097,0.1183,14.3125,13.845,0
2008-02-21,7.84,32.944,,,,,,0
2008-02-21,8.38,33.159,6.6822,0.7178,0.0638,12.1997,12.140999999999998,0
2008-02-22,7.47,32.873000000000005,,,,,,0
2008-02-22,7.45,32.98,6.7244,0.6871,0.08800000000000001,13.3093,13.3283,0
2008-02-22,6.88,32.808,,,,,,0
2008-02-22,7.55,33.246,6.7806,2.1608,0.1128,14.1241,15.0674,0
2008-02-22,12.05,34.528,,,,,,0
2008-02-24,14.5958,33.9991,5.64,,,,,0
2008-02-24,13.9319,34.0186,5.68,0.48,0.3,11.32,8.71,0
2008-02-24,13.7023,33.9887,5.87,0.33,0.05,17.61,8.73,0
2008-02-24,12.5357,33.931,5.83,,,,,0
2008-02-24,12.3461,33.9681,5.8,0.57,0.09,10.95,8.84,0
2008-02-24,10.5948,33.7566,5.72,,,,,0
2008-02-28,10.7541,34.4957,6.4716,,,,,0
2008-02-28,10.7391,34.4556,5.9368,,,,,0
2008-02-28,10.7773,34.4501,5.8358,0.4923,0.4597,7.8893,10.9489,0
2008-02-28,12.2654,34.5359,5.5221,,,,,0
2008-02-28,12.4061,34.4901,5.8657,0.3486,0.6391,5.6607,6.3941,0
2008-02-28,12.1434,34.4178,5.6934,,,,,0
2008-02-28,12.2736,34.4489,5.8909,0.4378,0.5966,6.2011,7.3493,0
2008-02-28,11.5155,34.4147,6.0341,,,,,0
2008-02-28,12.3329,34.5034,5.9785,0.3684,1.038,5.5486,6.8452,0
2008-02-28,12.0951,34.4016,5.6984,,,,,0
2008-02-28,12.2891,34.4418,5.7558,0.413,0.5234,6.3936,7.6854,0
2008-02-29,12.198,34.4195,5.7253,,,,,0
2008-02-29,12.0011,34.4947,6.0264,0.1999,0.4951,4.6075,5.0232,0
2008-02-29,12.4694,34.5306,5.557,,,,,0
2008-02-29,12.8636,34.5926,5.0962,0.3288,0.5376,5.1382,6.3587,0
2008-02-29,12.8912,34.6007,4.841,,,,,0
2008-02-29,12.9103,34.6116,4.9234,,,,,0
2008-02-29,12.3443,34.5299,5.7661,,,,,0
2008-02-29,12.3631,34.5331,5.7108,,,,,0
2008-02-29,12.9511,34.5745,5.6444,0.4229,0.4998,5.9537,7.1370000000000005,0
2008-02-29,13.7658,34.6329,5.6858,,,,,0
2008-02-29,13.6056,34.6172,5.8062,0.2346,0.5824,4.4169,5.1913,0
2008-02-29,13.3266,34.5333,4.9294,,,,,0
2008-02-29,13.492,34.5997,5.9086,,,,,0
2008-02-29,13.6836,34.6374,5.6706,0.185,0.4998,3.6963,4.4218,0
2008-02-29,13.6441,34.6289,5.8807,,,,,0
2008-02-29,13.6285,34.6206,5.4737,0.3783,0.5565,4.1930000000000005,4.3953,0
2008-04-01,13.5233,33.9742,6.36,0.3,0.156,8.408999999999999,2.17,0
2008-04-01,14.2083,33.9825,6.13,,,,,0
2008-04-01,14.8432,34.0012,5.58,0.335,0.447,6.216,2.954,0
2008-04-01,14.9451,34.017,5.86,0.375,0.711,4.878,6.966,0
2008-04-01,13.6241,33.9797,5.82,,,,,0
2008-04-01,13.5883,33.9825,5.95,0.318,0.29,6.345,2.109,0
2008-04-01,12.4381,33.9336,5.72,,,,,0
2008-04-03,11.9426,33.9001,6.44,0.634,0.10400000000000001,2.906,2.9560000000000004,0
2008-04-03,11.6986,33.8593,5.82,,,,,0
2008-04-03,11.5906,33.8017,6.13,,,,,0
2008-04-03,12.7262,33.9264,6.13,,,,,0
2008-04-03,12.8418,33.9083,6.56,0.42700000000000005,0.28,3.4210000000000003,1.957,0
2008-04-03,14.8098,33.9633,6.42,,,,,0
2008-04-03,15.5656,34.0084,5.53,,,,,0
2008-04-03,15.6984,34.0031,5.6,0.33299999999999996,0.851,6.983,4.97,0
2008-04-03,15.4116,33.986999999999995,5.82,,,,,0
2008-04-03,15.3159,33.9933,6.16,0.355,0.57,4.77,5.4670000000000005,0
2008-04-03,12.6649,33.8308,6.2,,,,,0
2008-04-03,11.9296,33.9127,6.38,0.249,0.155,1.882,2.389,0
2008-04-04,11.6357,33.8593,6.32,,,,,0
2008-04-04,10.9672,33.6347,6.13,,,,,0
2008-04-04,11.1844,33.5778,6.13,,,,,0
2008-04-04,11.1753,33.6095,6.4,0.43200000000000005,0.311,5.3260000000000005,6.206,0
2008-04-04,11.6354,33.6443,6.23,,,,,0
2008-04-04,14.0408,33.9281,6.0,0.39,0.377,4.135,4.3580000000000005,0
2008-04-04,14.8213,33.9639,5.92,,,,,0
2008-04-04,15.2845,33.9803,5.88,0.33799999999999997,0.44799999999999995,2.985,4.353,0
2008-04-05,15.3831,33.9764,5.98,0.385,0.6,8.059,6.904,0
2008-04-05,15.5903,33.9922,5.84,,,,,0
2008-04-05,15.6104,34.0104,5.7,0.39399999999999996,0.57,4.68,4.2860000000000005,0
2008-04-05,15.5756,34.0182,5.62,,,,,0
2008-04-05,15.9371,34.0089,5.87,0.39899999999999997,0.688,9.901,4.7780000000000005,0
2008-04-05,15.9407,34.0125,5.72,,,,,0
2008-04-05,15.9309,33.9892,5.99,0.21600000000000003,0.19899999999999998,4.1110000000000015,3.651,0
2008-04-05,15.9662,33.997,5.7,,,,,0
2008-04-05,15.499,33.9671,4.74,0.314,0.34,3.94,4.666,0
2008-04-05,15.2199,33.9503,5.08,,,,,0
2008-04-05,15.0919,33.9287,5.03,0.263,0.209,2.181,6.266,0
2008-04-06,14.5633,33.9058,5.05,,,,,0
2008-04-06,13.2607,33.7977,5.28,0.369,0.33299999999999996,4.856,4.493,0
2008-04-06,11.0181,32.8699,5.23,,,,,0
2008-04-06,11.4178,33.3866,6.1,,,,,0
2008-04-06,12.1166,33.6507,6.16,0.526,0.305,9.907,10.386,0
2008-04-06,12.5441,33.7398,5.92,,,,,0
2008-04-06,12.961,33.7182,6.1,0.317,0.172,3.52,4.405,0
2008-04-06,13.3928,33.7874,5.82,,,,,0
2008-04-06,13.8483,33.8578,5.66,0.32799999999999996,0.325,5.562,4.714,0
2008-04-06,14.1121,33.8701,5.93,,,,,0
2008-04-06,14.272,33.9036,6.24,0.326,0.51,8.083,5.207999999999998,0
2008-04-06,14.3804,33.9163,6.13,,,,,0
2008-04-07,14.0489,33.8824,5.85,0.293,0.369,3.915,4.374,0
2008-04-07,13.8438,33.8676,6.13,,,,,0
2008-04-07,12.8688,33.765,6.25,0.396,0.348,11.338,7.874,0
2008-04-07,12.4279,34.3358,6.6796,0.826,0.2226,9.3062,10.3494,0
2008-04-07,12.7546,34.5656,6.3333,,,,,0
2008-04-07,11.9104,33.6203,6.13,,,,,0
2008-04-07,12.7828,34.5921,5.8423,0.1531,0.1774,1.0303,4.1802,0
2008-04-07,12.8882,34.575,6.0008,,,,,0
2008-04-07,11.1502,34.3434,6.3266,0.1985,0.2226,3.2839,5.0738,0
2008-04-07,10.8756,34.2905,6.5316,,,,,0
2008-04-07,10.9917,34.2917,5.5608,0.2168,0.1607,4.6623,4.9191,0
2008-04-08,11.0064,34.3221,6.405,0.3931,0.5701,7.5753,5.5721,0
2008-04-08,11.0283,34.3103,6.393,,,,,0
2008-04-08,11.0631,34.2914,6.1468,0.2031,0.1893,5.3156,5.0824,0
2008-04-08,10.9265,34.284,5.5202,,,,,0
2008-04-08,11.0402,34.2752,5.6744,0.2177,0.2226,4.4741,5.0738,0
2008-04-08,11.1587,34.3049,5.4569,,,,,0
2008-04-08,11.3543,34.3442,6.3155,0.1405,0.1417,2.9577,4.9878,0
2008-04-08,13.1273,34.4794,6.0429999999999975,,,,,0
2008-04-08,12.6625,34.4666,4.9709,0.1522,0.2702,2.4574,3.8107,0
2008-04-08,12.6447,34.2975,5.9825,,,,,0
2008-04-08,12.8723,34.5178,6.066,,,,,0
2008-04-08,12.8532,34.3407,5.306,0.1692,0.2702,1.7942,4.9019,0
2008-04-08,12.6225,34.4737,5.4777,,,,,0
2008-04-08,13.0135,34.5635,5.2203,0.1716,0.2893,2.0959,4.1974,0
2008-04-08,11.4391,34.2914,6.2047,,,,,0
2008-04-08,11.2457,34.2959,6.6612,0.2167,0.2559,4.0939,5.048,0
2008-04-08,11.4015,34.3491,6.4765,,,,,0
2008-04-09,11.2414,34.3466,6.4278,0.1671,0.2369,3.5929,5.4862,0
2008-04-09,11.4264,34.4324,6.2958,,,,,0
2008-04-09,10.6468,34.343,6.4002,0.2115,0.1607,2.0528,4.8676,0
2008-04-11,6.16,31.592,7.857,0.426,0.3568,12.6812,5.1217,0
2008-04-11,6.53,31.9,,,,,,0
2008-04-11,7.87,32.096,9.2778,0.1531,0.0798,1.8085,0.6242,0
2008-04-11,7.76,31.839,,,,,,0
2008-04-11,7.99,31.89,9.1784,0.0389,0.0869,3.2236,0.7286,0
2008-04-11,8.4,32.324,,,,,,0
2008-04-11,8.6,32.609,8.5532,0.1776,0.091,1.3621,0.4452,0
2008-04-11,8.55,32.558,8.7521,,,,,0
2008-04-11,8.7,32.613,7.8286,0.201,0.1378,1.863,0.8942,0
2008-04-11,8.77,32.672,7.6013,0.4704,0.0104,2.0488,0.8782,0
2008-04-11,8.77,32.669000000000004,,,,,,0
2008-04-12,8.63,32.504,7.715,0.4207,0.0144,3.1108,1.5239,0
2008-04-12,8.11,32.246,,,,,,0
2008-04-12,7.86,32.312,8.3117,0.1762,0.1385,1.8517,0.5807,0
2008-04-12,7.34,32.277,,,,,,0
2008-04-12,7.03,32.219,8.4964,0.4,0.1422,5.8298,3.1416,0
2008-04-12,7.31,31.888,,,,,,0
2008-04-12,7.67,31.978,8.2691,0.3994,0.0917,2.5881,1.7538,0
2008-04-12,12.3476,34.4967,5.7860000000000005,0.1657,0.4083,2.9164,4.3864,0
2008-04-12,12.5781,34.5387,5.9167,,,,,0
2008-04-12,12.3705,34.5141,5.8395,0.26,0.7653,7.9186,4.5754,0
2008-04-12,12.4386,34.4426,5.9089,,,,,0
2008-04-12,12.9738,34.5596,5.8653,0.1837,0.4178,2.818,4.3606,0
2008-04-12,12.6552,34.5592,6.0311,,,,,0
2008-04-12,13.5931,34.5561,5.7859,0.261,0.1941,1.2143,3.1491,0
2008-04-12,13.7239,34.596,5.6034,,,,,0
2008-04-12,13.6797,34.5991,5.6049,,,,,0
2008-04-14,8.38,32.085,9.1642,0.5333,0.3109,3.5207,1.1999,0
2008-04-14,7.75,32.133,,,,,,0
2008-04-14,8.5,32.343,9.4341,0.3828,0.2258,5.6936,2.6226,0
2008-04-14,10.73,32.408,,,,,,0
2008-04-14,14.3704,34.5025,5.3131,,,,,0
2008-04-14,10.16,32.512,9.2068,0.4362,0.0426,2.2466,0.7003,0
2008-04-14,14.4538,34.5557,5.6416,,,,,0
2008-04-14,14.6263,34.5833,5.4178,0.1326,0.4368,2.125,3.8966,0
2008-04-14,10.66,32.597,,,,,,0
2008-04-14,12.7681,34.5184,5.5104,,,,,0
2008-04-14,12.24,32.695,8.1128,0.3779,0.1262,9.591,0.6424,0
2008-04-14,12.7478,34.4614,5.9452,0.0445,0.1512,,4.7387,0
2008-04-14,12.18,32.828,,,,,,0
2008-04-14,12.5943,34.4995,6.2492,,,,,0
2008-04-14,10.39,32.755,7.9423,0.418,0.1486,2.53,0.5089,0
2008-04-14,11.27,32.653,7.8712,,,,,0
2008-04-14,12.7086,34.5271,5.892,0.149,0.532,2.5155,3.8451,0
2008-04-15,13.8157,34.6613,5.7447,,,,,0
2008-04-15,13.8041,34.6139,5.7396,0.068,0.2607,1.1492,4.0685,0
2008-04-15,10.71,32.71,8.0986,0.1324,0.2537,2.0675,0.2388,0
2008-04-15,10.68,32.804,8.0986,0.4721,0.1677,1.7,0.6209,0
2008-04-15,9.75,32.669000000000004,,,,,,0
2008-04-15,10.68,32.788000000000004,7.5871,0.5001,0.1783,3.1758,1.179,0
2008-04-15,12.5454,34.4094,5.0912,,,,,0
2008-04-15,10.98,32.602,,,,,,0
2008-04-15,12.1247,34.3306,6.2513,0.3723,0.0846,0.2086,4.4723,0
2008-04-15,10.59,32.587,9.5762,0.2845,0.1012,2.7904,0.7385,0
2008-04-15,11.918,34.3234,6.6924,,,,,0
2008-04-15,10.08,33.328,,,,,,0
2008-04-15,13.3025,34.5146,6.2561,0.3471,0.0727,0.3264,4.5325,0
2008-04-15,10.29,32.113,7.715,0.3086,0.1033,2.6272,1.259,0
2008-04-15,13.1616,34.4083,6.4294,,,,,0
2008-04-15,14.7228,34.5724,6.0459,0.1229,0.0798,0.2578,1.1385,0
2008-04-15,14.4059,34.5389,5.7437,,,,,0
2008-04-15,14.5797,34.5505,5.7285,,,,,0
2008-04-16,9.62,32.604,,,,,,0
2008-04-16,12.04,32.911,8.8658,,,,,0
2008-04-16,11.76,32.92,8.2833,0.3777,0.2716,1.4865,1.0955,0
2008-04-16,11.25,32.814,,,,,,0
2008-04-16,11.61,32.78,7.857,0.5435,0.0503,1.8547,0.6471,0
2008-04-16,10.43,32.84,,,,,,0
2008-04-16,10.07,32.631,7.3882,1.6734,0.2972,11.0302,12.1685,0
2008-04-18,13.46,33.359,8.7663,,,,,0
2008-04-18,11.84,33.399,9.2494,0.0936,0.0897,1.9047,1.6417,0
2008-04-18,11.96,33.55,,,,,,0
2008-04-19,11.76,33.665,8.1696,0.28300000000000003,0.1197,2.7032,0.6461,0
2008-04-19,13.78,34.129,,,,,,0
2008-04-19,13.7,34.21,7.6581,0.2058,0.1222,4.7603,2.3417,0
2008-04-19,13.07,33.892,,,,,,0
2008-04-19,13.97,34.328,7.6297,0.4193,0.0894,3.4254,1.7046,0
2008-04-19,14.63,34.484,,,,,,0
2008-04-20,15.0393,34.5654,5.5759,,,,,0
2008-04-20,15.0863,34.5663,5.4976,,,,,0
2008-04-20,14.8791,34.5172,5.6194,0.1591,0.1703,0.8503,2.2727,0
2008-04-20,15.1157,34.551,5.5212,,,,,0
2008-04-20,15.019,34.5928,5.4955,0.3622,0.4868,2.5652,4.816,0
2008-04-20,14.7506,34.5896,5.636,,,,,0
2008-04-20,15.492,34.5572,5.6806,,,,,0
2008-04-20,15.425999999999998,34.5598,5.5789,0.1627,0.0965,0.2129,1.4736,0
2008-04-20,14.972,34.5229,5.7503,,,,,0
2008-04-20,14.896,34.4921,5.5633,0.396,0.1512,0.8501,2.3414,0
2008-05-15,18.06,33.871,5.5760000000000005,0.1036,0.2333,0.6852,3.1482,0
2008-05-15,17.37,34.032,5.7352,0.0987,0.1233,0.0576,4.0173,0
2008-05-15,17.82,34.326,5.7319,0.0839,0.1082,1.3693,3.3896,0
2008-05-15,17.22,34.234,5.8243,0.0349,0.0737,3.5324,4.9444,0
2008-05-15,15.42,33.117,6.294,0.0447,0.1708,1.3436,8.7493,0
2008-05-15,15.42,33.117,6.224,0.0496,0.1815,0.5,6.9917,0
2008-05-15,15.28,32.383,6.3511,0.1281,0.3973,1.3796,9.6571,0
2008-05-15,15.19,32.389,6.3014,0.1134,0.27,0.8909,7.6387,0
2008-05-15,15.59,33.008,5.5708,0.079,0.3563,1.0941,8.6238,0
2008-05-16,14.98,32.001,6.9181,0.5155,0.4405,4.7618,7.8029,0
2008-05-16,14.81,32.914,6.6553,0.0987,0.3045,3.1594,9.4833,0
2008-05-16,14.71,32.344,6.5324,0.03,0.3477,2.1332,9.406,0
2008-05-16,14.19,32.318000000000005,6.5185,0.182,0.2484,2.0946,9.5605,0
2008-05-16,14.92,32.488,6.3813,0.0692,0.3498,2.3724,6.1709,0
2008-05-16,15.28,33.111,6.2329,0.0447,0.147,3.7716,7.8898,0
2008-05-16,16.67,33.907,5.6393,0.0692,0.2269,2.5241,6.1902,0
2008-05-16,18.47,34.361999999999995,5.8447,0.0839,0.4103,3.2906,3.1482,0
2008-05-16,18.51,34.201,4.7634,0.0545,0.3218,3.4346,4.336,0
2008-05-16,19.6,34.248000000000005,5.4452,0.0643,0.1535,2.6193,3.4282,0
2008-05-16,19.1,33.957,5.5973,0.0889,0.0845,4.2808,2.8198,0
2008-05-16,20.21,34.38,5.483,0.1085,0.1427,2.6604,1.6899,0
2008-05-17,19.98,34.339,5.4795,0.4223,0.2679,3.4629,1.9121,0
2008-05-17,19.49,34.271,5.3577,0.1918,0.0672,3.1311,3.4379,0
2008-05-17,18.82,34.386,3.1634,0.2605,0.3434,2.6682,1.6223,0
2008-05-17,18.59,34.321,5.6735,0.0839,0.1039,2.7556,3.3993,0
2008-05-17,15.67,33.047,6.0093,,0.3887,3.27,7.349,0
2008-05-17,15.1,33.283,6.0322,0.0545,0.0715,3.8796,7.6387,0
2008-05-17,15.28,32.569,6.1576,0.133,0.3908,2.9254,6.5668,0
2008-05-17,15.36,32.46,6.4809,0.0889,0.1298,2.7325,9.1839,0
2008-05-17,16.07,32.517,6.621,0.0889,0.3283,4.9238,10.9415,0
2008-05-17,17.62,27.969,6.1187,0.0594,,,6.7599,0
2008-06-11,17.8824,34.165,5.5533,0.0504,0.0077,1.0072,4.2731,0
2008-06-11,17.6572,34.39,5.539,,,,,0
2008-06-11,17.8649,34.1456,5.5204,0.1212,0.0383,1.0227,4.3732,0
2008-06-11,18.8312,34.2409,5.5045,,,,,0
2008-06-11,19.5874,34.3248,5.2933,0.1729,0.0511,1.0428,3.8646,0
2008-06-11,18.2209,34.4349,5.2372,,,,,0
2008-06-12,19.1777,34.4353,5.106,0.1323,0.046,1.1394,3.7062,0
2008-06-12,19.0105,34.4182,5.184,0.2013,0.0128,1.1383,2.4474,0
2008-06-12,18.9092,34.3567,5.2171,,,,,0
2008-06-12,18.8491,34.3483,5.1079,0.1063,0.0818,1.1501,4.1981,0
2008-06-12,19.0606,34.3745,5.3149,,,,,0
2008-06-12,18.82,33.973,4.8,0.223,0.032,5.194,9.492,0
2008-06-12,19.11,33.908,4.65,,,,,0
2008-06-12,19.0423,34.3211,5.1434,0.2188,0.1712,0.9952,3.2727,0
2008-06-12,19.55,33.886,4.46,0.428,0.12,2.121,8.4,0
2008-06-12,19.2484,34.1945,4.9238,,,,,0
2008-06-12,19.2388,34.247,5.2792,0.1943,0.1022,1.0752,4.5899,0
2008-06-12,20.17,33.852,4.31,0.34700000000000003,0.135,1.482,8.939,0
2008-06-12,18.7404,34.1904,5.3399,,,,,0
2008-06-12,19.43,34.004,4.45,,,,,0
2008-06-12,18.1666,34.226,3.8303,0.158,0.0256,1.0905,5.6821,0
2008-06-12,18.05,34.048,4.54,0.502,0.048,1.344,14.851,0
2008-06-12,17.6666,34.2448,5.5596,,,,,0
2008-06-12,18.72,33.995,5.01,,,,,0
2008-06-12,18.3704,34.179,5.5855,,,,,0
2008-06-12,18.3313,34.1869,5.4812,0.19,0.0435,1.1338,5.8238,0
2008-06-12,18.3533,34.1952,5.4196,,,,,0
2008-06-12,19.4568,34.1244,5.2178,0.141,0.1278,0.8198,5.1985,0
2008-06-13,19.3382,34.1811,5.127999999999999,,,,,0
2008-06-13,19.1011,34.2127,5.1712,0.155,0.0716,1.4153,5.0401,0
2008-06-13,18.6265,34.338,5.2343,,,,,0
2008-06-13,18.8266,34.367,5.2874,0.2306,0.0716,1.4912,5.2569,0
2008-06-13,18.2972,34.3385,5.336,,,,,0
2008-06-13,19.0394,34.4513,5.3449,0.1831,0.1048,1.5882,5.2402,0
2008-06-13,19.26,33.838,5.63,,,,,0
2008-06-13,18.82,33.97,5.43,,,,,0
2008-06-13,18.71,34.004,7.28,0.324,0.039,1.3530000000000002,11.085,0
2008-06-13,18.24,33.942,6.28,,,,,0
2008-06-13,19.1768,34.383,5.2708,0.0919,0.1891,1.1224,4.5066,0
2008-06-13,20.49,33.93,5.06,0.5379999999999999,0.043,1.646,9.183,0
2008-06-13,18.9909,34.3139,5.1655,,,,,0
2008-06-13,22.19,33.526,5.41,,,,,0
2008-06-13,19.0521,34.2878,5.2033,0.0776,0.2044,1.5117,4.2898,0
2008-06-13,23.94,33.407,5.18,,,,,0
2008-06-13,19.2715,34.3916,5.0401,,,,,0
2008-06-13,21.56,33.684,5.21,0.539,0.062,1.528,8.361,0
2008-06-13,19.2774,34.3409,4.9231,0.062,0.4011,1.2451,3.7313,0
2008-06-13,21.87,34.012,5.13,,,,,0
2008-06-13,19.4377,34.2054,4.3584,,,,,0
2008-06-13,21.08,33.661,5.15,0.22699999999999998,0.11800000000000001,1.186,10.459,0
2008-06-13,19.4204,34.0586,5.1151,0.0383,0.0741,1.5727,5.0235,0
2008-06-13,19.32,33.899,5.21,,,,,0
2008-06-13,19.3237,34.0518,4.5178,,,,,0
2008-06-13,19.6599,34.0442,5.1925,,,,,0
2008-06-13,19.76,33.933,5.55,0.214,0.054000000000000006,1.223,11.968,0
2008-06-13,19.9,33.889,5.34,,,,,0
2008-06-14,19.47,33.811,5.38,,,,,0
2008-06-14,19.55,33.891,5.21,,,,,0
2008-06-14,19.83,33.905,5.43,0.235,0.046,1.42,11.640999999999998,0
2008-06-14,19.1,33.876999999999995,5.65,,,,,0
2008-06-14,19.34,33.323,5.83,0.253,0.036000000000000004,1.18,10.607,0
2008-06-14,19.82,33.842,5.31,,,,,0
2008-06-14,21.01,33.933,5.1,0.218,0.057,3.989,8.902999999999997,0
2008-06-17,18.5344,34.0234,5.2483,,,,,0
2008-06-17,18.422,34.0363,5.2358,,,,,0
2008-06-17,19.1119,33.9461,5.1372,0.0208,0.2683,1.0728,6.6825,0
2008-06-17,19.0225,34.1832,5.0895,,,,,0
2008-06-17,18.8656,34.4082,5.2353,0.0445,0.2376,0.9935,2.9809,0
2008-06-17,19.1507,34.4403,5.1385,,,,,0
2008-06-17,19.4378,34.3929,5.1356,0.0155,0.2223,1.1355,2.7475,0
2008-06-17,19.1515,34.3919,5.1351,,,,,0
2008-06-17,19.3042,34.449,5.1855,0.0536,0.0741,1.7685,3.0143,0
2008-06-17,18.9259,34.4296,5.2292,,,,,0
2008-06-17,18.8904,34.4247,5.152,0.1488,0.0716,1.1876,4.2148,0
2008-06-17,18.8026,34.4087,5.2369,,,,,0
2008-06-17,18.9517,34.3712,5.1876,0.1798,0.1891,1.3781,3.1227,0
2008-06-17,19.5508,33.9939,5.1171,,,,,0
2008-06-17,19.3653,33.9247,4.9933,0.1224,0.1431,1.4168,5.1819,0
2008-06-17,19.4616,33.9109,4.9882,,,,,0
2008-06-17,19.4053,33.931,4.6036,,,,,0
2008-06-19,19.22,32.526,5.07,0.598,0.043,3.498,13.092,0
2008-06-19,20.81,33.332,5.18,,,,,0
2008-06-20,19.6656,33.8756,5.0192,,,,,0
2008-06-20,19.6764,33.8596,5.0551,,,,,0
2008-06-20,19.4347,33.6658,5.0206,0.1556,0.1993,0.8493,8.3999,0
2008-06-20,20.4766,33.6826,4.909,,,,,0
2008-06-20,19.903,33.8928,5.0322,0.2685,0.4701,0.8175,3.798,0
2008-06-20,19.7584,34.1714,5.0337,,,,,0
2008-06-20,20.8661,33.7967,4.9418,,,,,0
2008-06-20,20.8895,33.6598,5.0195,0.3077,0.3194,1.0054,7.3411,0
2008-06-20,20.5116,33.6435,5.0255,,,,,0
2008-06-20,19.4469,33.638000000000005,5.1904,0.156,0.4548,0.8797,7.5328,0
2008-06-21,21.3,32.572,4.95,0.35,0.044000000000000004,2.077,8.177,0
2008-06-21,21.22,32.535,4.8,,,,,0
2008-06-21,21.97,32.398,4.85,0.39299999999999996,0.065,1.537,6.6179999999999986,0
2008-06-21,21.55,32.767,4.88,,,,,0
2008-06-21,21.1815,31.1637,4.89,0.493,0.057999999999999996,1.839,9.783,0
2008-06-22,21.1929,31.79,5.58,,,,,0
2008-06-22,21.0091,31.8694,6.31,0.27399999999999997,0.07200000000000001,2.661,9.355,0
2008-06-22,21.35,32.428000000000004,5.72,,,,,0
2008-07-03,21.243,32.113,5.1,0.22699999999999998,0.047,2.9130000000000003,12.709,0
2008-07-03,21.157,30.364,5.28,,,,,0
2008-07-03,21.515,30.163,5.51,0.7020000000000001,0.079,5.336,16.187,0
2008-07-03,21.627,30.614,5.08,,,,,0
2008-07-03,21.365,29.955,5.11,,,,,0
2008-07-03,21.177,30.641,5.4,0.331,0.10300000000000001,1.26,9.803,0
2008-07-03,21.188,31.039,5.31,,,,,0
2008-07-04,21.244,31.45,5.04,0.35100000000000003,0.016,7.501,13.271,0
2008-07-04,21.277,31.454,5.23,,,,,0
2008-07-04,21.035,30.835,5.34,0.258,0.033,1.499,11.637,0
2008-07-04,21.221,30.65,5.61,,,,,0
2008-07-04,20.941,30.911,5.26,0.737,0.11199999999999999,1.283,12.204,0
2008-07-04,21.097,32.444,5.43,,,,,0
2008-07-05,21.308000000000003,32.554,5.22,0.20600000000000002,0.495,1.139,11.478,0
2008-07-05,21.069000000000006,31.374,5.2,,,,,0
2008-07-05,18.331,33.094,5.29,0.247,0.35,1.556,11.14,0
2008-07-05,19.511,32.765,5.2,,,,,0
2008-07-06,20.662,31.764,,,,,,0
2008-07-06,20.675,32.267,5.7542,0.1947,0.0881,3.6809,6.6879,0
2008-07-06,20.888,32.11,,,,,,0
2008-07-07,19.53,32.376,5.9958,0.077,0.2116,2.3349,8.2859,0
2008-07-07,20.481,31.653,,,,,,0
2008-07-07,22.558000000000003,30.98,6.01,0.1992,0.11199999999999999,2.8226,10.4482,0
2008-07-07,22.676,30.764,,,,,,0
2008-07-07,22.617,30.709,5.7969,0.0531,0.1085,3.7246,12.6637,0
2008-07-07,22.561,30.974,5.74,,,,,0
2008-07-07,21.332,32.357,5.74,,,,,0
2008-07-07,21.476,32.428000000000004,5.3279999999999985,0.0345,0.1011,3.4014,5.1376,0
2008-07-07,21.3,32.423,,,,,,0
2008-07-07,20.893,32.281,5.8679,0.0482,0.1559,2.2126,4.0718,0
2008-07-07,18.854,32.306999999999995,,,,,,0
2008-07-08,15.841,32.753,6.3794,0.3958,0.345,5.0882,10.1474,0
2008-07-08,21.128,32.729,,,,,,0
2008-07-08,22.371,32.7,6.0384,0.5508,0.2489,6.7271,15.1981,0
2008-07-08,22.152,32.371,,,,,,0
2008-07-08,23.009,32.191,5.598,0.1156,0.0872,1.7106,2.8876,0
2008-07-08,22.625,32.216,,,,,,0
2008-07-08,22.408,32.255,5.7542,0.0938,0.1081,1.5318,2.1702,0
2008-07-08,22.103,32.263000000000005,,,,,,0
2008-07-09,21.836,32.653,5.4417,0.0247,0.0992,1.4406,2.6087,0
2008-07-09,22.269,32.759,5.5838,0.1243,0.045,1.8337,2.7394,0
2008-07-09,22.235,32.532,5.74,,,,,0
2008-07-09,22.101,32.506,5.669,0.071,0.1215,1.5976,2.8811,0
2008-07-09,21.564,32.233000000000004,,,,,,0
2008-07-09,22.563,32.269,5.6548,0.0986,0.0258,1.6714,2.8043,0
2008-07-09,22.386,32.256,,,,,,0
2008-07-09,22.231,32.24,5.8679,0.1891,0.0258,1.4787,1.6895,0
2008-07-09,22.902,32.066,,,,,,0
2008-07-09,22.619,32.251999999999995,5.9674,0.1448,0.0408,3.817,7.1978,0
2008-07-09,20.103,32.25,,,,,,0
2008-07-09,23.114,30.929,7.7576,0.0838,0.1238,3.1709,5.0089,0
2008-07-09,21.371,31.693,6.5783,0.1377,0.0323,1.6689,8.3707,0
2008-07-09,20.248,31.835,,,,,,0
2008-07-10,23.189,32.216,5.9105,0.0857,0.2384,1.9401,6.1037,0
2008-07-10,23.299,32.269,,,,,,0
2008-07-10,23.417,32.267,5.6974,0.0443,0.0504,2.9086,3.4868,0
2008-07-10,22.909,32.221,,,,,,0
2008-07-10,23.24,32.146,5.6264,0.1003,0.0587,1.8385,2.2871,0
2008-07-10,23.111,32.146,,,,,,0
2008-07-10,22.91,32.069,5.74,0.0418,0.0296,1.2399,1.6437,0
2008-07-10,23.155,32.103,5.5127,0.2244,0.0467,4.4632,4.6114,0
2008-07-10,22.927,31.735,5.6974,,,,,0
2008-07-10,23.024,31.834,5.3706,0.1009,0.0694,2.6768,2.8661,0
2008-07-10,22.724,32.06,,,,,,0
2008-07-10,22.574,32.059,5.7542,0.0036,0.0426,1.2961,2.2286,0
2008-07-11,22.995,32.156,,,,,,0
2008-07-11,21.935,32.179,5.4843,0.0467,0.0693,1.8979,5.3469,0
2008-07-11,19.106,31.878,,,,,,0
2008-07-11,17.199,31.867,6.2942,0.2931,0.3647,3.6102,6.2014,0
2008-08-06,23.941,33.157,6.89,0.3286,0.013999999999999999,9.639,4.9589,0
2008-08-06,24.5526,33.7324,3.9451,0.0055,0.031,,2.7657,0
2008-08-06,24.2805,33.6602,3.8738,,,,,0
2008-08-06,26.75800000000001,32.339,5.72,,,,,0
2008-08-06,24.6046,33.8824,3.7948,0.0487,0.0553,6.2738,1.7374,0
2008-08-06,26.662,31.875,6.03,0.2345,0.040999999999999995,7.7810000000000015,7.1885,0
2008-08-06,25.0454,33.6723,3.7926,,,,,0
2008-08-06,25.3358,33.8668,3.7652,0.0247,0.0358,0.4692,1.2192,0
2008-08-06,24.636,32.758,5.41,0.3668,0.084,4.744,7.5206,0
2008-08-06,24.8651,33.7771,3.9225,,,,,0
2008-08-06,25.102,32.659,5.32,,,,,0
2008-08-06,24.272,32.695,5.42,0.3726,0.06,7.274,9.0011,0
2008-08-07,24.9974,33.4659,4.003,0.0343,0.0407,0.4717,0.8655,0
2008-08-07,22.214,33.261,5.23,,,,,0
2008-08-07,24.6261,33.6473,3.6774,0.0343,0.0261,0.3233,3.3003,0
2008-08-07,24.8698,33.9081,3.6944,,,,,0
2008-08-07,25.0722,33.916,3.7472,0.0295,0.0431,0.3914,3.1358,0
2008-08-07,25.398000000000003,32.966,5.51,0.3237,0.106,2.148,10.593,0
2008-08-07,25.464,32.967,4.82,,,,,0
2008-08-07,25.4025,33.1745,3.6498,,,,,0
2008-08-07,24.968000000000004,32.945,5.61,,,,,0
2008-08-07,24.5315,33.4117,3.8446,0.0487,0.0577,0.3404,3.5718,0
2008-08-07,26.288,31.934,5.21,,,,,0
2008-08-07,27.394,32.6,5.1,0.6729,0.636,2.778,14.5369,0
2008-08-07,24.6677,33.6008,3.8491,,,,,0
2008-08-07,26.53,32.14,4.82,,,,,0
2008-08-07,25.064,33.8187,3.6527,0.0199,0.0237,0.615,4.0818,0
2008-08-07,25.1448,33.7846,3.748,,,,,0
2008-08-07,25.0259,33.6736,3.7586,0.0583,0.0261,3.4614,2.9466,0
2008-08-07,24.84,33.7353,3.732,,,,,0
2008-08-08,23.3903,33.7448,4.2737,,,,,1
2008-08-08,23.6782,33.7595,3.9742,0.0295,0.0213,0.3963,2.8479,1
2008-08-08,24.7747,33.786,3.7113,,,,,1
2008-08-08,25.0781,33.7879,3.7801,0.1977,0.0334,0.8921,2.9302,1
2008-08-08,24.8596,33.7793,3.7788,,,,,1
2008-08-08,24.9594,33.5223,3.151,0.092,0.0358,0.2845,2.56,1
2008-08-08,24.8812,33.8636,3.8271,,,,,1
2008-08-08,25.158,33.5493,3.7958,0.0343,0.048,0.4036,2.9795,1
2008-08-08,24.3763,33.1235,3.9088,,,,,1
2008-08-09,29.553,31.565,4.81,,,,,1
2008-08-09,29.454,31.856,4.84,6.2158,0.023,3.037,11.0563,1
2008-08-09,24.1482,33.1053,3.7285,0.0775,0.031,0.3744,4.164,1
2008-08-09,29.144,31.788,5.03,,,,,1
2008-08-09,27.368,31.465,5.06,5.5306,0.013000000000000001,2.952,9.5175,1
2008-08-09,26.111,31.615,5.18,,,,,1
2008-08-09,24.143,32.664,5.77,3.9699,0.013999999999999999,3.645,9.1568,1
2008-08-09,24.692,32.224000000000004,5.72,,,,,1
2008-08-09,25.106,33.027,4.73,,,,,1
2008-08-09,23.52,32.648,5.52,,,,,1
2008-08-09,23.908,32.193000000000005,5.42,3.7798,0.025,5.167000000000002,10.5822,1
2008-08-09,25.482,31.683000000000003,5.2,,,,,1
2008-08-10,26.808000000000003,31.63300000000001,5.01,2.07,0.016,6.884,9.638,1
2008-08-10,27.496,31.125,4.93,,,,,1
2008-08-10,27.143,30.876,5.89,2.8818,0.023,2.432,8.9706,1
2008-08-10,26.1847,33.6054,3.7028,0.092,0.0431,0.1727,2.9631,1
2008-08-10,26.4891,34.11,3.7868,,,,,1
2008-08-11,26.1844,33.4819,3.7537,0.1016,0.0358,0.1994,2.412,0
2008-08-11,25.4842,32.7889,3.8736,,,,,0
2008-08-11,26.2365,32.4337,3.7717,0.0679,0.048,0.6467,3.8679,0
2008-08-11,23.1666,33.4891,4.149,,,,,0
2008-08-11,22.9629,33.382,4.1734,0.0535,0.0092,0.3039,2.741,0
2008-08-11,26.182,31.031,5.52,1.1762,0.141,2.199,8.5437,0
2008-08-11,23.6777,33.2753,4.2473,,,,,0
2008-08-11,28.3832,30.4938,4.52,,,,,0
2008-08-11,23.4186,33.6134,3.9942,,,,,0
2008-08-11,28.958,30.099,5.13,2.1574,0.113,2.287,7.7356,0
2008-08-11,29.185,30.671,4.36,,,,,0
2008-08-11,29.381,32.742,4.63,1.1316,0.076,2.898,2.3913,0
2008-08-13,26.4879,33.9394,3.7804,0.0968,0.0136,0.2338,1.8855,1
2008-08-13,29.366,32.602,4.42,,,,,1
2008-08-13,29.58,30.85,4.72,0.897,0.04,2.311,5.682,1
2008-08-13,29.646,29.532,4.52,,,,,1
2008-08-13,27.7582,31.9734,3.8031,,,,,1
2008-08-13,27.9776,31.9456,3.7293,,,,,1
2008-08-13,27.8484,31.8604,3.7063,0.1064,0.0383,0.5178,5.0853,1
2008-08-13,30.931,29.465,5.32,0.5587,0.062,3.644,7.3365,1
2008-08-13,28.1239,31.9035,3.6298,,,,,1
2008-08-13,29.792,29.242,4.82,,,,,1
2008-08-13,27.6971,32.2896,3.6363,0.1352,0.0431,0.4036,6.8045,1
2008-08-13,29.97300000000001,28.477,4.78,0.8396,0.135,2.353,3.0005,1
2008-08-13,26.9192,32.2658,3.7537,,,,,1
2008-08-13,29.639,28.767,4.45,,,,,1
2008-08-13,29.639,28.767,5.72,2.1923,0.11800000000000001,8.235,12.461,1
2008-08-14,29.878,29.448,5.18,,,,,1
2008-08-14,26.4442,33.974000000000004,3.785,,,,,1
2008-08-14,29.122,29.327,6.68,1.6959,0.12,2.215,14.5304,1
2008-08-14,26.3595,33.8077,3.6408,0.1112,0.0112,0.3286,2.05,1
2008-08-14,29.408,29.252,5.18,0.8869,0.145,2.76,8.3366,1
2008-08-14,26.827,33.6535,3.6351,,,,,1
2008-08-14,28.891,30.759,5.11,,,,,1
2008-08-14,29.623,29.051,5.46,0.5839,0.09300000000000001,3.489,1.1192,1
2008-08-14,26.961,33.5597,3.5897,0.1737,0.0257,0.3652,7.2405,1
2008-08-14,29.441,28.673,5.13,,,,,1
2008-08-14,28.933000000000003,29.401,5.61,0.5815,0.1,13.993,1.7844,1
2008-08-14,27.5631,32.0749,3.6492,,,,,1
2008-08-14,28.736,29.562,4.72,,,,,1
2008-08-14,29.05,29.799,5.4,0.6675,0.096,7.48,1.6392,1
2008-08-14,25.8911,32.2016,4.625,0.11599999999999999,0.0377,0.3604,2.5765,1
2008-08-14,29.103,29.031,4.81,,,,,1
2008-08-14,20.2409,32.9357,4.4829,,,,,1
2008-08-14,29.215,29.489,5.51,0.4557,0.047,2.674,3.0977,1
2008-08-14,18.7501,33.2513,4.6006,0.0968,0.0184,0.2339,2.157,1
2008-08-14,29.359,29.422,5.21,,,,,1
2008-08-14,21.6295,32.5473,4.8513,,,,,1
2008-08-14,22.0109,32.4324,4.8329,,,,,1
2008-08-14,28.851,28.993,5.14,1.3954,0.078,1.849,4.4122,1
2008-08-14,28.718000000000004,29.475,5.02,,,,,1
2008-08-14,27.559,30.489,4.97,1.2102,0.0045,3.201,5.0168,1
2008-08-14,26.761,31.003,4.38,,,,,1
2008-08-16,27.693,30.754,,,,,,1
2008-08-16,26.876,31.143,5.1996,0.4362,0.1086,4.4242,7.8815,1
2008-08-16,27.221,31.214,,,,,,1
2008-08-16,27.715,30.734,4.9108,0.5452,,,5.0008,1
2008-08-16,21.121,32.174,6.0094,0.4703,0.0924,0.9758,7.3383,1
2008-08-16,23.855,31.869,,,,,,1
2008-08-16,29.83,30.95,4.7622,0.1394,0.0027,1.0173,5.2253,1
2008-08-16,23.45,31.777,5.5832,0.2612,0.0616,1.0609,9.3192,1
2008-08-17,28.297,30.736,,,,,,1
2008-08-17,28.762,29.211,5.1144,0.4095,0.2568,2.2253,2.013,1
2008-08-17,29.32,32.81,4.7509,0.2062,0.1762,1.4937,3.9375,1
2008-08-17,29.6,32.77,4.6823,0.1728,0.2105,2.3835,5.0481,1
2008-08-17,28.82,29.425,5.3275,,,,,1
2008-08-17,29.38,30.57,4.7623,0.1632,0.2307,2.0836,5.7806,1
2008-08-17,29.51,29.89,4.8437,0.2014,0.3134,1.4383,7.9546,1
2008-08-17,29.48,30.67,4.525,0.2635,0.2569,1.9525,6.7258,1
2008-08-17,29.64,28.85,4.8764,0.2014,0.2408,4.9824,7.033,1
2008-08-17,29.63,28.46,4.8437,0.1967,0.2307,3.0792,9.1715,1
2008-08-17,22.137,32.172,,,,,,1
2008-08-17,29.56,28.74,4.878,0.1776,0.0188,4.3824,10.2467,1
2008-08-17,21.738000000000003,32.149,5.6827,0.2021,0.0152,0.736,8.5244,1
2008-08-17,29.49,29.06,4.9107,0.2301,0.0188,1.8744,8.3445,1
2008-08-17,29.55,30.07,4.7244,0.168,0.0208,0.8686,7.7065,1
2008-08-17,29.34,31.16,4.82,0.0821,,2.4138,9.4196,1
2008-08-17,29.38,31.5,4.8651,0.0773,,1.5643,7.5765,1
2008-08-18,29.24,30.48,4.8551,0.1346,,1.1131,9.9749,0
2008-08-18,29.29,28.75,4.9808,0.1155,0.0229,2.8398,7.7183,0
2008-08-19,24.1719,32.1212,3.9455,,,,,0
2008-08-19,24.2561,32.102,3.9704,,,,,0
2008-08-19,24.7771,32.3502,3.9072,0.1833,0.0281,0.1367,2.5107,0
2008-08-19,24.2476,32.4307,3.8318,,,,,0
2008-08-19,25.2457,32.3291,3.7441,0.1833,0.0377,0.1343,4.9948,0
2008-08-19,26.1474,32.2182,3.6632,,,,,0
2008-08-19,26.4289,31.8813,3.7344,,,,,0
2008-08-19,25.0903,32.1864,4.3156,0.1881,0.0667,0.0786,5.8092,0
2008-08-19,24.0269,32.4574,4.0088,,,,,0
2008-08-19,22.8561,32.2367,4.171,0.2938,0.2743,3.1403,5.5377,0
2008-08-20,21.738000000000003,32.149,5.6827,0.2021,0.0152,0.736,8.5244,1
2008-08-20,29.05,29.19,5.0711,0.1919,,2.8045,10.0695,1
2008-08-20,27.047,31.549,4.9297,0.1299,0.0706,1.1036,6.1359,1
2008-08-20,27.19,31.518,,,,,,1
2008-08-20,28.73,29.09,5.0254,0.1585,,0.9745,5.4144,1
2008-08-20,27.332,31.026,4.8303,0.1212,0.0634,0.76,6.9632,1
2008-08-20,29.94,29.49,4.7701,0.1919,,1.1307,7.6474,1
2008-08-20,27.483,30.726,8.8649,,,,,1
2008-08-20,27.14,29.84,4.9112,0.1585,,1.3979,5.5916,1
2008-08-20,28.44,30.48,4.888,0.2396,,1.2467,7.0921,1
2008-08-20,28.16,30.23,4.9336,0.1967,,1.408,7.9309,1
2008-08-21,28.18,30.36,5.5406,0.3017,,1.2769,5.6388,1
2008-08-21,27.15,30.42,5.2037,0.3972,0.0208,2.9356,8.7226,1
2008-08-21,22.699,32.138000000000005,5.1428,0.6602,0.48100000000000004,4.5902,10.7795,1
2008-08-21,27.83,30.22,4.7815,0.0677,0.0168,2.0079,4.9299,1
2008-08-21,25.66800000000001,31.852,,,,,,1
2008-08-21,28.65,29.15,4.6938,0.1489,0.0249,1.9147,2.8978,1
2008-08-21,25.046,32.036,5.3417,0.1007,0.0681,0.6745,4.3772,1
2008-08-21,28.66,29.09,4.7181,0.2683,,3.4775,6.2296,1
2008-08-21,25.967,31.97300000000001,,,,,,1
2008-08-21,29.07,29.35,4.9571,0.1394,,2.5801,5.9697,1
2008-08-21,26.34800000000001,31.954,5.3559,0.1186,0.0814,0.3039,3.5627,1
2008-08-21,26.339,32.053000000000004,,,,,,1
2008-08-21,28.8,30.14,4.7737,0.1107,0.0047,1.9071,8.0373,1
2008-08-21,25.877,31.931,5.228,0.1147,0.0746,1.3929,1.889,1
2008-08-21,29.22,29.05,4.648,0.0582,0.037000000000000005,3.1473,6.0524,1
2008-08-21,25.867,31.955,5.157,0.151,0.0264,1.0289,2.1918,1
2008-08-21,29.08,31.63,4.7966,0.0868,0.0128,3.9564,5.5089,1
2008-08-21,29.25,30.43,4.1137,0.1346,,1.466,6.3714,1
2008-08-21,25.911,31.409,,,,,,1
2008-08-21,25.731,31.861,5.3275,0.2101,0.0499,2.2248,3.8187,1
2008-08-21,25.998,31.931,,,,,,1
2008-08-21,25.503,31.985,5.4696,0.0687,0.0861,0.8527,5.6243,1
2008-08-22,24.931,32.078,,,,,,1
2008-08-22,24.734,32.013000000000005,5.7253,0.1672,0.017,1.1283,3.3585,1
2008-08-22,23.823,31.996,,,,,,1
2008-08-22,24.582,31.121,6.2083,0.2221,0.0516,1.5547,3.6573,1
2008-08-25,24.462,31.362,5.4411,0.2915,0.0586,0.9225,4.4671,1
2008-08-25,24.531,31.48,,,,,,1
2008-08-25,23.205,31.937,5.8389,0.3627,0.0674,1.0406,4.2219,1
2008-08-25,24.899,32.116,,,,,,1
2008-08-25,24.06,32.072,5.2991,0.0637,0.1329,1.2576,4.1975,1
2008-08-25,23.772,31.968000000000004,,,,,,1
2008-08-25,24.054,31.844,5.2565,0.1227,0.0403,1.023,2.3817,1
2008-08-25,24.749,31.701,,,,,,1
2008-08-25,24.561,31.523000000000003,5.1996,0.16,0.098,1.1409,1.4832,1
2008-08-25,23.749,31.682,5.2138,0.3775,0.0978,2.6183,2.3193,1
2008-08-26,24.323,31.584,5.0007,,,,,0
2008-08-26,23.86,31.373,5.086,0.0604,0.0258,1.5009,2.911,0
2008-08-26,23.822,31.189,8.7513,,,,,0
2008-08-26,23.814,31.574,5.086,0.0796,0.0398,0.8246,2.2312,0
2008-08-26,24.361,31.853,,,,,,0
2008-08-26,24.122,32.062,5.3275,0.1812,0.0546,1.3522,4.8149,0
2008-08-26,23.752,32.022,,,,,,0
2008-08-26,23.58,31.989,5.6827,0.124,0.0376,0.5715,3.2847,0
2008-08-26,23.05,31.547,,,,,,0
2008-08-26,22.884,31.239,5.2991,0.3131,0.5122,3.9924,5.4078,0
2008-10-09,20.2284,32.1761,6.4131,0.0903,0.0899,0.1343,5.2029,0
2008-10-09,21.4504,32.6492,6.1738,,,,,0
2008-10-09,22.5173,32.7101,5.9949,0.0645,0.1536,0.1507,1.3386,0
2008-10-09,23.2004,32.7459,6.0405,,,,,0
2008-10-09,23.256,32.221,5.17,0.1197,0.043,4.601,12.3393,0
2008-10-09,23.084,32.323,5.1,,,,,0
2008-10-09,25.158,33.203,5.06,0.006999999999999999,0.057,4.041,8.7776,0
2008-10-09,22.5743,32.5774,6.2647,0.0161,0.1426,0.027000000000000003,2.3268,0
2008-10-09,21.8709,33.2021,6.1524,,,,,0
2008-10-09,21.6318,33.2762,6.2023,0.0548,0.2171,0.1073,1.9573,0
2008-10-09,22.912,32.306999999999995,5.47,0.1004,0.195,6.7010000000000005,17.5984,0
2008-10-09,22.864,32.081,6.21,,,,,0
2008-10-09,22.646,32.231,6.89,0.0828,0.067,5.135,15.8926,0
2008-10-09,22.683000000000003,32.106,5.77,,,,,0
2008-10-09,21.4487,33.1115,5.9834,0.0581,0.0922,0.0934,2.6067,0
2008-10-10,22.976,32.072,4.51,0.0333,0.16399999999999998,3.202,14.4302,0
2008-10-10,21.456,32.9659,5.9986,,,,,0
2008-10-10,22.715,32.277,5.03,,,,,0
2008-10-10,21.9883,33.1696,6.0469,0.1161,0.0904,0.1318,0.962,0
2008-10-10,22.92,32.19,4.46,,,,,0
2008-10-10,21.646,33.0969,6.1238,,,,,0
2008-10-10,23.06,32.173,4.7,,,,,0
2008-10-10,22.4571,32.8969,6.1811,0.0226,0.2771,0.4668,5.2819,0
2008-10-10,24.997,33.285,5.05,0.0477,0.07200000000000001,2.822,9.4013,0
2008-10-10,22.8246,32.9015,5.9648,,,,,0
2008-10-10,25.575,33.467,5.0,,,,,0
2008-10-10,21.9149,32.5965,6.0447,0.0581,0.0839,0.0554,3.3584,0
2008-10-10,25.187,33.512,4.31,,,,,0
2008-10-10,20.7345,32.7714,6.2806,,,,,0
2008-10-10,22.4232,32.6199,6.113,0.0032,0.0877,0.1401,6.5105,0
2008-10-10,25.746,33.438,4.69,0.1023,0.142,8.917,10.9129,0
2008-10-10,22.2276,32.5358,6.0379,,,,,0
2008-10-10,25.576,33.337,5.12,,,,,0
2008-10-10,23.897,32.727,5.55,0.04,0.14,4.8610000000000015,15.8194,0
2008-10-10,22.612,32.359,5.2,,,,,0
2008-10-10,22.842,32.365,5.04,0.0204,0.13,7.637,10.9474,0
2008-10-10,22.914,32.228,5.12,,,,,0
2008-10-10,22.998,32.223,4.87,,,,,0
2008-10-10,22.856,32.181,5.41,,,,,0
2008-10-10,22.74,32.179,5.53,0.0324,0.046,2.869,6.3168,0
2008-10-10,22.533,32.229,5.52,,,,,0
2008-10-12,20.944000000000006,31.926,5.46,0.0418,0.042,20.305,15.5753,0
2008-10-12,23.25,32.368,5.19,,,,,0
2008-10-12,21.1203,32.6777,6.1306,,,,,0
2008-10-12,21.5838,32.5483,6.0751,0.0065,0.2186,0.1831,4.5716,0
2008-10-12,24.932,33.287,4.86,0.0538,0.019,19.011,9.2827,0
2008-10-12,22.3096,32.6723,5.2738,,,,,0
2008-10-12,25.524,33.358000000000004,5.13,0.0168,0.009000000000000001,13.206,9.6104,0
2008-10-12,23.2613,33.0323,5.8759,0.028999999999999998,0.2697,0.3496,1.457,0
2008-10-12,25.881,33.42,5.02,,,,,0
2008-10-12,22.6308,33.2684,6.0027,,,,,0
2008-10-12,25.566,33.383,4.8,0.0139,0.023,6.697,10.2476,0
2008-10-12,25.034,33.256,4.71,,,,,0
2008-10-12,21.3478,33.0976,6.1588,0.2258,0.0855,0.2534,1.5922,0
2008-10-12,21.5191,32.9177,6.1021,,,,,0
2008-10-12,21.3025,33.0017,6.1558,0.3387,0.0435,0.2152,1.9781,0
2008-10-12,25.947,33.51,4.67,0.0724,0.023,2.999,5.5014,0
2008-10-12,20.5733,33.2724,6.2257,,,,,0
2008-10-12,25.986,33.374,4.71,,,,,0
2008-10-12,20.1663,33.4504,6.2213,0.2419,0.0798,0.2327,3.926,0
2008-10-13,24.933000000000003,33.279,4.69,0.0423,0.035,2.758,7.393,0
2008-10-13,24.946,33.238,4.66,,,,,0
2008-10-13,20.7732,33.0989,6.1133,0.1871,0.0136,0.1388,2.2129,0
2008-10-13,25.521,33.376999999999995,4.61,0.287,0.019,4.194,5.4227,0
2008-10-13,20.8639,33.0554,6.0274,,,,,0
2008-10-13,21.1494,33.0813,6.0137,0.2871,0.0042,0.3691,2.3419,0
2008-10-13,22.2271,33.1529,6.067,,,,,0
2008-10-13,22.8556,32.9273,5.7813,0.22899999999999998,0.1277,0.3862,1.0854,0
2008-10-13,22.522,32.4527,5.9805,,,,,0
2008-10-13,21.8394,32.5269,6.0399,0.3161,0.1197,0.4148,5.2549,0
2008-10-13,20.9994,32.6859,5.9246,,,,,0
2008-10-13,21.0436,32.6592,5.7282,,,,,0
2008-10-13,21.5381,32.4532,6.1869,,,,,0
2008-10-13,21.6041,32.4712,6.1286,,,,,0
2008-10-13,21.8438,32.5081,6.1632,0.1871,0.037000000000000005,0.5146,4.4675,0
2008-10-13,22.9245,32.6879,6.0318,,,,,0
2008-10-13,23.2388,33.0871,5.9636,0.1871,,0.3544,1.8738,0
2008-10-13,23.1118,33.0928,6.0417,,,,,0
2008-10-13,21.9995,33.1404,6.1229,0.1613,0.0711,0.0689,0.9297,0
2008-10-13,21.7236,33.1732,6.0972,,,,,0
2008-10-14,21.6304,33.3391,6.0043,0.0742,0.0136,0.1231,2.1829,0
2008-10-14,21.832,33.3575,5.9313,,,,,0
2008-10-14,22.1105,33.2817,6.004,0.0742,0.0248,0.1931,2.0244,0
2008-10-14,22.5995,33.0698,5.9141,,,,,0
2008-10-14,23.7977,33.2659,5.6723,0.0355,0.0212,0.371,2.5431,0
2008-10-14,24.896,33.351,5.11,,,,,0
2008-10-14,22.867,32.8422,5.9755,,,,,0
2008-10-14,23.041,32.651,5.25,0.0456,0.14400000000000002,7.574,11.0957,0
2008-10-14,21.9288,32.6215,6.0943,0.1484,0.0641,0.3019,3.9555,0
2008-10-14,21.8525,32.661,6.4341,,,,,0
2008-10-14,21.7048,32.707,5.1593,,,,,0
2008-10-14,22.899,32.38,5.38,,,,,0
2008-10-14,22.072,31.841,5.56,0.0266,0.102,3.862,10.578,0
2008-10-14,21.849,31.786,5.42,,,,,0
2008-10-14,21.999,31.738000000000003,5.14,,,,,0
2008-10-14,21.579,31.74,5.25,0.0283,0.098,3.582,7.5987,0
2008-10-14,21.582,31.729,5.19,,,,,0
2008-10-14,21.834,31.97300000000001,5.04,0.0806,0.415,7.256,10.89,0
2008-10-15,22.048,31.91800000000001,5.14,,,,,0
2008-10-15,22.442,32.14,4.89,0.085,0.115,5.5539999999999985,12.6342,0
2008-10-15,21.817,31.9,5.2,,,,,0
2008-10-15,23.368,33.037,5.18,0.1022,0.028999999999999998,5.976,9.5987,0
2008-10-15,23.09800000000001,33.13,5.12,,,,,0
2008-10-16,20.6592,32.7803,6.4043,,,,,0
2008-10-16,20.761,32.7704,6.4977,,,,,0
2008-10-16,23.327,33.411,4.1,0.0869,0.046,4.91,8.3855,0
2008-10-16,21.7095,32.5028,6.4492,0.2032,0.0235,0.4661,3.0863,0
2008-10-16,22.353,32.124,4.41,,,,,0
2008-10-16,22.6208,32.4101,5.8766,,,,,0
2008-10-16,17.93,32.689,4.76,0.1648,0.313,11.364,13.1102,0
2008-10-16,17.402,32.792,4.67,,,,,0
2008-10-16,24.7861,33.4646,5.4327,0.1032,0.0026,0.2608,3.3706,0
2008-10-16,24.7427,33.3692,5.6066,,,,,0
2008-10-16,24.0855,33.2914,5.8428,,,,,0
2008-10-16,23.9157,33.1372,5.7548,0.0387,0.0191,0.1794,1.8771,0
2008-10-16,22.5729,32.3625,6.2245,,,,,0
2008-10-16,20.1568,32.8108,5.9412,0.1839,0.1306,1.2398,7.6796,0
2008-10-17,21.612,31.637,,,,,,0
2008-10-17,21.098000000000006,31.82800000000001,5.6388,0.2166,0.0857,2.31,7.8531,0
2008-10-17,20.268,32.048,,,,,,0
2008-10-17,21.46,31.609,5.6672,0.1299,0.1157,1.9234,7.4497,0
2008-10-17,21.57800000000001,31.614,,,,,,0
2008-10-17,21.307,31.757,5.5394,0.0649,0.0794,2.532,9.4239,0
2008-10-17,21.249,31.778,,,,,,0
2008-10-17,21.029,31.786,5.6957,0.0979,0.1442,1.8726,7.5379,0
2008-10-18,21.451,31.803,4.9997,,,,,0
2008-10-18,20.175,32.132,5.5678,,,,,0
2008-10-18,19.608,32.249,5.8093,0.0968,0.0946,2.0282,7.8438,0
2008-10-18,19.433,32.457,,,,,,0
2008-10-18,19.629,32.439,6.2070000000000025,0.1689,0.0684,1.9624,5.3549,0
2008-10-18,17.722,32.621,,,,,,0
2008-10-19,17.924,32.665,5.7951,0.1947,0.2967,4.4543,8.6397,0
2008-10-19,17.935,32.631,,,,,,0
2008-10-19,20.078,32.396,5.5678,0.6525,0.4191,7.4578,10.3565,0
2008-10-19,20.153,32.403,,,,,,0
2008-10-19,20.129,32.371,6.55,0.4501,0.0784,1.8872,3.9945,0
2008-10-19,20.02,32.428000000000004,,,,,,0
2008-10-19,20.708,32.027,5.6246,0.1237,0.0793,2.7923,6.3495,0
2008-10-19,20.814,32.032,,,,,,0
2008-10-19,20.753,32.02,5.7383,0.0399,0.0635,2.3688,5.8785,0
2008-10-19,20.918000000000006,32.003,5.44,0.0672,0.0361,1.8779,4.3943,0
2008-10-20,20.928,32.012,5.4258,,,,,0
2008-10-20,20.767,31.862,5.5394,0.1083,0.1135,0.9475,3.1637,0
2008-10-20,20.838,31.951,,,,,,0
2008-10-20,20.395,32.24,5.6814,0.0174,0.0738,0.9297,6.2075,0
2008-10-20,19.902,32.401,,,,,,0
2008-10-20,20.25,32.379,5.5820000000000025,0.0567,0.0875,1.702,6.6465,0
2008-10-20,20.187,32.32,,,,,,0
2008-10-20,19.026,32.458,5.4258,0.4063,0.3154,2.3686,8.1614,0
2008-10-20,19.53,32.485,,,,,,0
2008-10-20,19.754,32.399,5.9229,0.3122,0.1386,0.9158,4.2907,0
2008-10-21,19.373,32.437,5.5962,0.6361,0.1504,1.5041,9.7709,0
2008-10-21,19.13,32.426,,,,,,0
2008-10-21,19.494,32.473,5.8235,0.145,0.0645,1.1881,6.0805,0
2008-10-21,20.096,32.306,,,,,,0
2008-10-21,20.503,32.225,5.5394,0.0525,0.0739,0.9479,5.2617,0
2008-10-21,20.658,31.964,,,,,,0
2008-10-21,20.52,32.154,5.6246,0.2842,0.0483,0.871,4.3313,0
2008-10-21,20.482,32.034,,,,,,0
2008-10-21,20.556,31.993,5.5962,0.0231,0.0794,1.101,4.674,0
2008-10-21,20.684,31.894,5.511,0.015,0.0522,0.7908,3.4371,0
2008-10-22,20.225,32.15,5.44,,,,,0
2008-10-22,20.423,31.972,5.7241,0.0975,0.07,1.4098,3.8435,0
2008-10-22,19.785,32.196,,,,,,0
2008-10-22,20.159,32.222,5.5252,0.0886,0.1183,1.7153,5.9788,0
2008-10-22,20.223,32.319,,,,,,0
2008-10-22,20.039,32.324,5.4968,0.0806,0.0881,1.2887,5.6952,0
2008-10-22,19.044,32.221,,,,,,0
2008-10-22,19.231,32.054,5.1133,0.643,1.1945,5.4139,6.5289,0
2008-10-29,23.44,33.131,5.6187,0.9337,1.4393,4.9663,4.4982,0
2008-10-29,23.49,33.155,4.7536,1.1002,1.2575,3.6596,4.0445,0
2008-10-29,23.28,33.048,4.7764,1.0044,1.4374,3.6596,2.2653,0
2008-10-29,23.34,33.12,4.5002,0.9337,2.2451,6.8697,2.5589,0
2008-10-29,23.9,33.35,4.3707,0.8732,1.8637,3.8987,3.7865,0
2008-10-30,24.15,33.6,4.0669,0.8379,0.9446,6.4735,6.3574,0
2008-10-30,23.81,33.47,4.2597,0.7673,0.4733,8.4493,4.774,0
2008-10-30,25.36,33.75,4.7244,0.626,0.0802,2.022,2.7012,0
2008-10-30,25.24,32.24,4.6267,0.5352,0.1095,1.778,2.9147,0
2008-10-30,25.05,33.711,4.1708,0.2023,0.0802,2.2273,4.6138,0
2008-10-30,24.98,33.799,4.6788,0.2931,0.0587,1.8601,3.6798,0
2008-10-30,24.77,33.675,4.7629,0.3435,0.0802,1.5075,3.2706,0
2008-10-30,24.56,33.508,4.5567,0.4141,0.0919,2.3843,3.8399,0
2008-10-30,23.96,33.45,4.6485,0.5352,0.1682,2.2442,3.5819,0
2008-10-30,23.9,33.577,4.2255,0.8127,1.5137,5.0364,5.3878,0
2008-10-30,23.27,33.179,4.4998,0.742,1.2907,6.4349,5.4322,0
2008-10-30,22.7,32.776,4.7513,0.6966,1.0248,7.4928,6.4108,0
2008-10-30,22.73,32.426,4.728,0.8934,0.3442,9.0242,9.7378,0
2008-10-31,22.89,32.795,4.6825,0.7874,2.1883,6.7078,4.9341,0
2008-10-31,22.99,33.123000000000005,4.1113,0.8782,2.378,6.7634,6.6154,0
2008-10-31,22.34,32.512,4.8424,0.7168,0.8664,13.227,14.2124,0
2008-10-31,22.66,32.489000000000004,4.7282,0.7219,0.1291,11.7995,12.282,0
2008-10-31,22.04,32.236999999999995,4.7473,0.6109,0.221,11.8067,14.2302,0
2008-10-31,21.83,32.195,4.907,0.4999,0.5261,11.2874,13.6875,0
2008-10-31,22.14,32.528,4.8198,0.2123,0.7823,7.8866,10.2271,0
2008-10-31,22.75,32.951,4.7856,0.2678,0.5202,7.6957,8.2878,0
2008-10-31,23.79,33.489000000000004,4.6257,0.1922,0.3071,2.4133,3.831,0
2008-10-31,24.47,33.532,4.797,0.2477,0.0763,1.807,3.8399,0
2008-10-31,24.57,33.613,4.7016,0.1821,0.1154,3.9953,4.0178,0
2008-11-01,24.86,33.816,4.6371,0.1468,0.0978,5.3045,2.7991,0
2008-11-01,24.73,33.799,4.7513,0.0913,0.0763,1.5679,2.7813,0
2008-12-07,16.187,33.639,5.24,0.5566,0.401,13.824000000000002,11.2995,0
2008-12-07,15.953,33.637,5.37,,,,,0
2008-12-07,15.708,33.55,5.5,0.5559,0.49700000000000005,13.072,12.276,0
2008-12-07,18.943,33.892,5.62,0.272,0.623,6.8889999999999985,6.4477,0
2008-12-07,18.898,33.881,5.58,,,,,0
2008-12-07,18.986,33.935,5.54,0.2573,0.551,6.444,5.7102,0
2008-12-07,14.979,33.463,5.475,,,,,0
2008-12-07,15.091,33.626999999999995,5.41,1.026,0.541,12.528,15.9168,0
2008-12-07,14.685,33.501,5.655,,,,,0
2008-12-07,13.398,33.261,5.9,,,,,0
2008-12-07,16.215,33.644,6.145,,,,,0
2008-12-08,16.805999999999994,33.345,6.39,0.3767,0.7709999999999999,9.175,11.3869,0
2008-12-08,18.694000000000006,33.775,5.755,,,,,0
2008-12-08,20.148,34.181999999999995,5.755,,,,,0
2008-12-08,19.701,34.059,5.12,0.3152,0.765,7.587999999999999,6.3996,0
2008-12-08,20.215,34.172,5.37,,,,,0
2008-12-08,14.04,33.402,5.62,0.7512,0.27699999999999997,14.812,14.7794,0
2008-12-08,14.55,33.188,5.63,,,,,0
2008-12-08,14.403,33.589,5.64,0.6863,0.336,15.042,15.3951,0
2008-12-08,13.415,33.285,5.8225,,,,,0
2008-12-08,11.856,33.087,6.005,,,,,0
2008-12-08,12.216,33.039,6.1875,,,,,0
2008-12-08,12.338,33.077,6.37,0.6142,1.385,12.855,13.9297,0
2008-12-08,15.184,33.711,6.02,,,,,0
2008-12-09,12.6705,33.6883,6.7202,0.3871,0.6146,5.6677,9.8932,0
2008-12-09,14.6132,33.8265,6.0241,,,,,0
2008-12-09,15.2983,33.7831,6.2447,0.3774,0.5996,4.6083,8.467,0
2008-12-09,14.7629,33.8154,6.4409,,,,,0
2008-12-09,17.855,33.583,5.67,0.3331,0.649,9.045,8.3156,0
2008-12-09,13.9668,33.8265,6.7126,0.2742,0.6458,3.4409,6.1384,0
2008-12-09,19.776,34.099000000000004,5.585,,,,,0
2008-12-09,19.462,34.059,5.5,0.2881,0.74,6.863,5.5539,0
2008-12-09,14.4388,33.8108,6.4052,,,,,0
2008-12-09,20.438,34.229,5.38,0.2382,0.488,6.269,3.9664,0
2008-12-09,14.5703,33.7669,6.54,0.2355,0.9052,3.5588,6.2239,0
2008-12-09,20.505,34.211,5.58,,,,,0
2008-12-09,20.825,34.22,5.78,0.1348,0.358,3.944,5.2318,0
2008-12-09,20.558000000000003,34.194,5.64,,,,,0
2008-12-10,13.943,33.9086,6.7983,0.2226,0.504,3.0624,6.0088,0
2008-12-10,20.903,34.185,5.5,0.2633,0.442,5.348,4.7319,0
2008-12-10,12.7258,33.9073,7.0427,,,,,0
2008-12-10,20.987,34.221,5.49,,,,,0
2008-12-10,13.6576,33.9201,6.881,0.271,0.4551,2.2681,5.8155,0
2008-12-10,20.477,34.21,5.48,0.2935,0.61,5.24,4.3173,0
2008-12-10,14.3524,33.8045,6.5718,,,,,0
2008-12-10,20.121,34.175,5.45,,,,,0
2008-12-10,14.6227,33.9037,6.6086,0.2323,0.5084,1.8895,4.7086,0
2008-12-10,20.178,34.179,5.42,0.1924,0.754,5.2879999999999985,4.6118,0
2008-12-10,14.2272,33.8151,6.5587,,,,,0
2008-12-10,14.4581,33.8173,6.5121,0.2516,0.8726,3.477,5.9637,0
2008-12-10,14.4799,33.8102,6.5760000000000005,,,,,0
2008-12-10,15.0109,33.8615,6.093,0.4065,0.4638,4.5425,10.1508,0
2008-12-10,15.0425,33.8901,5.8468,,,,,0
2008-12-10,14.0751,33.7842,6.3807,,,,,0
2008-12-10,14.9191,33.8538,6.1351,0.4677,0.4756,5.4873,10.4828,0
2008-12-10,15.441,33.8494,6.2201,,,,,0
2008-12-10,15.2108,33.8268,6.2071,0.429,0.6128,5.1779,9.0217,0
2008-12-10,14.2913,33.8243,6.5747,,,,,0
2008-12-10,14.3622,33.9014,6.6613,0.1871,0.5011,2.2133,4.2614,0
2008-12-11,15.7365,33.8633,6.3929,,,,,0
2008-12-11,14.1964,33.9099,6.6408,0.1516,0.5604,2.6854,5.4858,0
2008-12-11,14.0519,33.883,6.827000000000001,,,,,0
2008-12-11,14.3311,33.874,6.4308,0.2774,0.6016,3.7028,6.9876,0
2008-12-12,16.4682,33.8404,6.3053,0.1935,1.0195,2.7539,5.995,0
2008-12-12,16.0426,33.7116,6.4498,,,,,0
2008-12-12,19.498,34.069,5.66,,,,,0
2008-12-12,15.9111,33.779,6.2933,0.1903,0.9384,2.7096,4.9968,0
2008-12-12,19.366,34.008,5.9,0.3027,0.73,7.275,7.2638,0
2008-12-12,15.6993,33.8177,6.3672,,,,,0
2008-12-12,19.077,33.92,5.88,,,,,0
2008-12-12,16.1485,33.826,6.3603,0.2,0.5345,2.6046,5.0046,0
2008-12-12,19.017,33.933,5.86,0.3212,0.569,7.082999999999998,7.8984,0
2008-12-12,15.584,33.8931,6.0352,,,,,0
2008-12-12,17.877,33.553000000000004,5.86,,,,,0
2008-12-12,14.2329,33.8584,6.3335,0.371,0.5621,5.3132,11.4116,0
2008-12-12,15.1952,33.8741,6.2879,,,,,0
2008-12-12,15.5857,33.8911,6.2948,,,,,0
2008-12-12,16.73,33.055,5.86,,,,,0
2008-12-12,15.4939,33.8129,5.9559,,,,,0
2008-12-12,15.4076,33.8159,6.1385,,,,,0
2008-12-12,16.779,33.233000000000004,5.86,0.3999,0.703,9.353,11.1236,0
2008-12-12,16.0864,33.8198,6.0363,0.2355,0.6319,1.9749,4.6384,0
2008-12-12,16.6997,33.931,6.0011,,,,,0
2008-12-12,18.623,34.028,5.73,,,,,0
2008-12-13,16.1227,33.778,6.2559,0.2645,0.3474,3.0211,7.3256,0
2008-12-13,18.748,34.035,5.6,0.2744,0.835,6.49,7.8336,0
2008-12-13,18.76,33.966,5.655,,,,,0
2008-12-13,16.0048,33.7864,6.2453,,,,,0
2008-12-13,18.998,34.056,5.71,0.2763,1.092,6.85,6.6489,0
2008-12-13,15.5607,33.3929,4.9419,0.3,0.5194,3.0706,5.9359,0
2008-12-13,18.904,34.043,5.725,,,,,0
2008-12-13,18.87,34.007,5.74,0.2486,0.965,8.841000000000003,7.2155,0
2008-12-13,16.0007,33.791,6.2543,,,,,0
2008-12-13,18.725,34.03,5.68,,,,,0
2008-12-13,16.2093,33.8014,6.2704,0.1871,0.6923,1.8374,3.7072,0
2008-12-13,17.892,33.755,5.62,0.3756,1.1079999999999999,8.744,7.5862,0
2008-12-13,16.0079,33.8001,6.1834,,,,,0
2008-12-13,16.32,33.43,5.53,,,,,0
2008-12-13,16.1548,33.7951,6.191,0.2935,0.8276,2.948,6.2464,0
2008-12-13,14.894,33.209,5.44,0.619,0.703,12.448,13.6519,0
2008-12-13,14.857,33.243,5.44,,,,,0
2008-12-13,16.4225,33.8478,6.1572,,,,,0
2008-12-13,16.4326,33.8683,6.2249,0.3032,0.9518,2.4026,6.0512,0
2008-12-13,16.0607,33.8827,6.055,,,,,0
2008-12-13,15.9785,33.7389,6.2668,0.32899999999999996,0.4334,3.8491,8.8155,0
2008-12-13,15.8929,33.9465,6.0114,,,,,0
2008-12-13,15.9354,33.9589,5.9156,,,,,0
2008-12-15,14.791,33.278,,,,,,0
2008-12-15,17.035999999999998,33.71,5.3564,0.4592,0.654,6.9991,9.5564,0
2008-12-15,14.67,32.983000000000004,,,,,,0
2008-12-15,13.386,33.151,5.2570000000000014,0.6796,0.1106,10.2844,12.6448,0
2008-12-16,13.54,33.239000000000004,,,,,,0
2008-12-16,12.99,32.681,5.3564,0.4199,0.2143,8.0456,10.955,0
2008-12-16,12.97,32.491,,,,,,0
2008-12-16,13.3,32.351,5.9105,0.2379,0.2877,4.6034,7.874,0
2008-12-16,13.56,32.31,5.5695,,,,,0
2008-12-16,14.8449,33.9324,6.0927,,,,,0
2008-12-16,14.0443,32.978,4.9586,,,,,0
2008-12-16,12.16,32.638000000000005,5.8821,,,,,0
2008-12-16,15.9203,33.8327,6.1307,0.3032,0.4419,4.9404,8.4438,0
2008-12-16,11.878,32.821,6.0384,0.3387,0.2629,6.4443,9.8976,0
2008-12-16,16.6098,33.8472,6.1128,,,,,0
2008-12-16,12.065,32.889,,,,,,0
2008-12-16,17.5689,33.9752,6.189,0.2871,0.4236,2.8110000000000004,6.097,0
2008-12-16,12.21,33.147,5.2001,0.7636,0.1697,12.5015,14.2499,0
2008-12-16,18.1662,33.957,5.9623,,,,,0
2008-12-16,12.419,32.961,,,,,,0
2008-12-16,18.0893,34.0023,5.8744,,,,,0
2008-12-16,18.8846,34.2267,5.8889999999999985,0.1645,0.47100000000000003,1.796,4.9611,0
2008-12-16,16.801,34.113,5.8232,,,,,0
2008-12-16,14.7274,33.9041,6.2023,0.4355,0.4209,4.2938,10.3081,0
2008-12-17,12.086,32.938,6.2799,0.7265,0.0863,10.6436,13.5543,0
2008-12-17,11.158,32.766,,,,,,0
2008-12-17,11.132,32.72,6.1379,0.6786,0.4888,7.8568,9.758,0
2008-12-17,11.921,32.882,,,,,,0
2008-12-23,11.09,32.951,5.9105,0.7505,0.2815,11.1433,13.2842,0
2008-12-23,11.07,32.985,,,,,,0
2008-12-23,11.271,33.084,5.5127,0.789,0.1617,11.4612,14.5982,0
2008-12-23,11.1,33.086,,,,,,0
2008-12-24,10.675,32.955,5.8537,0.5473,0.318,8.3598,11.3727,0
2008-12-24,11.01,33.02,5.5411,0.5974,0.2466,8.8769,12.2924,0
2008-12-24,10.54,32.813,6.0242,,,,,0
2008-12-24,10.42,32.808,6.081,0.3897,0.308,5.4397,9.312,0
2008-12-24,9.98,32.788000000000004,,,,,,0
2008-12-24,9.57,32.791,5.7685,0.8156,0.1902,10.2291,14.029000000000002,0
2008-12-24,10.08,32.831,,,,,,0
2008-12-24,10.45,32.822,5.74,0.8999,0.1716,10.4483,13.0261,0
2008-12-24,10.96,32.833,,,,,,0
2008-12-24,11.04,32.788000000000004,6.2089,0.6924,0.7583,6.9706,5.9685,0
2008-12-24,10.65,32.675,,,,,,0
2008-12-24,9.8,32.575,6.1379,0.7189,0.15,8.7128,9.3976,0
2008-12-24,9.69,32.493,6.0952,0.7106,0.1794,9.1967,10.2365,0
2008-12-24,10.6,32.47,,,,,,0
2008-12-27,10.07,32.579,5.8253,0.884,0.1279,8.6685,15.9004,0
2008-12-27,9.85,32.543,,,,,,0
2008-12-27,9.85,32.699,6.1379,0.6224,0.3369,7.8379,11.5459,0
2008-12-27,9.2368,32.76,,,,,,0
2008-12-27,9.06,32.748000000000005,5.9816,0.8302,0.27699999999999997,10.7219,13.8881,0
2008-12-27,9.3,32.731,,,,,,0
2008-12-27,9.24,32.754,6.2089,0.7354,0.2274,8.767999999999999,12.3072,0
2008-12-27,9.77,32.793,6.3226,0.434,0.305,5.972,9.8022,0
2008-12-27,9.37,32.773,6.6636,,,,,0
2008-12-27,9.02,32.706,6.2657,0.4788,0.308,5.9298,10.0778,0
2008-12-28,8.49,32.68,,,,,,0
2008-12-28,8.57,32.621,6.5783,0.7099,0.1503,9.2113,12.8354,0
2008-12-28,8.47,32.319,,,,,,0
2008-12-28,9.24,32.425,6.351,0.8063,0.1497,9.4124,12.5785,0
2008-12-28,8.79,32.269,,,,,,0
2008-12-28,8.19,32.026,6.5073,0.9898,0.0697,15.4538,15.0299,0
2009-02-04,17.47,34.48,5.8294,0.2563,0.7094,3.8497,5.2069,0
2009-02-04,17.27,34.48,5.756,0.1695,0.8215,6.5904,6.7577,0
2009-02-04,16.88,34.39,6.1785,0.2177,0.4708,7.1264,7.6782,0
2009-02-04,16.67,34.3,6.0758,0.0537,0.4936,7.5732,7.398,0
2009-02-04,15.81,34.08,6.5441,0.2755,0.4604,8.4135,10.4395,0
2009-02-04,15.1,33.89,6.2733,0.0441,0.4708,11.6492,8.1884,0
2009-02-04,15.18,33.99,6.5133,0.2659,0.4334,6.5228,8.8588,0
2009-02-04,14.37,33.94,6.5845,0.2225,0.4458,6.3393,8.0283,0
2009-02-04,12.01,33.31,6.7265,0.425,0.4915,8.8264,11.0398,0
2009-02-04,9.3,32.11,7.1035,0.5311,0.4687,12.5185,19.254,0
2009-02-05,9.14,32.17,7.1494,0.4347,0.4583,10.7533,14.6216,0
2009-02-05,9.58,32.27,7.0808,0.7867,0.5268,16.0777,27.298,0
2009-02-05,9.57,32.16,,0.5697,0.5019,11.3715,19.1839,0
2009-02-05,9.91,32.33,6.9435,0.5601,0.4811,13.7186,20.4746,0
2009-02-05,11.97,33.18,6.7379,0.4491,0.4998,9.8478,13.380999999999998,0
2009-02-05,13.05,33.51,6.6012,0.2707,0.4957,8.2324,11.7902,0
2009-02-05,14.17,33.78,6.6354,0.2514,0.5372,5.7283,10.2494,0
2009-02-05,14.81,33.84,6.2925,0.2755,0.5268,6.5759,9.2389,0
2009-02-05,13.523,34.315,5.29,0.5359,0.444,3.295,12.8416,0
2009-02-05,15.146,34.407,5.43,,,,,0
2009-02-05,16.51,34.26,6.0025,0.2514,0.5329999999999999,4.1781,8.8988,0
2009-02-05,14.198,34.352,5.57,0.6446,0.203,13.38,13.5885,0
2009-02-05,17.47,34.42,6.1737,0.2514,0.6659,6.5155,7.3279999999999985,0
2009-02-05,17.68,34.47,5.7971,0.1019,0.7261,7.1675,5.8673,0
2009-02-05,15.422,34.426,5.04,0.4288,0.259,12.01,10.9064,0
2009-02-05,19.16,34.55,5.7401,0.1502,0.6451,4.2868,3.9163,0
2009-02-05,13.941,34.372,5.865,,,,,0
2009-02-06,13.287,34.306,6.69,0.4784,0.17600000000000002,10.649000000000001,12.9811,0
2009-02-06,11.345,34.135,6.46,,,,,0
2009-02-06,11.65,34.135,6.22,0.5293,0.043,12.194,13.8131,0
2009-02-06,10.452,34.076,6.11,,,,,0
2009-02-06,12.617,34.223,6.0,,,,,0
2009-02-06,17.19,34.31,6.1329,0.1839,0.6576,3.7942,7.5981,0
2009-02-06,15.605,34.419000000000004,5.88,,,,,0
2009-02-06,16.26,34.17,6.0299,0.6565,0.5808,7.0709,9.389,0
2009-02-06,15.69,34.388000000000005,5.77,0.3977,0.132,10.452,10.9075,0
2009-02-06,14.84,33.83,5.9956,0.3382,0.5704,5.0112,8.4586,0
2009-02-06,16.065,34.471,6.88,,,,,0
2009-02-06,16.233,34.475,7.43,,,,,0
2009-02-06,13.26,33.59,6.3533,0.3527,0.5372,7.9933,9.0388,0
2009-02-06,13.26,33.59,6.3533,0.5986,0.5123,7.0468,14.7617,0
2009-02-06,16.291,34.476,7.98,0.4767,0.28800000000000003,10.883,10.6761,0
2009-02-06,12.2,33.37,6.6475,0.6227,0.5019,12.9628,12.3905,0
2009-02-06,16.099,34.445,6.85,,,,,0
2009-02-06,11.1,32.99,6.7503,0.7144,0.4749,14.4647,18.7637,0
2009-02-06,15.207,34.402,5.71,0.5451,0.121,12.436,11.1021,0
2009-02-06,10.69,32.8,6.8698,0.7674,0.4645,14.5782,19.6041,0
2009-02-06,11.398,33.914,5.98,,,,,0
2009-02-06,13.34,34.29,6.24,0.4793,0.13699999999999998,10.502,14.3707,0
2009-02-06,11.629,33.938,6.35,,,,,0
2009-02-06,10.923,34.078,6.45,,,,,0
2009-02-06,10.56,33.05,7.0961,0.7578,0.4936,16.0681,19.7342,0
2009-02-06,9.227,33.758,6.56,,,,,0
2009-02-06,10.47,32.94,7.1532,0.7915,0.506,16.1598,22.2955,0
2009-02-06,11.386,34.086,6.66,0.5329999999999999,0.255,12.69,12.9332,0
2009-02-06,12.902,34.153,6.59,,,,,0
2009-02-07,14.624,34.406,6.52,0.5874,0.116,13.452,14.4296,0
2009-02-07,15.635,34.382,6.16,,,,,0
2009-02-07,14.938,34.409,5.8,0.5395,0.076,14.465,11.9569,0
2009-02-07,15.198,34.35,5.32,0.405,0.107,9.392000000000001,11.1199,0
2009-02-07,16.215999999999998,34.412,5.41,,,,,0
2009-02-07,16.32,34.455,5.49,0.423,0.339,10.908,10.5465,0
2009-02-07,16.362000000000002,34.449,5.76,,,,,0
2009-02-08,16.614,34.373000000000005,6.02,0.396,0.149,9.812000000000001,8.5259,0
2009-02-08,16.459,34.447,5.895,,,,,0
2009-02-09,16.136,34.35,5.77,0.4575,0.063,12.29,10.5982,0
2009-02-09,16.572,34.39,5.66,,,,,0
2009-02-09,16.129,34.284,5.54,0.3974,0.06,9.408,8.7756,0
2009-02-09,15.282,34.126,5.59,,,,,0
2009-02-10,15.217,34.206,5.63,0.4698,0.06,9.264,10.6184,0
2009-02-10,14.958,34.152,5.77,,,,,0
2009-02-10,14.758,34.181,5.91,0.4177,0.066,11.152000000000001,16.348,0
2009-02-10,13.994000000000002,34.01,5.91,,,,,0
2009-02-10,12.994000000000002,33.846,5.91,0.4131,0.066,10.062999999999999,11.0954,0
2009-02-11,10.375,32.919000000000004,6.33,0.6573,0.127,11.962,14.2285,0
2009-02-11,12.957,33.957,5.96,,,,,0
2009-02-11,13.773,34.168,5.85,0.4063,0.1,10.229,11.8957,0
2009-02-11,13.858,34.169000000000004,5.84,,,,,0
2009-02-11,13.972,34.217,5.82,0.4594,0.094,10.992,12.2452,0
2009-02-11,13.859000000000002,34.238,5.79,,,,,0
2009-02-11,14.138,34.254,5.75,0.6515,0.073,14.936,15.1945,0
2009-02-11,14.457,34.276,5.64,,,,,0
2009-02-11,14.74,34.376,5.52,0.4948,0.078,11.405,12.114,0
2009-02-11,15.362,34.291,5.67,,,,,0
2009-02-11,14.836,34.369,5.82,0.5537,0.08,12.92,10.8519,0
2009-02-11,14.12,34.359,5.86,,,,,0
2009-02-11,12.477,34.091,5.9,0.7816,0.096,15.173,12.2096,0
2009-02-11,10.522,33.623000000000005,5.9,,,,,0
2009-02-17,10.1122,34.3263,5.7762,0.6645,0.4302,9.7628,11.8776,0
2009-02-17,10.9073,34.3226,5.6769,,,,,0
2009-02-17,11.7353,34.3176,5.6878,0.5711,0.2739,8.6419,10.5716,0
2009-02-17,11.5516,34.2875,5.4833,,,,,0
2009-02-18,10.3549,34.1951,5.8322,0.4397,0.3371,4.5947,7.3032,0
2009-02-18,12.982,34.23,,,,,,0
2009-02-18,10.3241,34.1428,5.4968,,,,,0
2009-02-18,11.699000000000002,33.873000000000005,6.3805,0.574,0.1311,9.1597,10.9674,0
2009-02-18,10.254,34.1954,5.7463,0.4401,0.2397,7.0813,5.9201,0
2009-02-18,8.783,33.123000000000005,,,,,,0
2009-02-18,9.18,33.149,6.5496,0.7083,0.07400000000000001,11.0246,12.3967,0
2009-02-18,9.292,33.244,,,,,,0
2009-02-18,10.7208,34.157,4.6256,0.5063,0.3596,8.1669,4.9765,0
2009-02-18,10.8102,34.1619,5.0128,,,,,0
2009-02-18,10.2072,34.16,5.5002,0.5119,0.3329,7.9911,7.4014,0
2009-02-19,10.379,34.1762,5.8684,,,,,0
2009-02-19,10.918,34.1989,5.5870000000000015,0.575,0.3807,8.0305,7.5849,0
2009-02-19,10.594,34.1715,5.5318,,,,,0
2009-02-19,13.0402,34.3524,5.0351,0.5485,0.3395,8.3676,9.2581,0
2009-02-19,12.8136,34.3344,5.3314,,,,,0
2009-02-19,12.4384,34.3107,5.135,0.5954,0.2854,9.2005,9.8141,0
2009-02-19,12.3165,34.3042,5.27,,,,,0
2009-02-21,6.718,32.991,6.817,0.73,0.138,10.369000000000002,13.604,0
2009-02-21,8.751,33.037,6.8454,0.7385,0.1821,11.2647,13.7318,0
2009-02-21,8.915,33.027,,,,,,0
2009-02-21,9.027,33.017,6.6341,0.6875,0.1642,10.3772,13.0257,0
2009-02-21,9.476,33.098,6.5636,,,,,0
2009-02-21,6.9929999999999986,33.026,,,,,,0
2009-02-22,6.526,32.845,6.9862,0.753,0.1902,11.2197,11.9764,0
2009-02-24,6.87,32.91,,,,,,0
2009-02-24,7.98,33.053000000000004,6.8594,0.8402,0.1203,12.3987,12.8114,0
2009-02-24,8.568999999999999,33.173,,,,,,0
2009-02-24,8.559,33.043,6.6482,0.645,0.1393,10.388,12.4648,0
2009-02-24,8.479,32.977,6.5496,,,,,0
2009-02-25,10.4919,34.2992,5.4915,,,,,0
2009-02-25,10.5457,34.2974,5.5738,0.4875,0.1781,5.7038,7.4211,0
2009-02-26,10.5653,34.304,5.5468,,,,,0
2009-02-26,10.6684,34.3007,5.6048,0.6237,0.3228,9.8546,7.6121,0
2009-02-26,12.6121,34.2989,5.2472,,,,,0
2009-02-26,12.7212,34.3023,5.3156,0.4705,0.4577,7.2308,7.9576,0
2009-02-26,12.4076,34.3085,5.4548,,,,,0
2009-02-26,10.4041,34.1851,5.5706,0.4025,0.2354,4.8677,5.0797,0
2009-02-26,11.5412,34.2495,5.461,,,,,0
2009-02-26,10.3027,34.1457,5.787000000000001,0.5323,0.385,7.0793,6.3211,0
2009-02-26,10.7732,34.2143,5.2796,,,,,0
2009-02-26,11.4902,34.1183,5.1779,0.3225,0.2219,2.897,5.4199,0
2009-02-27,10.269,34.1519,5.7092,,,,,0
2009-02-27,11.8985,34.2582,5.487,,,,,0
2009-02-27,12.0372,34.2479,5.3205,0.4405,0.4136,6.7174,7.5462,0
2009-02-27,12.1503,34.1975,5.5529,,,,,0
2009-02-27,12.5164,34.2993,5.2135,0.4798,0.4869,4.7252,1.851,0
2009-02-27,11.804,34.289,5.2578,,,,,0
2009-02-27,16.2418,33.175,5.9141,0.129,,2.2857,2.548,0
2009-02-27,12.6657,34.3132,5.4786,0.4734,0.5041,4.2906,7.8869,0
2009-02-27,5.566,32.522,7.1552,0.7978,0.3947,10.4659,11.086,0
2009-02-27,12.5851,34.292,5.3376,,,,,0
2009-02-27,6.77,32.833,,,,,,0
2009-02-27,14.2185,34.4238,5.6526,0.201,0.461,2.2498,3.5485,0
2009-02-27,7.289,32.929,6.8454,0.912,0.1077,11.0585,12.5901,0
2009-02-27,7.312,32.937,,,,,,0
2009-02-27,13.9303,34.4021,5.5468,0.2147,0.2441,2.7034,3.7084,0
2009-02-27,7.5539999999999985,32.912,6.9579999999999975,0.8895,0.1328,12.3081,13.9322,0
2009-02-27,11.9521,34.2914,5.4065,,,,,0
2009-02-27,11.969,34.2903,5.5559,,,,,0
2009-02-27,7.857,33.088,,,,,,0
2009-02-27,7.661,32.928000000000004,6.8313,0.6279,0.0965,8.1269,9.9973,0
2009-02-27,12.7012,34.3272,5.6044,,,,,0
2009-02-27,7.732,32.975,7.0144,0.6338,0.1448,9.0849,12.1917,0
2009-02-27,13.1022,34.3586,5.6811,,,,,0
2009-02-27,13.7231,34.3801,5.5944,0.1635,0.1726,1.5444,0.6439,0
2009-02-27,13.7181,34.3954,5.4947,,,,,0
2009-02-28,12.2536,34.2321,5.3107,0.4319,0.4361,6.0843,7.3186,0
2009-02-28,12.2086,34.1694,5.2855,,,,,0
2009-02-28,12.182,34.1966,5.396,0.4698,0.2266,4.5618,5.4729,0
2009-02-28,7.189,32.863,6.9299,0.6851,0.1971,9.3201,11.576,0
2009-02-28,6.235,32.876999999999995,6.93,,,,,0
2009-02-28,7.09,32.786,6.8031,,,,,0
2009-02-28,12.2113,34.1725,5.3749,,,,,0
2009-02-28,12.4687,34.1892,5.0994,0.4539,0.333,3.5646,5.104,0
2009-02-28,7.336,32.976,,,,,,0
2009-02-28,6.942,32.93,7.0566,0.8807,0.1116,10.6741,14.1861,0
2009-02-28,11.7674,34.2136,5.8908,,,,,0
2009-02-28,6.642,32.912,,,,,,0
2009-02-28,6.57,32.853,7.0285,0.8834,0.1191,9.477,13.2661,0
2009-02-28,6.5939999999999985,32.735,,,,,,0
2009-02-28,6.555,32.79,7.3242,0.7879,0.1753,8.8442,9.4547,0
2009-02-28,12.2785,34.181,,0.462,0.2501,6.8342,6.3031,0
2009-02-28,5.9689999999999985,32.602,,,,,,0
2009-02-28,12.2033,34.1982,,,,,,0
2009-02-28,13.7234,34.3539,,0.3566,0.299,2.9507,4.0819,0
2009-03-01,13.2904,34.365,,0.3295,0.2256,2.0179,3.2425,0
2009-03-01,13.1279,34.326,,,,,,0
2009-03-01,12.6258,34.2915,5.0413,,,,,0
2009-03-01,12.6201,34.2818,,,,,,0
2009-03-01,13.8828,34.3733,,,,,,0
2009-03-01,13.2458,34.3623,4.9644,0.282,0.3603,3.8737,4.8807,0
2009-03-01,13.4219,34.3755,5.8644,,,,,0
2009-03-01,13.4599,34.3929,,0.0835,0.0884,0.2892,1.6909999999999998,0
2009-03-01,14.7828,34.4214,,,,,,0
2009-03-01,15.1913,34.4426,5.4506,,,,,0
2009-03-01,15.1417,34.45,5.3628,0.2094,0.3756,2.9394,3.6377,0
2009-03-01,14.2734,34.3697,5.4338,,,,,0
2009-03-01,12.5249,34.2609,,0.2827,0.2944,4.8804,4.7759,0
2009-03-01,12.5135,34.2625,,,,,,0
2009-03-03,4.77,32.241,7.282,0.9185,0.1823,12.3086,12.8271,0
2009-03-03,4.807,32.264,7.5214,0.8989,0.1218,13.4025,13.8326,0
2009-03-03,5.121,32.346,,,,,,0
2009-03-03,5.396,32.427,7.2256,0.867,0.1412,11.9127,12.5509,0
2009-03-03,5.332000000000002,32.49,,,,,,0
2009-03-03,5.869,32.736999999999995,6.9721,0.7821,0.1462,10.1212,13.1043,0
2009-03-03,6.195,32.868,,,,,,0
2009-03-03,6.718,32.991,6.8172,0.7301,0.1381,10.3693,13.6039,0
2009-03-03,6.8279999999999985,32.964,,,,,,0
2009-03-04,6.729,32.857,6.9579999999999975,0.65,0.1065,9.3264,12.3313,0
2009-03-04,6.5,32.635,6.9862,0.5759,0.1524,6.5731,10.5781,0
2009-03-04,6.235,32.876999999999995,6.9299,,,,,0
2009-03-04,6.307,32.913000000000004,6.9439,0.6617,0.1201,9.1704,12.3977,0
2009-03-04,5.737,32.88,,,,,,0
2009-03-04,5.018,32.58,7.282,0.7175,0.1239,9.7031,10.2201,0
2009-03-04,4.47,32.345,,,,,,0
2009-03-04,4.692,32.415,7.2538,0.88,0.1598,12.3974,12.025,0
2009-03-04,3.993,32.176,,,,,,0
2009-03-04,4.058,32.111999999999995,7.3806,0.9412,0.0968,15.8149,13.5376,0
2009-04-06,15.092,34.397,7.0,0.156,0.026,7.761,8.5706,0
2009-04-06,14.879,34.375,7.03,,,,,0
2009-04-06,14.843,34.357,7.06,0.1656,0.119,7.829,11.1257,0
2009-04-06,13.718,34.215,6.64,0.0211,0.098,7.744,8.5234,0
2009-04-06,14.445,34.384,6.285,,,,,0
2009-04-06,12.624,34.295,5.93,0.1306,0.182,11.84,9.674,0
2009-04-06,12.37,34.303000000000004,6.61,,,,,0
2009-04-07,10.1122,34.3263,6.634,0.6222,0.3623,8.7114,9.8099,0
2009-04-07,10.9073,34.3226,6.1069,,,,,0
2009-04-07,11.7353,34.3176,6.3093,0.1856,0.2198,1.7535,3.9566,0
2009-04-08,11.5516,34.2875,6.7992,,,,,0
2009-04-08,10.3549,34.1951,6.0822,0.1779,0.1975,3.1326,3.8978,0
2009-04-08,12.367,34.234,6.95,,,,,0
2009-04-08,10.3241,34.1428,6.1746,,,,,0
2009-04-08,12.916,34.141,7.29,0.2621,0.295,11.025,11.6255,0
2009-04-08,13.286,34.084,6.88,,,,,0
2009-04-08,10.254,34.1954,6.2542,0.1902,0.1686,2.4198,3.4986,0
2009-04-08,14.415,34.176,6.675,,,,,0
2009-04-08,15.064,34.166,6.47,0.1761,0.165,9.65,14.6145,0
2009-04-08,16.567,34.542,6.3,,,,,0
2009-04-08,12.8575,34.3699,5.9781,0.2684,0.2129,3.5182,4.9597,0
2009-04-08,16.975,34.553000000000004,6.215,,,,,0
2009-04-08,12.6023,34.3165,6.1764,,,,,0
2009-04-08,12.0554,34.3095,6.1928,0.2818,0.1606,2.2349,3.4158,0
2009-04-08,16.614,34.546,6.13,0.1613,0.259,8.686,10.5587,0
2009-04-08,12.043,34.3112,6.3248,,,,,0
2009-04-08,15.806,34.409,6.55,,,,,0
2009-04-09,13.333,34.3827,6.0036,0.1994,0.1895,2.3356,3.6543,0
2009-04-09,14.486,34.303000000000004,6.97,0.2753,0.262,15.728,13.4461,0
2009-04-09,13.146,34.3389,6.3384,,,,,0
2009-04-09,12.627,34.026,7.33,,,,,0
2009-04-09,12.464,34.092,7.69,0.3911,0.229,10.402999999999999,13.9925,0
2009-04-09,12.9479,34.1164,4.9447,0.2253,0.1492,2.6683,5.5577,0
2009-04-09,12.682,34.154,7.185,,,,,0
2009-04-09,12.599,34.053000000000004,6.9325,,,,,0
2009-04-09,12.144,34.042,6.8062,,,,,0
2009-04-09,11.858,34.049,6.68,0.192,0.131,7.6610000000000005,11.0956,0
2009-04-09,12.6539,34.317,6.0612,,,,,0
2009-04-09,12.159,33.708,6.435,,,,,0
2009-04-09,12.3751,34.3227,6.1356,0.2945,0.1891,2.6796,5.4587,0
2009-04-09,12.6506,34.2712,6.1123,,,,,0
2009-04-09,12.2225,34.2864,6.0852,,,,,0
2009-04-09,12.5471,34.3041,6.0835,0.3474,0.2346,4.3798,7.2003,0
2009-04-09,12.2931,34.2825,6.1036,,,,,0
2009-04-09,12.6657,34.2983,6.2424,0.2893,0.1382,3.2009,7.561,0
2009-04-09,13.4906,34.3472,6.505,,,,,0
2009-04-09,14.220999999999998,34.3219,6.799,,,,,0
2009-04-09,12.8532,34.3123,6.2648,0.1045,0.1021,1.6692,3.5157,0
2009-04-09,10.4041,34.1851,5.5706,0.4025,0.2354,4.8677,5.0797,0
2009-04-09,12.6777,34.327,6.1129,,,,,0
2009-04-09,11.6233,34.29,6.1909,,,,,0
2009-04-09,13.2064,34.3265,6.3602,0.1703,0.0909,0.39299999999999996,4.1007,0
2009-04-10,13.2366,34.3005,6.4029,0.1392,0.0579,0.2421,4.0565,0
2009-04-10,12.9506,34.344,6.3265,,,,,0
2009-04-10,12.6215,34.2675,6.4248,0.0962,0.1171,0.5869,3.9383,0
2009-04-10,15.08,34.231,6.19,0.1822,0.146,9.156,11.1654,0
2009-04-10,12.7412,34.2715,6.3982,,,,,0
2009-04-10,16.175,34.426,6.445,,,,,0
2009-04-10,14.9645,34.3345,6.5459,0.0526,0.1055,1.4397,1.038,0
2009-04-10,16.505,34.345,6.7,0.1891,0.184,9.142000000000001,12.4841,0
2009-04-10,16.547,34.425,6.68,0.1927,0.065,8.506,9.3596,0
2009-04-10,18.22,34.602,6.725,,,,,0
2009-04-10,14.796,34.2847,6.4849,0.0574,0.1323,0.1044,0.5238,0
2009-04-10,13.9472,34.3132,6.8901,,,,,0
2009-04-10,14.5597,34.3213,6.4951,,,,,0
2009-04-10,18.065,34.495,6.77,0.1662,0.054000000000000006,5.178999999999999,10.1944,0
2009-04-10,18.426,34.615,6.66,,,,,0
2009-04-10,18.606,34.605,6.55,0.0347,0.141,7.391,8.9461,0
2009-04-10,18.349,34.593,6.765,,,,,0
2009-04-11,17.925,34.549,6.98,0.0834,0.075,5.111000000000001,10.3339,0
2009-04-11,17.61,34.503,6.71,,,,,0
2009-04-11,16.338,34.306,6.44,0.2707,0.07,5.492000000000001,14.8012,0
2009-04-12,16.692999999999998,34.229,6.48,,,,,0
2009-04-12,16.364,34.142,6.52,0.0313,0.029,6.327999999999999,15.1269,0
2009-04-12,17.105,34.154,6.175,,,,,0
2009-04-12,16.912,34.044000000000004,5.83,0.1894,0.071,8.676,17.6523,0
2009-04-12,16.037,33.836,6.685,,,,,0
2009-04-12,14.761,33.365,7.1125,,,,,0
2009-04-12,13.155,32.827,7.54,0.1433,0.094,4.632,18.1872,0
2009-04-13,13.352,33.305,7.135,,,,,0
2009-04-13,13.961,33.734,6.73,0.418,0.132,7.8020000000000005,13.286,0
2009-04-13,15.598,33.94,6.91,,,,,0
2009-04-13,14.883,34.001999999999995,7.09,0.3125,0.115,4.316,12.3803,0
2009-04-13,16.465999999999998,34.098,6.915,,,,,0
2009-04-13,16.129,34.161,6.74,0.0342,0.036000000000000004,3.98,13.0405,0
2009-04-13,16.192,34.271,6.61,,,,,0
2009-04-13,13.0053,34.2812,6.013,,,,,0
2009-04-13,13.0264,34.2514,5.4933,,,,,0
2009-04-13,13.1199,34.2679,6.2994,0.0708,0.0748,0.2162,0.7058,0
2009-04-13,14.1898,34.2629,6.2654,,,,,0
2009-04-13,15.2944,34.3649,6.7488,0.0514,0.0982,1.2661,0.1741,0
2009-04-13,14.1126,34.4582,6.3971,,,,,0
2009-04-13,12.8449,34.3742,5.9475,,,,,0
2009-04-13,13.1658,34.2896,6.9808,0.0575,0.0934,2.1513,3.9054,0
2009-04-13,13.0114,34.3052,6.8936,0.0242,0.0501,0.0389,3.7273,0
2009-04-14,14.4566,34.489000000000004,6.3245,,,,,0
2009-04-14,14.6716,34.4417,6.2241,0.1173,0.1304,1.4871,3.1958,0
2009-04-14,14.6194,34.4159,6.3116,,,,,0
2009-04-14,14.166,33.811,6.785,,,,,0
2009-04-14,10.925999999999998,33.603,7.09,0.5929,0.179,14.253,17.5152,0
2009-04-14,11.026,33.661,6.64,,,,,0
2009-04-14,14.898,33.996,6.48,0.2548,0.205,5.54,13.7775,0
2009-04-15,14.7416,34.3917,5.7889,0.2489,0.3092,1.649,2.2716,0
2009-04-15,15.1392,34.3711,5.83,,,,,0
2009-04-17,14.0025,34.2115,4.5763,,,,,0
2009-04-17,13.7148,34.1865,5.8289,0.2867,0.4121,2.8336,4.0067,0
2009-04-17,15.0534,34.2872,6.1658,,,,,0
2009-04-17,11.592,33.653,,,,,,0
2009-04-17,15.2175,34.2963,6.1244,,,,,0
2009-04-17,14.7067,34.2584,6.2322,0.1828,0.2927,0.3781,0.7176,0
2009-04-17,11.337,33.338,8.3769,0.1328,0.026,2.3496,1.0282,0
2009-04-17,16.0587,34.4236,5.686,,,,,0
2009-04-17,10.495,33.053000000000004,,,,,,0
2009-04-17,14.9114,34.3734,5.8659,0.3521,0.3527,1.8437,2.2497,0
2009-04-17,10.13,33.07,8.3064,0.4789,0.1007,8.0835,8.0843,0
2009-04-17,14.8809,34.429,5.8274,0.6222,0.3623,8.7114,9.8099,0
2009-04-17,9.797,33.035,,,,,,0
2009-04-17,15.6115,34.3747,5.6587,,,,,0
2009-04-17,10.584,33.128,7.8692,0.1504,0.1305,2.6262,5.3737,0
2009-04-17,13.6193,34.6018,4.1556,,,,,0
2009-04-17,15.9733,34.4239,5.8506,0.1445,0.1994,0.6825,1.7591,0
2009-04-17,11.079,33.151,,,,,,0
2009-04-17,11.327,33.169000000000004,7.8128,0.1275,0.0414,1.7930000000000001,1.7534,0
2009-04-17,11.286,33.213,7.7141,,,,,0
2009-04-18,14.5948,34.2351,6.255,,,,,0
2009-04-18,9.638,33.026,7.8551,,,,,0
2009-04-18,13.8866,34.219,5.7821,0.3053,0.4658,2.4452,2.4341,0
2009-04-18,10.675999999999998,33.108000000000004,7.6436,0.48,0.2639,8.0053,12.3731,0
2009-04-18,10.292,33.001999999999995,,,,,,0
2009-04-18,9.23,32.942,7.1218,0.6665,0.1528,11.4074,11.3881,0
2009-04-18,9.071,32.886,,,,,,0
2009-04-19,9.401,32.839,6.9948,0.9418,0.1954,11.8881,9.1951,0
2009-04-19,10.879,33.395,,,,,,0
2009-04-19,10.323,32.509,7.5307,0.1666,0.0863,2.336,0.7827,0
2009-04-19,10.446,32.65,,,,,,0
2009-04-19,10.967,32.871,7.1923,0.6837,0.1733,12.0643,12.4316,0
2009-04-19,10.804,32.921,,,,,,0
2009-04-19,10.578,32.937,7.7,0.5921,0.1751,8.4335,14.4949,0
2009-04-22,9.358,32.788000000000004,,,,,,0
2009-04-22,9.087,32.686,7.4743,0.1868,0.0914,2.94,8.5152,0
2009-04-22,9.092,32.725,7.3756,0.2355,0.0618,3.3105,8.9704,0
2009-04-23,8.509,32.533,7.6295,,,,,0
2009-04-23,8.485,32.553000000000004,7.4884,0.2719,0.0584,3.0346,8.7201,0
2009-04-23,8.468,32.685,,,,,,0
2009-04-23,8.594,32.76,7.4602,0.2184,0.0776,2.9789999999999996,8.2023,0
2009-04-23,8.722000000000001,32.905,,,,,,0
2009-04-23,8.771,32.844,7.6436,0.1573,0.0363,2.4055,2.2578,0
2009-04-23,8.566,32.727,,,,,,0
2009-04-23,8.607000000000001,32.431999999999995,7.5589,0.4432,0.1891,9.8953,5.5791,0
2009-04-23,8.738999999999999,32.352,,,,,,0
2009-04-23,9.376,32.296,8.1372,0.1675,0.0805,2.5141,0.6725,0
2009-04-27,9.693,32.211,7.6154,0.2762,0.1378,5.486000000000001,1.5137,0
2009-04-27,9.194,32.185,,,,,,0
2009-04-27,8.472999999999999,32.421,7.6718,1.3303,0.18,7.4735,10.0243,0
2009-04-27,8.847000000000003,32.427,,,,,,0
2009-04-27,9.373,32.499,8.2923,0.0849,0.0514,3.4031,1.4281,0
2009-04-27,8.8,32.594,,,,,,0
2009-04-27,8.929,32.677,7.7564,0.0725,0.0529,2.2108,4.3762,0
2009-04-27,8.498,32.614000000000004,,,,,,0
2009-04-27,9.057,32.606,7.5448,0.1298,0.0181,1.6829,3.5766,0
2009-04-27,9.146,32.478,7.1923,0.1823,0.0569,2.2344,9.5036,0
2009-04-28,8.486,32.58,7.7987,,,,,0
2009-04-28,8.191,32.473,7.3897,0.0912,0.08900000000000001,1.9954,6.3045,0
2009-04-28,8.378,32.601,,,,,,0
2009-04-28,8.301,32.506,7.6718,0.1174,0.0354,1.8466,2.0521,0
2009-04-28,8.229,32.318000000000005,,,,,,0
2009-04-28,7.972,32.226,8.8987,0.1602,0.029,1.4032,1.7149,0
2009-04-28,7.601,32.144,,,,,,0
2009-04-28,8.054,32.081,6.9666,0.6872,0.282,13.2686,9.1991,0
2009-05-08,19.42,34.46,5.6906,0.2328,0.4414,0.8511,1.3398,0
2009-05-08,19.05,34.38,5.1078,0.1719,0.4451,2.3553,2.7134,0
2009-05-08,18.13,34.02,6.1328,0.1623,0.3947,2.0129,4.511,0
2009-05-08,18.27,34.18,5.7681,0.1926,0.3724,2.2216,3.9947,0
2009-05-08,19.0,34.47,5.6881,0.198,0.3854,2.6245,5.5803,0
2009-05-08,17.18,33.94,6.0644,0.1505,0.391,2.1896,5.4236,0
2009-05-08,16.26,33.34,6.2706,0.1283,0.4171,1.1834,3.3771,0
2009-05-08,16.36,32.75,6.1555,0.1925,0.4264,2.1405,3.838,0
2009-05-08,15.03,32.19,6.5562,0.3436,0.3966,4.8472,2.9254,0
2009-05-08,14.8,31.9,6.4362,0.1851,0.3873,4.9391,5.23,0
2009-05-09,15.5,31.61,6.7265,0.4045,0.5346,7.6728,11.9871,0
2009-05-09,17.72,33.19,5.7559,0.2285,0.4227,3.0410000000000004,4.5017,0
2009-05-09,15.07,31.72,6.3277,0.4636,0.695,10.4564,11.5354,0
2009-05-09,13.83,32.09,6.099,0.3458,0.8144,7.3764,14.4115,0
2009-05-09,14.862,32.403,7.6126,0.1549,0.0477,3.4099,10.8263,0
2009-05-09,15.14,32.31,6.4188,0.1551,0.3985,3.2597,7.1105,0
2009-05-09,16.31,32.43,6.2126,0.407,0.3891,1.6384,5.1102,0
2009-05-09,15.59,32.73,6.2357,0.1713,0.419,1.6045,5.2116,0
2009-05-09,18.25,33.79,5.8998,0.3209,0.4246,5.5714,5.1562,0
2009-05-09,18.18,33.87,5.9163,0.152,0.3947,2.1653,4.1975,0
2009-05-09,18.55,33.99,5.7515,0.1752,0.3873,3.8898,5.4881,0
2009-05-09,18.52,34.08,5.8048,0.3185,0.4078,2.3682,5.4328,0
2009-05-09,20.21,34.42,5.8017,0.2674,0.4209,2.1590000000000003,2.1787,0
2009-05-10,18.46,33.77,5.7564,0.1763,0.4003,3.6356,5.1102,0
2009-05-10,14.515,32.3452,6.5514,0.3697,0.2405,5.2258,11.4183,0
2009-05-10,18.07,33.79,5.8017,0.254,0.4059,1.9122,6.0504,0
2009-05-10,17.23,33.24,6.27,0.1682,0.363,0.971,4.8152,0
2009-05-10,16.7,32.52,5.9842,0.19,0.3854,1.4568,7.3594,0
2009-05-10,17.29,32.73,6.1899,0.3128,0.3891,0.4154,5.7739,0
2009-05-10,17.53,32.44,6.2249,0.2061,0.4003,1.4098,5.6817,0
2009-05-10,17.29,32.51,6.5668,0.3603,0.3873,1.0404,6.8985,0
2009-05-10,16.43,32.54,5.8359,0.3087,0.585,4.0481,5.9582,0
2009-05-10,15.35,32.36,6.4297,0.3672,0.5701,4.6625,7.931,0
2009-06-05,13.2802,33.8631,6.5975,0.3058,0.1034,2.6983,5.6184,0
2009-06-05,14.1171,33.9229,6.098,,,,,0
2009-06-05,16.3149,33.6738,5.8038,0.2231,0.0458,0.0221,6.9561,0
2009-06-05,16.4881,33.9253,5.6901,,,,,0
2009-06-05,17.8991,34.1659,5.4354,0.0506,0.0989,0.1088,0.8169,0
2009-06-05,17.4906,33.9756,5.5282,,,,,0
2009-06-05,16.8389,34.1508,6.205,0.0688,0.0387,,3.0479,0
2009-06-05,17.073,34.1314,5.4778,0.0364,0.2661,0.0071,3.6362,0
2009-06-06,16.705,34.1511,5.4522,,,,,0
2009-06-06,16.9785,34.1994,5.4671,0.0874,0.0203,0.0733,2.9231,0
2009-06-06,16.9696,34.2099,5.4311,,,,,0
2009-06-06,17.617,34.2274,5.3878,0.054000000000000006,0.0829,0.0193,1.6030000000000002,0
2009-06-06,17.649,34.2444,5.3739,,,,,0
2009-06-06,16.9574,33.779,5.5037,0.0705,0.0266,0.0841,2.8059,0
2009-06-06,15.7944,33.9535,5.9366,,,,,0
2009-06-06,16.3461,33.8666,5.5175,0.2441,0.1426,2.9157,5.4918,0
2009-06-06,15.5713,33.8946,5.8817,,,,,0
2009-06-07,15.5561,33.9356,5.8738,,,,,0
2009-06-07,14.6145,33.9638,5.9959,0.1465,0.1364,0.1596,2.469,0
2009-06-07,16.0185,33.925,5.8223,,,,,0
2009-06-07,15.9721,33.9054,5.8403,0.594,0.4101,6.2373,7.9229,0
2009-06-07,17.9996,34.3953,5.2488,,,,,0
2009-06-07,17.5771,34.3019,5.3447,0.0693,0.1366,0.034,1.9028,0
2009-06-07,17.5488,34.1428,5.3629,,,,,0
2009-06-07,16.953,34.2228,5.4762,0.0481,0.1621,0.1167,3.3183,0
2009-06-08,17.56,34.1839,5.4543,,,,,0
2009-06-08,17.2109,34.2231,5.4003,,,,,0
2009-06-08,16.8975,34.1872,5.4729,0.0826,0.1619,0.1597,3.2226,0
2009-06-08,17.6946,34.2153,,0.0843,0.1392,0.0114,3.3735,0
2009-06-08,17.2559,34.242,5.431,,,,,0
2009-06-08,17.4195,34.2169,5.3904,0.08800000000000001,0.131,0.0424,3.8616,0
2009-06-09,18.1145,34.3823,5.2559,0.1578,0.1426,0.102,2.8258,0
2009-06-09,17.5306,34.0153,5.4242,,,,,0
2009-06-09,18.1916,33.7099,5.3499,,,,,0
2009-06-09,17.9969,33.7264,5.3766,,,,,0
2009-06-09,17.5175,33.6901,5.4364,0.1001,0.135,0.1581,2.5251,0
2009-06-12,17.0396,33.8547,5.6474,,,,,0
2009-06-12,17.7364,33.8064,5.5185,,,,,0
2009-06-12,17.1467,33.7435,5.5134,0.2365,0.3344,0.201,6.6353,0
2009-06-12,18.4566,33.751999999999995,5.3783,,,,,0
2009-06-12,18.8959,34.0584,5.2392,0.0671,0.0534,0.29100000000000004,1.9916,0
2009-06-13,18.49,33.613,,,,,,0
2009-06-13,17.426,33.591,,,,,,0
2009-06-13,17.855999999999995,33.729,,,,,,0
2009-06-13,18.58,33.765,,,,,,0
2009-06-13,18.751,33.513000000000005,,,,,,0
2009-06-13,18.373,33.652,,,,,,0
2009-06-13,18.555,33.696,,,,,,0
2009-06-13,18.2,33.595,,,,,,0
2009-06-13,18.6553,34.3081,5.2555,,,,,0
2009-06-13,18.599,33.548,,,,,,0
2009-06-13,18.7703,33.9383,5.279,0.0938,0.0397,0.128,2.0961,0
2009-06-13,18.858,33.456,,,,,,0
2009-06-13,18.6774,34.3004,5.2005,,,,,0
2009-06-14,18.4295,34.2929,5.3367,0.1905,0.0491,0.0417,1.588,0
2009-06-14,18.6685,34.3211,5.2045,,,,,0
2009-06-14,18.7299,34.1127,5.2421,0.0415,0.0345,0.1674,1.2795,0
2009-06-14,18.6849,34.2772,5.2059,,,,,0
2009-06-14,19.3526,34.0495,5.189,0.0727,0.0536,0.2053,2.1630000000000003,0
2009-06-14,17.9841,33.7764,5.4885,,,,,0
2009-06-14,17.8437,33.8499,5.608,0.2922,0.1944,0.6262,8.916,0
2009-06-14,18.3803,33.861999999999995,5.5069,,,,,0
2009-06-14,18.0933,33.8794,5.5605,,,,,0
2009-06-14,18.7881,33.8304,5.584,,,,,0
2009-06-14,18.5584,33.8224,5.5889,,,,,0
2009-06-14,17.7555,33.6907,5.5514,0.0546,0.0362,0.562,2.9075,0
2009-06-14,19.0635,33.8368,5.2387,,,,,0
2009-06-14,19.8338,34.036,5.2035,0.0677,0.0378,0.1784,2.0726,0
2009-06-14,19.4758,34.1554,5.199,,,,,0
2009-06-14,19.395,33.8176,5.2402,,,,,0
2009-06-14,19.2457,33.8173,5.2233,0.0842,0.0886,0.2416,5.3125,0
2009-06-14,18.2167,33.6898,5.3745,,,,,0
2009-06-14,17.9083,33.7008,5.4769,0.1577,0.1746,0.073,2.3561,0
2009-06-17,19.536,33.516,,,,,,0
2009-06-17,19.56,33.463,,,,,,0
2009-06-17,21.786,33.64,,,,,,0
2009-06-17,22.294,34.45,,,,,,0
2009-06-17,22.192,34.415,,,,,,0
2009-06-17,20.422,33.491,,,,,,0
2009-06-17,19.441,33.648,,,,,,0
2009-06-17,18.587,33.462,,,,,,0
2009-06-17,19.639,33.472,,,,,,0
2009-06-18,19.892,33.449,,,,,,0
2009-06-18,19.956,33.41,,,,,,0
2009-06-18,19.069000000000006,33.424,,,,,,0
2009-06-18,19.065,33.434,,,,,,0
2009-06-18,18.198,33.488,,,,,,0
2009-06-18,20.582,33.579,,,,,,0
2009-06-18,21.06,33.597,,,,,,0
2009-06-18,21.865,33.301,,,,,,0
2009-06-18,21.741,33.38,,,,,,0
2009-06-18,21.903,33.428000000000004,,,,,,0
2009-06-18,21.788,33.652,,,,,,0
2009-06-18,22.247,33.894,,,,,,0
2009-06-18,22.829,34.34,,,,,,0
2009-06-18,22.628,34.297,,,,,,0
2009-06-18,22.431,33.528,,,,,,0
2009-06-18,21.969,33.081,,,,,,0
2009-06-18,22.065,33.236999999999995,,,,,,0
2009-06-24,22.808000000000003,32.04,,,,,,0
2009-06-25,23.042,32.045,,,,,,0
2009-06-25,23.192,30.496,,,,,,0
2009-06-25,23.227,30.269,,,,,,0
2009-06-25,23.952,29.234,,,,,,0
2009-06-25,23.845,29.11,,,,,,0
2009-06-25,23.99,28.111,,,,,,0
2009-06-25,24.09,28.507,,,,,,0
2009-06-25,24.061,28.699,,,,,,0
2009-06-25,24.025,29.472,,,,,,0
2009-06-25,24.378,29.704,,,,,,0
2009-06-25,23.853,31.026,,,,,,0
2009-06-25,23.743,31.137,,,,,,0
2009-06-25,23.426,32.049,,,,,,0
2009-06-25,22.951,31.63,,,,,,0
2009-06-25,21.546,32.181999999999995,,,,,,0
2009-06-26,17.362000000000002,33.055,,,,,,0
2009-06-26,16.437,33.351,,,,,,0
2009-06-26,23.45,31.755,,,,,,0
2009-06-26,23.08,32.066,5.4268,0.1328,0.026,2.3496,1.0282,0
2009-06-26,22.367,32.418,,,,,,0
2009-06-26,16.25,33.08,6.6945,0.4789,0.1007,8.0835,8.0843,0
2009-06-26,19.21,32.721,,,,,,0
2009-06-27,22.61,32.772,5.9538,0.1504,0.1305,2.6262,5.3737,0
2009-06-27,22.13,32.696,,,,,,0
2009-06-27,22.88,32.554,5.7829,0.1275,0.0414,1.7930000000000001,1.7534,0
2009-06-27,23.16,32.186,5.2559,,,,,0
2009-06-27,21.53,32.581,5.7686,,,,,0
2009-06-27,21.09,32.546,6.2529,0.48,0.2639,8.0053,12.3731,0
2009-06-27,22.08,32.528,,,,,,0
2009-06-27,22.01,32.679,5.7544,0.6665,0.1528,11.4074,11.3881,0
2009-06-27,19.32,32.886,,,,,,0
2009-06-30,17.08,32.894,6.2814,0.9418,0.1954,11.8881,9.1951,0
2009-06-30,17.63,32.973,,,,,,0
2009-06-30,20.26,32.631,5.968,0.1666,0.0863,2.336,0.7827,0
2009-06-30,21.77,32.443000000000005,,,,,,0
2009-07-01,22.13,32.345,5.2131,0.6837,0.1733,12.0643,12.4316,0
2009-07-01,22.23,32.334,,,,,,0
2009-07-01,21.86,32.268,5.6974,0.5921,0.1751,8.4335,14.4949,0
2009-07-01,21.82,32.439,,,,,,0
2009-07-01,22.43,32.613,5.2131,0.1868,0.0914,2.94,8.5152,0
2009-07-01,21.88,32.571,5.3698,0.2355,0.0618,3.3105,8.9704,0
2009-07-01,22.0,32.38,5.2416,0.2719,0.0584,3.0346,8.7201,0
2009-07-02,21.83,32.469,,,,,,0
2009-07-02,21.95,32.151,5.2559,0.2184,0.0776,2.9789999999999996,8.2023,0
2009-07-02,22.02,32.236999999999995,,,,,,0
2009-07-02,21.98,32.306,5.3413,0.1573,0.0363,2.4055,2.2578,0
2009-07-02,22.09,32.273,,,,,,0
2009-07-02,22.11,32.46,5.2844,0.4432,0.1891,9.8953,5.5791,0
2009-07-02,21.97,32.438,,,,,,0
2009-07-02,21.64,31.679,5.8968,0.1675,0.0805,2.5141,0.6725,0
2009-07-02,21.04,32.111,6.1389999999999985,0.2762,0.1378,5.486000000000001,1.5137,0
2009-07-02,20.17,32.571,,,,,,0
2009-07-02,22.16,32.625,5.3556,1.3303,0.18,7.4735,10.0243,0
2009-07-02,22.22,32.491,,,,,,0
2009-07-02,22.61,32.181,5.5835,0.0849,0.0514,3.4031,1.4281,0
2009-07-02,22.68,32.074,,,,,,0
2009-07-02,22.88,32.163000000000004,5.1419,0.0725,0.0529,2.2108,4.3762,0
2009-07-02,22.73,32.012,,,,,,0
2009-07-02,22.65,31.965,5.1989,0.1298,0.0181,1.6829,3.5766,0
2009-07-02,22.85,32.356,5.8683,0.1823,0.0569,2.2344,9.5036,0
2009-07-02,22.59,32.633,5.6547,,,,,0
2009-07-03,22.34,31.847,5.1846,,,,,0
2009-07-03,22.27,31.747,5.0422,0.0912,0.08900000000000001,1.9954,6.3045,0
2009-07-03,22.43,31.764,,,,,,0
2009-07-03,22.23,32.191,5.1419,0.1174,0.0354,1.8466,2.0521,0
2009-07-03,22.49,32.224000000000004,,,,,,0
2009-07-03,22.25,32.367,5.1989,0.1602,0.029,1.4032,1.7149,0
2009-07-03,21.45,32.445,,,,,,0
2009-07-03,17.34,32.089,5.6404,0.6872,0.282,13.2686,9.1991,0
2009-08-14,24.1241,31.989,4.8811,,,,,0
2009-08-14,24.1602,31.9949,4.8826,,,,,0
2009-08-14,24.0632,32.0013,4.8964,,,2.2857,1.6978,0
2009-08-14,24.3057,31.6268,4.9082,,,,,0
2009-08-14,25.0364,31.6341,4.8122,0.6579,0.0293,0.2765,1.3688,0
2009-08-14,24.4954,31.8036,4.8633,,,,,0
2009-08-15,22.0101,33.0508,5.0564,0.0323,,2.2143,1.2447,0
2009-08-15,24.9957,31.1549,5.2473,0.0323,,2.2143,3.9134,0
2009-08-15,23.4464,32.9183,4.9432,,,,,0
2009-08-15,23.5946,32.9348,4.9278,0.7418,0.0257,0.1844,0.9858,0
2009-08-15,24.1355,32.5497,4.8951,,,,,0
2009-08-15,23.903,31.8934,5.4622,0.0323,0.0714,2.2857,2.5126,0
2009-08-15,23.7552,33.1171,4.8262,0.0323,,2.2143,1.3665,0
2009-08-15,25.074,32.4221,4.7043,,,,,0
2009-08-15,24.816,32.3942,4.8759,0.561,0.0315,0.3024,1.714,0
2009-08-15,25.9245,31.6329,5.0012,,,,,0
2009-08-15,25.0328,32.0288,7.5523,,,,,0
2009-08-15,24.2899,32.0043,6.0692,,,,,0
2009-08-15,24.2862,32.1928,5.601,,,,,0
2009-08-15,24.3884,33.0034,5.6055,,,,,0
2009-08-15,25.1985,33.5556,5.5928,0.0323,,2.2143,2.0511,0
2009-08-16,25.0149,33.2558,5.4539,,,,,0
2009-08-16,24.9254,33.0258,5.3245,,,2.1429,3.1513,0
2009-08-16,25.2744,33.581,5.1032,,,,,0
2009-08-16,25.7521,33.0479,4.9094,,,,,0
2009-08-16,25.7854,33.0847,4.5995,0.8197,0.0569,0.5359,1.262,0
2009-08-16,24.7339,32.3188,5.2205,,,,,0
2009-08-17,27.13,31.06,4.6716,0.1,0.378,4.7669,1.1002,0
2009-08-17,27.54,30.89,4.9228,0.4883,0.3556,5.6207,1.9943,0
2009-08-18,27.44,31.26,4.9,0.1,0.3295,5.0605,2.105,0
2009-08-18,28.22,32.77,,0.0981,0.3201,1.8016,2.2432,0
2009-08-18,27.5,30.18,5.0363,0.0868,0.3108,0.4042,3.4693,0
2009-08-18,27.73,30.79,,0.1056,0.3052,,7.3963,0
2009-08-18,28.07,31.22,4.9221,0.0981,0.3127,0.6508,4.7599,0
2009-08-18,28.41,31.35,,0.1019,0.3201,,3.4416,0
2009-08-18,28.79,29.32,5.3104,0.0755,0.3201,5.787000000000001,1.6717,0
2009-08-18,27.46,31.03,,0.1471,0.3351,5.4023,0.9066,0
2009-08-18,30.08,31.17,4.8657,0.0868,0.3313,1.1383,2.2248,0
2009-08-18,30.1,32.34,4.8429,0.3601,0.3369,2.8934,2.5751,0
2009-08-18,28.62,31.72,,0.0868,0.3425,,2.5751,0
2009-08-18,29.31,31.27,5.1742,0.0924,0.3089,1.8734,5.3591,0
2009-08-18,28.42,30.23,,0.0528,0.3537,,7.1382,0
2009-08-18,28.32,29.3,4.7401,0.0717,0.3462,1.9721,8.4196,0
2009-08-19,28.02,28.49,,0.0623,0.3108,,6.8432,0
2009-08-19,27.69,27.11,4.728,0.0924,0.3332,3.4093,8.8528,0
2009-08-19,27.34,27.19,,0.1151,0.3164,,5.9859,0
2009-08-19,26.24,28.11,5.5851,0.1452,0.3798,3.168,1.8192,0
2009-08-19,27.42,27.54,4.6028,0.0811,0.3369,2.7952,1.5887,0
2009-08-19,26.18,29.36,4.683,0.0943,0.5458,2.2571,4.05,0
2009-08-19,27.58,27.31,4.9793,0.0981,0.3481,1.8849,1.3859,0
2009-08-19,27.62,27.2,,0.1282,0.3201,,2.1511,0
2009-08-19,28.79,26.82,5.0825,0.1245,0.3388,1.5005,5.9859,0
2009-08-19,25.5648,33.0552,4.3877,,,,,0
2009-08-19,25.4881,33.8677,5.0179,,,,,0
2009-08-19,28.36,30.59,,0.0642,0.3276,,6.5851,0
2009-08-19,28.52,30.89,4.9,0.0698,0.3108,1.9172,5.3037,0
2009-08-19,15.7814,33.7199,5.3081,,0.0714,2.2857,1.1963,0
2009-08-19,28.56,30.87,,0.0736,0.3127,,4.1607,0
2009-08-19,15.8513,33.3777,5.4576,,,,,0
2009-08-19,22.7825,33.4864,5.455,0.0645,,2.1429,1.8885,0
2009-08-19,17.7941,33.3897,6.5912,,,,,0
2009-08-19,28.76,30.91,4.7399,0.0924,0.3313,1.0004,8.7053,0
2009-08-20,29.18,31.44,,0.0905,0.3388,,2.3078,0
2009-08-20,15.3878,33.4022,6.7618,,,,,0
2009-08-20,29.14,32.17,4.8198,0.0679,0.3518,1.0641,2.8056,0
2009-08-20,16.0469,33.3356,6.2927,,,,2.632,0
2009-08-20,18.7938,32.7935,4.0698,,,,,0
2009-08-20,29.19,32.51,4.9337,0.0792,0.3239,0.1725,3.3402,0
2009-08-20,17.8681,33.6555,5.1731,0.0323,,2.1429,2.6576,0
2009-08-21,16.2418,33.175,5.9141,0.129,,2.2857,2.548,0
2009-08-21,17.5552,32.925,5.6007,,,,,0
2009-08-21,19.6475,32.7396,5.7762,,,2.3571,1.9151,0
2009-08-21,23.6685,32.6448,5.0373,,,,,0
2009-08-21,21.5188,33.1586,5.0153,,,2.2143,2.6058,0
2009-08-21,25.321,31.1277,5.66,0.0233,0.02,4.5392,3.047,0
2009-08-21,25.8222,31.4757,5.545,,,,,0
2009-08-21,17.0984,33.3153,5.8149,,,,,0
2009-08-21,26.0299,31.5428,5.43,0.049,0.02,5.4771,3.683,0
2009-08-21,25.2193,32.2462,4.8252,,,2.2143,2.1953,0
2009-08-21,27.5668,32.5738,4.68,0.0511,0.08900000000000001,4.8966,2.986,0
2009-08-21,25.9044,31.4203,4.995,,,,,0
2009-08-21,25.2932,31.4881,5.31,0.0776,0.083,4.5469,5.6770000000000005,0
2009-08-21,24.8874,32.3052,5.8802,,,2.1429,1.9914,0
2009-08-22,24.8272,31.3091,5.325,,,,,0
2009-08-22,24.3298,33.0672,5.8247,,,,,0
2009-08-22,26.034,31.4391,5.34,0.0511,0.02,5.0176,3.2030000000000003,0
2009-08-22,24.7096,33.1357,4.6958,,,2.1429,1.3136,0
2009-08-22,26.3858,31.3138,5.3325,,,,,0
2009-08-22,25.4448,30.7878,5.365,,,,,0
2009-08-22,25.0444,32.4124,4.7615,,,,,0
2009-08-22,27.6496,32.3179,5.0425,,,,,0
2009-08-22,25.2234,32.5452,4.9193,,,2.1429,2.2663,0
2009-08-22,26.653,31.9721,4.72,0.0845,0.05,4.638,2.6260000000000003,0
2009-08-22,28.5703,31.9452,4.82,,,,,0
2009-08-22,24.5282,32.9874,5.0278,,,,,0
2009-08-22,28.2015,32.9345,4.87,,,,,0
2009-08-22,25.3099,32.7077,5.3829,,,,,0
2009-08-22,28.3638,32.8995,4.92,0.0037,0.147,3.2616,2.428,0
2009-08-22,25.2113,33.2215,5.4424,,,2.0714,1.3086,0
2009-08-22,29.1954,31.8659,5.25,,,,,0
2009-08-22,25.0731,33.1711,5.2267,,,,,0
2009-08-22,27.2216,32.0339,5.58,0.0591,0.048,6.5621,4.399,0
2009-08-22,24.9389,33.1439,5.0734,0.8270000000000001,0.0275,0.2473,1.3905,0
2009-08-22,27.471,32.2491,5.72,,,,,0
2009-08-22,24.9386,33.8759,5.1038,,,,,0
2009-08-22,27.4564,31.1702,5.86,0.0595,0.02,9.4681,4.02,0
2009-08-22,26.7465,30.7855,6.015,,,,,0
2009-08-22,25.1077,32.6065,5.5161,0.0323,,2.0714,1.2587,0
2009-08-22,26.2573,30.7667,6.0925,,,,,0
2009-08-22,25.8195,31.3572,6.1312,,,,,0
2009-08-22,24.9692,33.2299,4.6775,,,,,0
2009-08-22,25.6412,31.5974,6.17,0.0532,0.09,11.2669,3.889,0
2009-08-22,26.5247,31.5532,5.48,,,,,0
2009-08-22,25.2811,33.3347,4.6873,0.0323,,2.1429,1.0695,0
2009-08-22,24.7069,33.2731,4.8034,,,,,0
2009-08-23,24.5805,33.3248,5.1299,,,,,0
2009-08-23,24.7667,33.0359,5.278,0.0323,,2.0714,1.3116,0
2009-08-23,25.2153,33.3017,4.7605,,,,,0
2009-08-23,24.8267,33.1088,5.0414,0.0323,,2.1429,1.3127,0
2009-08-23,24.7548,33.0514,5.0866,,,,,0
2009-08-23,25.2619,33.0325,5.2068,,,2.1429,1.3336,0
2009-08-23,26.1938,31.4295,4.79,0.001,0.041,5.7193,2.792,0
2009-08-23,25.3449,33.1414,5.0473,,,,,0
2009-08-23,26.3523,30.0801,5.25,,,,,0
2009-08-23,26.9615,29.8449,5.71,0.0324,0.013,4.0229,2.884,0
2009-08-23,26.4337,33.6792,5.4931,0.7667,0.0494,0.2761,1.6394,0
2009-08-23,26.8348,31.1348,5.32,0.0438,0.03,8.2275,3.357,0
2009-08-23,25.2182,33.0419,5.1379,,,,,0
2009-08-23,27.3997,31.4559,5.005,,,,,0
2009-08-23,25.5011,33.1678,5.0286,,,2.2143,1.6153,0
2009-08-23,28.3299,32.0616,4.69,0.0686,0.06,2.5925,2.093,0
2009-08-23,29.0566,32.5918,4.62,,,,,0
2009-08-23,29.1334,32.4786,4.55,0.0817,0.042,2.9945,4.703,0
2009-08-23,29.2445,33.0787,4.57,,,,,0
2009-08-23,29.2332,32.7162,4.59,0.0444,0.11,3.1064,3.427,0
2009-08-24,28.6045,31.1563,4.74,,,,,0
2009-08-24,28.6871,31.3114,4.89,0.1458,0.162,3.3638,3.725,0
2009-08-25,28.3834,31.1024,5.12,,,,,0
2009-08-25,27.313,29.7627,5.35,0.0698,0.093,6.3397,2.6710000000000003,0
2009-08-25,28.1545,29.3638,5.51,,,,,0
2009-08-25,27.7874,29.9462,5.24,0.1054,0.005,9.8398,3.623,0
2009-08-25,27.5639,29.9504,5.24,,,,,0
2009-08-25,27.8151,30.4755,4.93,,,,,0
2009-08-25,27.4972,30.3009,4.66,0.22,0.141,2.2842,2.768,0
2009-08-25,27.4217,29.9115,4.75,,,,,0
2009-08-25,27.42,30.0688,5.78,0.1069,0.093,5.9531,2.742,0
2009-08-26,27.3169,30.0549,5.675,,,,,0
2009-08-26,27.2948,29.9132,5.57,0.2896,0.043,5.6065,4.806,0
2009-08-26,27.6687,29.9115,5.315,,,,,0
2009-08-26,27.5901,29.3211,5.06,0.0655,0.045,3.9115,3.037,0
2009-08-26,26.7028,31.5258,5.375,,,,,0
2009-08-26,25.0947,30.8667,5.69,0.1112,0.101,5.4069,3.232,0
2009-08-26,25.6006,30.0246,5.5,,,,,0
2009-08-26,22.3525,30.9137,5.31,0.2145,0.157,9.3707,6.567,0
2009-08-26,21.5147,32.059,5.405,,,,,0
2009-08-28,25.107,30.652,,,,,,0
2009-08-28,24.384,30.463,5.6547,0.1235,0.0423,1.2781,6.1645,0
2009-08-28,23.978,30.806,,,,,,0
2009-08-28,22.796,31.394,6.0962,0.1544,0.0304,12.0896,7.2688,0
2009-08-28,23.009,31.338,,,,,,0
2009-08-31,24.121,30.811,5.3556,0.1591,0.0253,1.6269999999999998,5.5829999999999975,0
2009-08-31,23.755,30.85,,,,,,0
2009-08-31,25.878,30.3,4.9283,0.1528,0.0215,0.855,5.1205,0
2009-08-31,25.593000000000004,30.329,5.0422,,,,,0
2009-09-01,26.12,30.69400000000001,5.3698,,,,,0
2009-09-01,26.004,30.355,5.0422,0.1313,0.0121,0.6848,1.7209,0
2009-09-01,25.44,30.511,,,,,,0
2009-09-01,24.65,30.678,4.9568,0.0994,0.0466,0.6769,5.9706,0
2009-09-01,25.496,30.491,,,,,,0
2009-09-01,23.375,31.17,5.0137,0.0901,0.0891,0.8401,5.9442,0
2009-09-01,22.983,31.35,,,,,,0
2009-09-02,25.779,31.246,5.7259,0.2175,0.0331,0.7104,1.9665,0
2009-09-02,26.156,31.376,,,,,,0
2009-09-02,26.176,30.778,5.1419,0.0729,0.0415,0.6418,4.386,0
2009-09-02,26.02,30.635,,,,,,0
2009-09-02,26.338,31.802,4.914,0.149,0.0311,0.8914,2.1686,0
2009-09-02,26.188,31.672,,,,,,0
2009-09-02,26.044,31.518,4.9568,0.0302,0.0126,0.7146,2.3022,0
2009-09-02,26.665,31.629,5.0849,0.07200000000000001,0.0294,0.5396,2.25,0
2009-09-03,25.881,31.425,5.0137,,,,,0
2009-09-03,25.927,31.677,5.1277,0.0317,0.0031,0.7352,1.9744,0
2009-09-03,26.241,31.97,,,,,,0
2009-09-03,25.567,30.981,5.2844,0.1494,0.0245,1.1413,2.8238,0
2009-09-03,26.57800000000001,31.774,,,,,,0
2009-09-03,26.149,31.027,5.4695,0.0853,0.0235,0.625,2.7705,0
2009-09-03,26.462,31.193,,,,,,0
2009-09-03,25.812,31.567,5.2986,0.1713,0.0062,0.6919,3.9396,0
2009-09-03,25.259,31.624,,,,,,0
2009-09-03,24.921,31.242,5.6689,0.1253,0.0236,0.6696,2.7344,0
2009-09-04,24.292,31.579,5.1704,0.2813,0.0877,2.9041,5.6312,0
2009-09-04,24.092,31.746,,,,,,0
2009-09-04,24.343000000000004,31.994,5.4695,0.0983,0.0621,0.8067,3.6517,0
2009-09-04,25.872,31.947,,,,,,0
2009-09-04,26.05,32.166,5.0422,0.0939,0.8491,0.7959999999999999,3.1725,0
2009-09-04,26.11,31.957,,,,,,0
2009-09-04,26.299,32.053000000000004,5.0992,0.047,0.0592,0.9315,2.7261,0
2009-09-04,26.096,31.65,,,,,,0
2009-09-04,25.714,31.393,5.2844,0.0531,0.0121,0.8714,1.6539,0
2009-09-04,25.832,31.48,5.2986,0.066,0.0177,1.1187,2.0632,0
2009-09-04,25.765,31.649,5.1846,,,,,0
2009-09-04,25.9,31.809,5.1562,0.0478,0.0364,1.0132,1.8158,0
2009-09-04,25.419,31.876,,,,,,0
2009-09-05,25.378,31.917,5.2416,0.0386,0.0337,1.0474,3.0492,0
2009-09-05,25.113000000000003,32.093,,,,,,0
2009-09-05,24.599,32.036,5.4125,0.0467,0.0257,1.2977,2.5889,0
2009-09-05,24.44,31.934,,,,,,0
2009-09-05,22.692,31.795,4.9995,0.311,1.1797,3.4654,5.3118,0
2009-10-12,18.823,33.0815,4.1181,0.0323,0.0714,2.0,1.6816,0
2009-10-12,18.9132,33.1278,5.3612,,,,,0
2009-10-12,18.5546,33.064,5.3198,0.2903,0.0714,2.2143,1.3198,0
2009-10-12,18.758,33.0453,5.3418,,,,,0
2009-10-12,22.0093,33.2426,4.1255,,0.0714,2.0714,2.8407,0
2009-10-12,22.2077,33.4019,5.1554,,,,,0
2009-10-12,21.5481,33.2819,4.8977,0.0323,0.0714,2.0714,2.2603,0
2009-10-12,20.8013,33.1337,5.6459,0.0323,0.0714,2.0,0.5433,0
2009-10-12,21.3326,33.3536,4.8989,,,,,0
2009-10-13,21.5567,33.2379,4.828,,,2.0,0.9934,0
2009-10-13,21.1351,33.2702,4.9484,,,,,0
2009-10-13,20.9376,33.2503,4.8999,,0.0714,2.0,1.927,0
2009-10-13,21.6123,33.311,4.9977,,,,,0
2009-10-13,21.198,33.3129,4.9142,,0.0714,2.0,1.3130000000000002,0
2009-10-13,20.8233,33.0223,5.015,,,,,0
2009-10-13,21.347,32.736999999999995,5.44,0.2943,0.326,2.9160000000000004,11.1749,0
2009-10-13,20.3798,33.0821,4.9841,0.7097,0.2143,9.1429,11.0513,0
2009-10-13,19.663,33.0452,4.8304,,,,,0
2009-10-13,20.7357,33.056,4.3062,,,,,0
2009-10-13,20.2453,33.0303,5.1504,0.0645,0.0714,2.1429,2.6448,0
2009-10-13,20.9133,33.0196,4.2664,,,,,0
2009-10-13,22.0451,33.423,5.1297,0.0323,0.0714,2.0714,1.7259,0
2009-10-13,21.2377,33.3893,5.0226,,,,,0
2009-10-13,20.761,33.1286,4.0399,,,2.0714,1.3861,0
2009-10-13,21.0,33.2235,4.9767,,,,,0
2009-10-13,21.1104,33.2004,4.9186,,,2.2857,1.7884,0
2009-10-13,21.4071,33.2742,4.9032,,,,,0
2009-10-13,20.8377,33.2331,4.9783,,,2.0,1.4492,0
2009-10-14,20.2668,33.2085,4.4532,0.0323,,2.0,1.3939,0
2009-10-14,20.9134,33.2602,4.9929,,,,,0
2009-10-14,20.5973,33.3316,5.0287,0.0323,,2.0,1.0396,0
2009-10-14,21.0703,33.3358,4.9656,,,,,0
2009-10-14,21.1415,33.4541,4.9698,,,2.0714,0.9367,0
2009-10-14,21.6417,33.3847,4.9238,,,,,0
2009-10-14,21.6212,33.1081,4.3915,0.0645,0.1429,3.0,3.3188,0
2009-10-14,21.6471,33.117,4.7419,,,,,0
2009-10-14,21.2881,33.0046,4.8147,,,,,0
2009-10-15,21.936,33.049,5.735,,,,,0
2009-10-15,22.049,33.072,6.03,0.1507,0.099,7.446000000000001,8.5835,0
2009-10-15,21.999,32.944,5.19,0.1041,0.11,4.2010000000000005,8.7973,0
2009-10-15,22.857,33.298,5.35,,,,,0
2009-10-15,21.916,32.982,5.51,0.1744,0.114,7.845,7.7285,0
2009-10-15,21.145,32.725,5.62,,,,,0
2009-10-15,21.697,32.787,5.73,0.1518,0.047,9.568,4.1412,0
2009-10-15,21.456,32.715,5.675,,,,,0
2009-10-15,21.258000000000006,32.608000000000004,5.47,,,,,0
2009-10-15,21.501,32.754,5.34,,,,,0
2009-10-15,20.918000000000006,32.538000000000004,5.21,0.1991,0.159,4.566,7.3444,0
2009-10-16,24.31,33.984,5.13,,,,,0
2009-10-16,24.331,34.009,5.09,,,,,0
2009-10-16,23.393,33.708,5.05,0.1003,0.162,5.34,8.0677,0
2009-10-16,20.557,32.663000000000004,5.19,,,,,0
2009-10-16,19.958,32.657,5.33,0.0097,0.055,9.11,9.7278,0
2009-10-16,20.757,32.6,5.185,,,,,0
2009-10-16,20.805,32.574,5.04,0.2805,0.131,5.073,7.1381,0
2009-10-16,20.837,32.59,5.1,,,,,0
2009-10-16,20.809,32.421,5.13,,,,,0
2009-10-16,20.896,32.261,5.145,,,,,0
2009-10-16,20.873,32.303000000000004,5.16,0.2236,0.741,3.862,10.4164,0
2009-10-16,20.499,32.296,5.4,,,,,0
2009-10-18,19.2,32.386,5.64,0.0893,0.203,3.094,11.2347,0
2009-10-18,21.517,32.504,5.53,,,,,0
2009-10-18,22.545,33.501999999999995,5.42,0.0599,0.058,7.226,,0
2009-10-21,24.065,34.079,5.0,0.1104,0.077,10.027999999999999,5.2135,0
2009-10-21,24.423,34.177,4.84,,,,,0
2009-10-21,24.239,34.115,4.68,0.2107,0.068,7.388999999999999,4.5915,0
2009-10-21,24.403,34.169000000000004,4.59,,,,,0
2009-10-21,24.443,34.171,4.5,0.0734,0.064,4.852,3.9626,0
2009-10-21,24.356,34.195,4.615,,,,,0
2009-10-21,24.26,34.152,4.73,0.0769,0.043,6.784,3.9903,0
2009-10-22,23.928,34.033,4.865,,,,,0
2009-10-22,21.82,32.846,5.0,0.0837,0.245,9.701,8.626,0
2009-10-22,21.673,32.714,4.96,,,,,0
2009-10-22,21.665,31.982,4.92,0.1168,0.4920000000000001,9.382,13.4677,0
2009-10-22,21.44,31.818,4.975,,,,,0
2009-10-22,21.494,31.812,5.03,0.1654,0.539,5.542999999999999,13.5067,0
2009-10-22,21.49,31.773000000000003,5.025,,,,,0
2009-10-22,20.611,31.421,5.0225,,,,,0
2009-10-22,21.642,31.908,5.02,0.3519,0.727,5.052,15.8365,0
2009-10-22,21.214,31.541,5.35,,,,,0
2009-10-22,21.586,31.862,5.68,0.0665,0.282,6.031000000000001,7.588999999999999,0
2009-10-22,21.494,31.857,5.61,,,,,0
2009-10-22,20.865,31.586,5.54,0.0496,0.095,8.83,13.8847,0
2009-10-22,21.191,31.66,5.425,,,,,0
2009-10-22,21.054,31.679,5.31,0.0665,0.282,8.391,9.8061,0
2009-10-22,20.965,32.102,5.12,,,,,0
2009-10-23,20.997,31.781,4.93,0.0591,0.131,5.702999999999999,12.6244,0
2009-10-23,20.433,31.805,5.03,,,,,0
2009-10-23,18.417,32.369,5.13,0.1057,0.069,7.122999999999999,12.1317,0
2009-10-23,16.82,32.674,5.08,,,,,0
2009-10-24,20.464,31.618,,,,,,0
2009-10-24,20.114,31.907,5.7971,0.1498,0.1201,1.2757,8.3262,0
2009-10-24,20.185,31.72300000000001,,,,,,0
2009-10-24,19.984,31.789,5.7686,0.271,0.0634,1.1242,7.8812,0
2009-10-24,18.791,31.947,,,,,,0
2009-10-25,20.496,31.658,5.6262,0.1687,0.0429,1.052,3.5051,0
2009-10-25,20.793000000000006,31.582,,,,,,0
2009-10-25,20.659,31.826,5.8541,0.1746,0.1382,1.5682,8.5181,0
2009-10-25,20.401,31.673,5.3841,,,,,0
2009-10-25,18.171,32.091,,,,,,0
2009-10-25,17.665,32.08,5.612,0.5983,0.18600000000000005,6.877999999999999,12.275,0
2009-10-26,18.9441,33.0054,5.3308,,,,,0
2009-10-26,18.8091,33.0066,5.3443,,,,,0
2009-10-26,19.3136,33.4691,5.5288,1.0,0.0714,2.5714,1.7122,0
2009-10-26,19.3981,33.0882,5.3324,,,,,0
2009-10-26,21.2429,33.4874,5.0939,,0.0714,2.2143,1.3259999999999998,0
2009-10-26,20.1594,33.2898,5.1885,,,,,0
2009-10-26,19.356,31.939,,,,,,0
2009-10-26,21.4861,33.7805,5.0628,,0.0714,2.0,0.5907,0
2009-10-26,20.713,31.655,5.4979999999999976,0.1514,0.058,0.6652,2.9861,0
2009-10-26,19.241,33.4704,5.2862,,,,,0
2009-10-26,20.298,31.739,,,,,,0
2009-10-26,20.685,31.747,5.4268,0.1252,0.0634,0.5256,2.7914,0
2009-10-26,19.2453,33.0509,5.3288,,0.0714,2.0714,1.273,0
2009-10-26,20.759,31.355,5.4125,,,,,0
2009-10-27,21.2011,33.7953,5.0886,,,,,0
2009-10-27,21.4095,33.7326,5.0712,0.0323,0.0714,2.0,0.5838,0
2009-10-27,21.043000000000006,33.5993,5.1091,,,,,0
2009-10-27,21.9919,33.6631,5.0203,0.0323,0.1429,2.3571,1.2224,0
2009-10-27,21.9848,33.8087,5.0166,,,,,0
2009-10-27,19.0415,33.0239,5.3287,0.0323,0.1429,2.2857,2.109,0
2009-10-27,19.3169,33.0014,5.3014,,,,,0
2009-10-27,18.4846,33.0543,5.3758,,,,,0
2009-10-27,18.336,32.103,5.0992,0.9173,1.5203,8.3512,16.0741,0
2009-10-27,19.2723,33.0017,5.3113,,,,,0
2009-10-27,19.1658,33.0162,5.317,,,,,0
2009-10-27,18.886,32.039,,,,,,0
2009-10-27,21.3797,33.5509,5.0794,0.0645,0.2143,2.7143,2.4189,0
2009-10-27,19.187,31.957,5.612,0.0934,0.0236,0.4635,5.083,0
2009-10-27,22.1979,33.773,4.9986,,,,,0
2009-10-27,19.142,31.97300000000001,,,,,,0
2009-10-27,22.1167,33.7903,5.0177,0.0323,0.1429,2.2143,1.4104,0
2009-10-27,19.495,31.884,5.6974,0.0378,0.0173,0.4999,4.1757,0
2009-10-27,20.4406,33.6193,5.1652,,,,,0
2009-10-27,19.304,31.948,,,,,,0
2009-10-27,19.858,31.735,5.4838,0.0847,0.026,0.7395,2.8354,0
2009-10-27,21.2131,33.4088,5.099,,,,,0
2009-10-27,22.4153,33.7907,4.9786,0.0645,0.2143,2.5,3.7734,0
2009-10-27,20.482,31.65,5.2701,0.1252,0.0314,0.9763,2.682,0
2009-10-27,21.0361,33.0585,5.122999999999998,,,,,0
2009-10-27,20.6757,33.0351,5.1606,0.0323,0.1429,2.4286,4.438,0
2009-10-27,19.847,31.626,5.4979999999999976,,,,,0
2009-10-27,19.242,31.94400000000001,5.441,0.1314,0.0265,0.4261,3.8484,0
2009-10-27,19.232,31.92,,,,,,0
2009-10-28,19.021,31.972,5.7117,0.1582,0.0183,0.8407,4.9808,1
2009-10-28,19.064,32.026,,,,,,1
2009-10-28,18.928,32.083,5.6404,0.1779,0.0393,0.4304,4.4857,1
2009-10-28,18.861,32.102,,,,,,1
2009-10-28,17.865,32.208,6.3954,0.294,0.0776,0.5916,7.7896,1
2009-10-28,18.16,32.244,,,,,,1
2009-10-28,18.603,32.33,5.5265,0.6053,1.8543,3.3703,12.7545,1
2009-10-29,18.462,32.345,5.5835,0.6325,0.8227,4.9961,12.9725,0
2009-10-29,18.434,32.328,,,,,,0
2009-10-29,18.843,32.116,5.5407,0.2376,0.024,0.6443,4.4089,0
2009-10-29,18.816,32.173,,,,,,0
2009-10-29,18.892,32.039,5.4695,0.3749,0.0311,0.3368,4.7893,0
2009-10-29,18.983,32.024,,,,,,0
2009-10-29,19.095,32.03,5.7259,0.1524,0.0283,0.4263,4.7708,0
2009-10-29,18.856,32.027,,,,,,0
2009-10-29,19.547,31.736,5.441,0.1418,0.0362,0.6332,3.6318,0
2009-10-29,19.79,31.659,5.5692,0.1142,0.0356,0.2222,2.7731,0
2009-10-30,18.494,32.027,5.8541,,,,,1
2009-10-30,19.08,31.981,5.4695,0.1181,0.0492,0.6467,2.6938,1
2009-10-30,19.205,31.971,,,,,,1
2009-10-30,19.012,32.027,5.3271,0.1218,0.0374,0.4174,3.7492,1
2009-10-30,18.578,32.192,,,,,,1
2009-10-30,18.53,32.206,5.6689,0.2852,0.2358,1.4133,6.9586,1
2009-10-30,18.646,32.028,,,,,,1
2009-10-30,19.037,31.899,5.3556,0.8334,0.1952,8.264,13.3707,1
2009-11-20,19.26,33.07,5.5854,0.4839,0.1429,11.1429,11.9032,0
2009-11-20,19.23,33.08,5.54,0.5161,0.0714,10.8571,13.3226,0
2009-11-20,19.72,33.29,5.48,0.4194,0.1429,7.8571,11.1613,0
2009-11-20,20.48,33.79,5.49,0.1613,0.0714,3.8571,5.6129,0
2009-11-20,20.66,33.86,5.34,0.3548,0.1429,6.0,9.1613,0
2009-11-20,20.8,34.04,5.32,0.2581,0.5,4.6429,5.7742,0
2009-11-20,20.8,33.74,5.33,0.1613,0.8571,2.2857,3.4516,0
2009-11-20,21.43,34.38,5.37,0.129,0.5714,2.4286,3.2581,0
2009-11-20,21.68,34.19,5.23,0.0968,0.4286,2.0,2.5484,0
2009-11-20,21.32,34.25,5.32,0.0968,0.4286,2.1429,2.4516,0
2009-11-20,21.21,34.28,5.49,0.129,0.4286,2.8571,2.8065,0
2009-11-22,22.06,33.81,5.277,0.0645,0.3571,1.9286,2.7742,0
2009-11-22,21.7,33.98,5.31,0.129,0.5714,2.2857,3.2903,0
2009-11-23,20.96,33.58,5.42,0.2581,0.5714,4.0,6.4194,0
2009-11-23,21.01,33.33,5.44,0.2581,0.1429,4.3571,5.7742,0
2009-11-23,20.98,33.83,5.41,0.2903,0.1429,4.7143,7.7419,0
2009-11-23,20.66,33.25,5.56,0.2258,0.0714,3.9286,6.2903,0
2009-11-23,20.04,33.11,5.63,0.3871,0.1429,9.0714,10.0645,0
2009-11-23,19.1,33.04,5.74,0.3548,0.0714,6.2143,8.5484,0
2009-11-23,19.28,33.54,5.78,0.3226,0.1429,5.7143,8.2258,0
2009-11-23,19.13,33.59,5.7682,0.3871,0.0714,7.0,8.6452,0
2009-11-23,18.61,32.39,5.8024,0.5806,0.2143,15.4286,16.6129,0
2009-11-23,19.2,32.9,5.72,0.4194,0.0714,8.7857,12.4516,0
2009-11-23,19.68,33.33,5.69,0.4194,0.0714,7.9286,11.0645,0
2009-11-23,20.18,33.83,5.61,0.3548,0.1429,6.2857,8.6129,0
2009-11-23,20.82,34.13,5.29,0.1613,0.6429,2.6429,4.129,0
2009-11-23,21.12,34.18,5.33,0.0968,0.6429,2.0,3.1935,0
2009-11-24,21.2,34.16,5.13,0.0968,0.6429,2.1429,3.4516,0
2009-11-24,21.19,34.15,4.87,0.0645,0.5714,2.1429,2.8065,0
2009-11-24,21.08,34.27,4.39,0.0968,0.5,2.0,2.5806,0
2009-11-24,21.06,34.28,4.0206,0.0968,0.5,2.1429,2.7097,0
2009-11-24,21.2,34.29,4.49,0.1613,0.5714,1.8571,2.7419,0
2009-12-07,15.656,33.484,5.11,0.7158,0.53,13.672,16.78,0
2009-12-07,16.296,33.578,,0.5757,0.451,15.091,15.6427,0
2009-12-07,17.125,33.662,,,,,,0
2009-12-07,16.952,33.51,5.62,0.4752,0.5329999999999999,10.902999999999999,12.7445,0
2009-12-07,19.097,34.21,5.09,0.3511,0.505,5.854,5.5557,0
2009-12-07,15.874,33.477,,,,,,0
2009-12-07,14.974,33.249,,,,,,0
2009-12-07,15.013,33.247,5.38,0.6323,1.131,16.149,18.4378,0
2009-12-07,14.632,33.129,,,,,,0
2009-12-07,14.151,33.309,,,,,,0
2009-12-07,15.047,33.285,,,,,,0
2009-12-08,17.248,33.819,5.09,0.4269,0.516,7.867999999999999,13.4601,0
2009-12-08,19.052,34.221,,,,,,0
2009-12-08,19.331,34.302,,,,,,0
2009-12-08,19.116,34.163000000000004,5.13,0.6014,0.544,8.266,7.4156,0
2009-12-08,18.698,34.126999999999995,,,,,,0
2009-12-08,17.618,33.773,4.97,0.8654,0.4,10.956,11.5076,0
2009-12-08,15.508,33.465,,,,,,0
2009-12-08,13.774,33.128,5.86,0.9758,0.581,16.726,19.4738,0
2009-12-08,13.862,33.119,,,,,,0
2009-12-08,13.755999999999998,33.107,,,,,,0
2009-12-08,13.675,33.097,,,,,,0
2009-12-08,13.047,33.023,7.62,0.7658,0.6709999999999999,15.005,18.2271,0
2009-12-08,16.784000000000002,33.794000000000004,,,,,,0
2009-12-11,17.815,33.799,5.51,0.4868,0.446,12.852,11.2058,0
2009-12-11,19.176,34.291,,,,,,0
2009-12-11,19.722,34.327,5.49,0.6999,0.583,6.591,5.629,0
2009-12-11,19.801,34.321,5.06,0.1311,0.5429999999999999,6.355,6.4883,0
2009-12-11,19.599,34.319,,,,,,0
2009-12-11,19.542,34.333,5.24,0.1944,0.755,16.198,6.2813,0
2009-12-12,19.574,34.336,,,,,,0
2009-12-12,19.968,34.274,5.09,0.1422,0.596,6.385,5.5448,0
2009-12-22,12.1939,33.831,,,,,,0
2009-12-22,18.952,34.406,,,,,,0
2009-12-22,18.778,34.37,3.75,0.2511,0.742,16.339000000000002,6.8826,0
2009-12-22,13.2252,33.8944,,,,,,0
2009-12-22,12.7061,33.9026,,,,,,0
2009-12-22,18.566,34.354,,,,,,0
2009-12-22,12.4273,33.8682,,,,,,0
2009-12-22,18.39,34.36,4.88,0.202,0.496,11.290999999999999,6.8388,0
2009-12-22,11.3599,33.4965,,,,,,0
2009-12-22,18.198,34.34,,,,,,0
2009-12-22,10.2548,33.501999999999995,,,,,,0
2009-12-22,9.8958,33.7149,,,,,,0
2009-12-22,18.054,34.337,5.13,0.3002,0.397,14.647,9.8342,0
2009-12-22,17.576,34.313,,,,,,0
2009-12-22,17.519000000000002,34.264,4.73,0.341,0.154,9.186,9.2361,0
2009-12-22,13.4376,33.9727,,,,,,0
2009-12-22,17.283,34.293,,,,,,0
2009-12-23,13.0446,33.6781,,,,,,0
2009-12-23,13.2226,33.7217,,,,,,0
2009-12-23,16.826,34.181,,,,,,0
2009-12-23,13.9087,33.6429,,,,,,0
2009-12-23,17.125999999999998,34.273,5.42,0.368,0.004,9.371,7.7264,0
2009-12-23,13.6206,33.7654,,,,,,0
2009-12-23,16.836,34.181999999999995,,,,,,0
2009-12-23,14.0202,33.9759,,,,,,0
2009-12-23,17.012999999999998,34.268,5.73,0.3519,0.067,9.939,8.6039,0
2009-12-23,16.558,34.053000000000004,,,,,,0
2009-12-23,13.7884,33.4858,,,,,,0
2009-12-23,16.641,34.111999999999995,5.42,0.4383,0.133,8.359,9.5437,0
2009-12-23,13.8161,33.6274,,,,,,0
2009-12-23,17.386,34.363,,,,,,0
2009-12-23,13.5759,33.9041,,,,,,0
2009-12-23,17.444000000000006,34.379,5.45,0.4586,0.359,8.558,8.8055,0
2009-12-23,17.495,34.411,,,,,,0
2009-12-23,12.9319,33.8692,,,,,,0
2009-12-23,13.642,33.8082,,,,,,0
2009-12-23,13.725,33.9096,,,,,,0
2009-12-23,13.7329,33.9575,,,,,,0
2009-12-23,16.707,34.086,5.6,0.4778,0.08800000000000001,10.064,4.7169,0
2009-12-23,14.1919,33.9719,,,,,,0
2009-12-23,16.974,34.111,,,,,,0
2009-12-23,12.5693,33.9055,,,,,,0
2009-12-23,13.973,33.241,5.64,0.7696,0.063,8.865,18.0002,0
2009-12-23,13.323,33.133,,,,,,0
2009-12-23,13.2683,33.9072,,,,,,0
2009-12-23,13.4558,33.7646,,,,,,0
2009-12-23,12.1716,33.8596,,,,,,0
2009-12-23,12.0032,33.6637,,,,,,0
2009-12-23,10.8052,33.8578,,,,,,0
2009-12-24,12.1369,33.2136,,,,,,0
2009-12-24,13.4073,33.6429,,,,,,0
2009-12-24,13.3928,33.9627,,,,,,0
2009-12-24,12.327,33.788000000000004,,,,,,0
2009-12-24,14.0484,33.6737,,,,,,0
2009-12-24,12.3745,33.8599,,,,,,0
2009-12-24,13.7966,33.9558,,,,,,0
2009-12-24,14.0149,33.8583,,,,,,0
2009-12-24,14.0443,33.9902,,,,,,0
2009-12-24,14.285,34.0086,,,,,,0
2009-12-24,14.3248,34.0203,,,,,,0
2009-12-24,14.3146,33.9824,,,,,,0
2009-12-24,16.646,34.006,,,,,,0
2009-12-24,14.2733,34.0192,,,,,,0
2009-12-24,12.636,32.857,5.6049,0.7526,0.116,11.81,15.53,0
2009-12-24,14.3947,33.7927,,,,,,0
2009-12-24,11.941,32.805,,,,,,0
2009-12-24,15.8873,33.7241,,,,,,0
2009-12-24,13.287,32.939,5.6476,0.7095,0.1458,11.3202,14.6186,0
2009-12-24,12.855,32.842,,,,,,0
2009-12-24,15.3672,34.041,,,,,,0
2009-12-24,14.6433,33.7494,,,,,,0
2009-12-24,13.583,32.851,5.3773,0.6238,0.1337,11.1196,12.9993,0
2009-12-24,13.546,32.874,,,,,,0
2009-12-24,14.4386,33.729,,,,,,0
2009-12-25,12.253,32.78,5.1213,0.846,0.133,13.2133,14.8067,0
2009-12-25,12.842,32.634,5.8610000000000015,,,,,0
2009-12-25,13.9803,33.9493,,,,,,0
2009-12-25,16.4918,34.0488,,,,,,0
2009-12-25,11.562,32.246,5.9748,,,,,0
2009-12-25,16.6911,34.2448,,,,,,0
2009-12-25,10.999,32.294000000000004,6.1029,0.2815,0.48,4.9085,8.2634,0
2009-12-25,10.922,32.363,,,,,,0
2009-12-25,16.9567,34.2418,,,,,,0
2009-12-25,10.745,32.426,6.174,0.3795,0.3314,5.5627,9.6249,0
2009-12-25,16.6349,34.1397,,,,,,0
2009-12-25,16.4441,33.8039,,,,,,0
2009-12-25,16.4438,34.1268,,,,,,0
2009-12-25,16.4274,34.1247,,,,,,0
2009-12-25,10.747,32.503,,,,,,0
2009-12-25,10.535,32.477,6.0602,0.7602,0.1086,9.4189,14.9284,0
2009-12-25,16.3998,34.0877,,,,,,0
2009-12-25,16.4252,34.0254,,,,,,0
2009-12-25,16.6211,34.0602,,,,,,0
2009-12-25,9.433,32.454,,,,,,0
2009-12-25,16.6205,33.9788,,,,,,0
2009-12-25,16.9643,34.1257,,,,,,0
2009-12-25,16.9189,34.0705,,,,,,0
2009-12-25,16.899,34.1872,,,,,,0
2009-12-25,17.4968,34.1246,,,,,,0
2009-12-25,16.761,34.2887,,,,,,0
2009-12-25,15.9349,34.1142,,,,,,0
2010-01-01,8.53,32.506,6.6577,0.7161,0.2333,9.9165,14.0585,0
2010-01-01,9.721,32.494,,,,,,0
2010-01-01,9.856,32.573,5.9464,0.8302,0.1778,11.140999999999998,14.0088,0
2010-01-01,9.689,32.624,,,,,,0
2010-01-01,9.187,32.537,5.989,0.5954,0.2962,7.6652,11.7765,0
2010-01-01,8.839,32.551,,,,,,0
2010-01-01,9.047,32.506,6.1882,0.5443,0.3499,6.9854,10.172,0
2010-01-01,9.42,32.398,6.2024,0.3468,0.4233,3.8611,7.6877,0
2010-01-01,8.993,32.457,6.2167,,,,,0
2010-01-02,8.98,32.489000000000004,6.1171,0.425,0.4151,6.1147,9.1109,0
2010-01-02,8.715,32.533,,,,,,0
2010-01-02,8.449,32.545,6.0744,0.6493,0.3629,8.2229,12.2665,0
2010-01-02,8.792,32.551,,,,,,0
2010-01-02,9.277,32.493,6.0602,0.813,0.0874,8.9529,14.2622,0
2010-01-02,9.501,32.535,,,,,,0
2010-01-02,8.772,32.459,,,,,,0
2010-01-02,7.598,32.459,6.6292,0.7656,0.1135,9.2944,15.5065,0
2010-01-08,5.8870000000000005,32.355,6.9279,0.8231,0.1214,10.0762,17.0849,0
2010-01-08,7.0470000000000015,32.353,,,,,,0
2010-01-08,7.939,32.441,6.5865,0.6955,0.1295,8.2715,14.0599,0
2010-01-08,7.687,32.447,,,,,,0
2010-01-08,7.831,32.519,6.5723,0.6393,0.2289,7.6889,12.5634,0
2010-01-08,7.563,32.59,,,,,,0
2010-01-08,7.775,32.613,6.0033,0.9777,0.2474,8.4014,12.5795,0
2010-01-08,8.042,32.641,,,,,,0
2010-01-08,8.184,32.593,6.0317,0.6131,0.3145,7.3278,11.0587,0
2010-01-08,8.631,32.588,5.7899,0.564,0.2784,7.6744,11.5448,0
2010-01-09,7.752999999999999,32.559,6.2309,,,,,0
2010-01-09,8.054,32.567,5.8468,0.6421,0.1607,8.3657,12.4451,0
2010-01-09,7.149,32.576,,,,,,0
2010-01-09,6.818,32.422,6.5865,0.7791,0.1071,8.7287,12.7451,0
2010-01-09,6.9129999999999985,32.404,,,,,,0
2010-01-09,7.463999999999999,32.444,6.5154,0.7637,0.0955,9.428,13.4493,0
2010-01-09,4.85,31.947,,,,,,0
2010-01-09,4.896,31.933000000000003,6.7429999999999986,1.0477,0.0933,14.9798,19.1589,0
2010-02-03,10.53,32.75,6.682,0.7097,0.1429,12.8571,15.6129,0
2010-02-03,10.39,32.73,6.7266,0.4839,0.1429,16.2143,15.5806,0
2010-02-03,10.5,32.7,6.9214,0.4194,0.1429,16.2857,15.7097,0
2010-02-03,10.42,32.77,6.659,0.5806,0.1429,14.5714,12.6774,0
2010-02-03,11.6,33.35,6.682,0.3226,0.1429,10.3571,11.5484,0
2010-02-04,13.2,33.95,6.2356,0.3226,0.2857,6.5714,8.3226,0
2010-02-04,14.45,34.16,5.9341,0.2581,0.2857,5.2857,5.9355,0
2010-02-04,14.55,34.11,6.396,0.2581,0.3571,5.5,5.871,0
2010-02-04,15.76,34.16,5.8938,0.129,0.4286,5.2857,5.7742,0
2010-02-04,16.11,34.19,5.9624,0.129,0.4286,6.4286,6.129,0
2010-02-04,17.14,34.52,5.9049,0.2258,0.5714,5.3571,5.2581,0
2010-02-04,16.77,34.39,5.7971,0.1613,0.5,6.4286,6.0645,0
2010-02-04,15.95,34.16,5.962999999999999,0.1935,0.2143,6.5,6.3548,0
2010-02-04,14.41,34.14,5.7796,0.1935,0.2857,6.1429,5.8065,0
2010-02-04,15.07,34.16,6.0985,0.1935,0.2143,6.0714,6.0323,0
2010-02-04,14.38,34.16,6.0315,0.129,0.2857,4.8571,6.1935,0
2010-02-04,13.81,34.13,6.3269,0.129,0.2143,6.7143,7.129,0
2010-02-05,10.01,32.7,6.6733,0.2903,0.1429,12.1429,12.8065,0
2010-02-05,9.77,32.54,6.6815,0.3226,0.1429,13.2857,12.7742,0
2010-02-05,9.61,32.27,6.7733,0.4839,0.1429,17.6429,17.7742,0
2010-02-05,9.89,32.51,6.9324,0.4839,0.1429,19.6429,16.7419,0
2010-02-05,8.1,31.63,7.3549,0.3226,0.2143,16.0,14.3226,0
2010-02-05,9.4,32.62,6.6941,0.4839,0.2143,11.2857,11.0968,0
2010-02-05,13.317,34.351,5.9,0.5757,0.451,15.091,15.6427,0
2010-02-05,13.216,34.352,,,,,,0
2010-02-05,9.97,32.81,6.596,0.2903,0.2143,11.7143,11.5161,0
2010-02-05,14.649,34.449,7.89,0.4752,0.5329999999999999,10.903,12.7445,0
2010-02-05,13.87,34.19,6.2536,0.1935,0.2143,5.5,6.9032,0
2010-02-05,13.4,34.09,6.1329,0.2581,0.2143,5.5,7.5161,0
2010-02-05,14.867,34.442,5.8,0.3511,0.505,5.854,5.5557,0
2010-02-05,14.97,34.18,5.8824,0.1613,0.0714,5.2143,6.0645,0
2010-02-05,13.82,34.408,,,,,,0
2010-02-05,12.085,34.228,6.26,0.7158,0.53,13.672,16.78,0
2010-02-05,15.16,34.18,6.1447,0.2258,0.1429,5.9286,6.129,0
2010-02-06,11.282,34.149,,,,,,0
2010-02-06,15.37,34.19,5.862,0.1935,0.1429,6.5714,6.1935,0
2010-02-06,11.012,34.137,7.05,0.6323,1.131,16.149,18.4378,0
2010-02-06,10.612,34.124,,,,,,0
2010-02-06,15.59,34.18,6.03,0.3226,0.1429,6.5714,6.129,0
2010-02-06,10.144,34.074,,,,,,0
2010-02-06,16.87,34.48,5.8359,0.3548,0.4286,4.7857,6.5484,0
2010-02-06,12.964,34.328,,,,,,0
2010-02-06,15.17,34.481,5.46,0.4269,0.516,7.8679999999999986,13.4601,0
2010-02-06,15.156,34.497,,,,,,0
2010-02-06,16.9,34.49,5.4033,0.3226,0.4286,5.6429,5.3871,0
2010-02-06,15.586,34.545,,,,,,0
2010-02-06,15.609000000000002,34.495,5.44,0.6014,0.544,8.266,7.4156,0
2010-02-06,15.148,34.445,,,,,,0
2010-02-06,12.792,34.303000000000004,6.73,0.8654,0.4,10.956,11.5076,0
2010-02-06,11.684,34.24,,,,,,0
2010-02-06,9.977,34.052,6.24,0.9758,0.581,16.726,19.4738,0
2010-02-06,9.68,33.985,,,,,,0
2010-02-06,8.956,33.863,,,,,,0
2010-02-06,8.21,33.657,,,,,,0
2010-02-06,8.86,33.675,6.38,0.7658,0.6709999999999999,15.005,18.2271,0
2010-02-06,10.58,33.819,,,,,,0
2010-02-06,13.82,34.376,5.59,0.4868,0.446,12.852,11.2058,0
2010-02-06,14.113,34.438,,,,,,0
2010-02-06,15.343,34.472,5.46,0.6999,0.583,6.591,5.629,0
2010-02-06,15.249,34.276,5.57,0.1311,0.5429999999999999,6.355,6.4883,0
2010-02-06,15.671,34.475,,,,,,0
2010-02-07,16.121,34.578,5.25,0.1944,0.755,16.198,6.2813,0
2010-02-07,15.409,34.45,,,,,,0
2010-02-07,16.242,34.578,5.15,0.1422,0.596,6.385,5.5448,0
2010-02-07,15.857,34.461,,,,,,0
2010-02-07,16.233,34.497,5.29,0.2511,0.742,16.339000000000002,6.8826,0
2010-02-07,16.358,34.447,,,,,,0
2010-02-07,15.363,34.247,5.44,0.20199999999999999,0.496,11.291,6.8388,0
2010-02-09,15.081,34.293,,,,,,0
2010-02-09,14.473,34.399,5.7,0.3002,0.397,14.647,9.8342,0
2010-02-09,14.533,34.283,,,,,,0
2010-02-09,14.524,34.263000000000005,5.57,0.341,0.154,9.186,9.2361,0
2010-02-09,14.062,34.273,,,,,,0
2010-02-09,12.675999999999998,34.104,,,,,,0
2010-02-09,12.981,34.184,5.75,0.368,0.004,9.371,7.7264,0
2010-02-09,13.478,34.295,,,,,,0
2010-02-09,13.474,34.342,,,,,,0
2010-02-09,13.764,34.375,5.6,0.3519,0.067,9.939,8.6039,0
2010-02-10,13.413,34.328,5.57,0.4383,0.133,8.359,9.5437,0
2010-02-10,13.873,34.41,,,,,,0
2010-02-10,14.22,34.397,5.51,0.4586,0.359,8.558,8.8055,0
2010-02-10,14.675,34.468,,,,,,0
2010-02-10,12.72,34.094,5.67,0.4778,0.08800000000000001,10.064,4.7169,0
2010-02-10,13.654000000000002,34.366,,,,,,0
2010-02-10,12.776,34.2,5.84,0.7696,0.063,8.865,18.0002,0
2010-02-10,10.602,33.829,,,,,,0
2010-02-19,12.371,34.256,,,,,,0
2010-02-19,12.62,34.293,6.1008,0.5820000000000001,0.0834,6.4581,9.5747,0
2010-02-19,7.555,32.975,,,,,,0
2010-02-19,8.469,33.115,6.8511,0.7679,0.0368,9.6625,14.4801,0
2010-02-19,8.698,33.187,,,,,,0
2010-02-19,9.706,33.416,6.5538,0.7909999999999999,0.0579,8.8204,13.142,0
2010-02-19,8.443999999999999,32.999,,,,,,0
2010-02-19,8.666,33.086,6.6670000000000025,0.7859,0.079,9.7665,13.5274,0
2010-02-19,9.516,33.286,6.4264,,,,,0
2010-02-20,7.7029999999999985,32.596,6.6104,,,,,0
2010-02-20,8.006,32.683,6.7378,0.7328,0.0535,9.4905,12.9572,0
2010-02-20,7.86,32.691,,,,,,0
2010-02-20,7.585,32.69,6.6812,0.7542,0.0814,9.4882,13.0646,0
2010-02-20,6.547999999999999,32.656,,,,,,0
2010-02-20,4.3646,33.8402,,0.4839,0.1429,7.7143,9.4839,0
2010-02-20,5.5310000000000015,32.591,7.0351,0.8824,0.0845,11.3069,15.7869,0
2010-02-20,4.3254,33.9286,,,,,,0
2010-02-20,5.19,32.662,,,,,,0
2010-02-20,3.2089,34.1408,,0.5161,0.1429,7.7857,10.3871,0
2010-02-20,4.4567,33.7289,,,,,,0
2010-02-20,8.2044,33.9678,,0.4194,0.2857,7.0714,8.2581,0
2010-02-20,9.0629,33.9091,,,,,,0
2010-02-20,9.1856,33.8628,,0.3871,0.1429,7.0,6.7097,0
2010-02-20,8.9945,34.1467,,0.4194,0.2857,6.7857,8.1613,0
2010-02-20,8.3037,34.0734,,,,,,0
2010-02-21,8.4853,34.2564,,0.3871,0.2143,6.9286,8.3226,0
2010-02-21,9.0245,34.0721,,,,,,0
2010-02-21,9.41,34.0736,,0.3871,0.0714,7.2143,6.7742,0
2010-02-21,9.2575,34.0956,,,,,,0
2010-02-21,8.9052,34.0993,,0.3871,0.2143,6.7143,6.871,0
2010-02-21,8.3439,34.1028,,,,,,0
2010-02-21,7.5715,34.0927,,0.4194,0.2143,7.2143,8.6129,0
2010-02-21,6.9085,34.0311,,,,,,0
2010-02-21,4.523,32.43,7.1766,0.7768,0.0972,10.3282,14.6119,0
2010-02-21,6.749,32.68,,,,,,0
2010-02-21,6.8889999999999985,32.706,6.8935,0.8822,0.096,11.6496,14.0995,0
2010-02-21,7.037000000000001,32.748000000000005,,,,,,0
2010-02-21,7.278,32.721,6.6104,0.8727,0.1055,9.874,13.0676,0
2010-02-21,7.284,32.75,,,,,,0
2010-02-21,7.31,32.721,6.9077,0.7131,0.1263,8.9578,11.8406,0
2010-02-21,7.433,32.691,7.0917,0.6771,0.0678,8.8993,10.8491,0
2010-02-22,6.834,32.624,6.2141,,,,,0
2010-02-22,6.848,32.67,6.8369,0.7761,0.1763,9.5016,10.5381,0
2010-02-22,6.82,32.662,,,,,,0
2010-02-22,6.569,32.718,6.9926,0.6286,0.0986,7.1406,9.1568,0
2010-02-22,6.3660000000000005,32.738,,,,,,0
2010-02-22,6.476,32.721,7.0209,0.7339,0.1414,5.2502,13.0079,0
2010-02-22,6.08,32.669000000000004,,,,,,0
2010-02-22,5.975,32.586,7.0209,0.8263,0.1345,9.1617,11.059,0
2010-02-22,5.4220000000000015,32.503,,,,,,0
2010-02-22,8.8467,33.8681,,,,,,0
2010-02-22,9.2861,34.1548,,0.3871,0.2143,6.3571,7.8387,0
2010-02-22,9.2028,34.1377,,,,,,0
2010-02-22,4.982,32.428000000000004,7.3465,0.8320000000000001,0.1119,10.7337,13.9095,0
2010-02-22,9.4935,34.1604,,0.3871,0.2857,6.5714,7.9355,0
2010-02-22,4.4289999999999985,32.318000000000005,7.6720000000000015,0.8047,0.1037,10.7189,15.0013,0
2010-02-22,9.3762,34.0756,,,,,,0
2010-02-22,4.35,32.284,,,,,,0
2010-02-22,9.2084,34.0773,,0.3871,0.1429,7.1429,6.5806,0
2010-02-22,8.104,34.0597,,,,,,0
2010-02-22,9.9301,34.2046,,0.3871,0.2143,6.2857,7.7419,0
2010-02-23,10.0325,34.2106,,,,,,0
2010-02-23,9.4757,34.1677,,0.3871,0.2143,6.7143,7.7419,0
2010-02-23,8.7513,34.1192,,,,,,0
2010-02-23,8.9529,34.1699,,0.3548,0.1429,5.7857,7.5806,0
2010-02-23,11.5043,34.3433,,,,,,0
2010-02-23,5.191,32.448,7.1058,0.8796,0.1681,10.5611,13.1567,0
2010-02-23,10.8078,34.1937,,,,,,0
2010-02-23,4.995,32.503,,,,,,0
2010-02-23,5.45,32.658,7.2049,0.8084,0.2092,9.9172,13.4314,0
2010-02-23,10.6468,34.1713,,0.3871,0.2857,6.5,6.4194,0
2010-02-23,5.665,32.723,,,,,,0
2010-02-23,5.785,32.671,7.0917,0.7975,0.1489,10.1644,12.4485,0
2010-02-23,11.0111,34.2417,,,,,,0
2010-02-23,6.314,32.658,,,,,,0
2010-02-23,12.2778,34.333,,0.3548,0.3571,5.0714,6.7419,0
2010-02-23,6.489,32.662,7.12,0.7024,0.092,8.8095,11.5029,0
2010-02-23,6.529,32.582,7.0917,0.6916,0.0962,8.0526,10.0102,0
2010-02-23,11.3636,34.3163,,,,,,0
2010-02-23,10.3229,34.2407,,0.2903,0.2857,5.0,7.2581,0
2010-02-23,5.653,32.438,7.0351,,,,,0
2010-02-23,10.3136,34.2712,,,,,,0
2010-02-23,5.739,32.51,7.0351,0.6383,0.149,8.0984,10.5484,0
2010-02-23,8.4806,34.129,,0.3548,0.1429,5.5,8.2258,0
2010-02-23,5.718,32.539,,,,,,0
2010-02-23,5.61,32.614000000000004,7.12,0.7142,0.122,8.9752,11.8434,0
2010-02-23,8.2337,34.1127,,,,,,0
2010-02-24,3.873,32.375,,,,,,0
2010-02-24,8.152999999999999,34.0935,,0.4516,0.2143,7.4286,10.0,0
2010-02-24,4.328,32.393,7.4031,0.91,0.1107,11.0022,11.2536,0
2010-02-24,7.8485,33.9445,,,,,,0
2010-02-24,7.9165,33.9571,,,,,,0
2010-02-24,2.488,32.027,,,,,,0
2010-02-24,2.662,32.008,7.7287,1.0383,0.1242,17.0109,17.1054,0
2010-02-24,9.9846,34.2318,,,,,,0
2010-02-24,9.8252,34.2442,,,,,,0
2010-02-24,9.5646,34.2047,,0.4194,0.2857,6.4286,9.4516,0
2010-02-24,10.2585,34.4755,,,,,,0
2010-02-24,9.1215,34.0317,,0.4194,0.2143,7.2857,9.1935,0
2010-02-24,8.5991,34.1204,,,,,,0
2010-02-24,12.4471,34.3242,,0.3548,0.3571,5.7857,8.8387,0
2010-02-24,12.3698,34.5708,,,,,,0
2010-02-24,11.9583,34.392,,0.2903,0.2143,4.0,7.0323,0
2010-02-28,11.7919,34.2729,,,,,,0
2010-02-28,11.9256,34.9238,,,,,,0
2010-02-28,12.8093,34.3514,,0.3548,0.4286,5.0714,7.2581,0
2010-02-28,12.607,34.4626,,,,,,0
2010-02-28,13.337,34.3895,,0.2258,0.3571,3.5714,4.9677,0
2010-02-28,13.0792,34.4373,,,,,,0
2010-02-28,11.5064,34.3025,,,,,,0
2010-02-28,12.3029,34.3549,,,,,,0
2010-02-28,12.8882,34.3935,,,,,,0
2010-03-01,13.2106,34.4092,,,,,,0
2010-03-01,13.9205,34.4451,,,,,,0
2010-03-01,13.9834,34.4583,,0.2581,0.5714,3.9286,5.0968,0
2010-03-01,13.5527,34.4203,,,,,,0
2010-03-01,12.0541,34.2012,,,,,,0
2010-03-01,13.0151,34.2981,,,,,,0
2010-03-01,13.8297,34.4429,,,,,,0
2010-03-01,14.0463,34.4553,,,,,,0
2010-03-01,13.8704,34.4507,,,,,,0
2010-04-03,9.0548,34.1836,6.4596,,,,,0
2010-04-03,8.9637,34.1041,6.3186,0.4194,0.3571,7.3571,5.9032,0
2010-04-03,8.8282,34.1048,6.5525,,,,,0
2010-04-04,9.9577,34.1682,6.9283,,,,,0
2010-04-04,9.1285,34.2315,6.5806,0.3871,0.2857,6.0714,4.3871,0
2010-04-04,9.0125,34.231,6.5342,,,,,0
2010-04-04,8.7487,34.032,6.5526,0.4516,0.2857,7.3571,4.3226,0
2010-04-04,8.8292,34.1576,6.5,,,,,0
2010-04-04,12.405,33.938,5.77,0.38299999999999995,0.446,6.269,11.4019,0
2010-04-04,8.9682,34.1149,6.6604,0.4194,0.3571,6.9286,4.2581,0
2010-04-04,13.456,34.35,6.45,,,,,0
2010-04-04,14.772,34.483000000000004,7.13,0.273,0.327,5.381,8.2642,0
2010-04-04,8.8147,34.1745,6.5016,0.3548,0.2143,5.4286,6.0968,0
2010-04-04,13.628,34.275,6.62,0.237,0.28300000000000003,3.981,7.6208,0
2010-04-04,9.1693,34.2595,6.6045,,,,,0
2010-04-04,12.397,34.147,6.915,,,,,0
2010-04-04,11.796,34.21,7.21,0.341,0.29,2.481,9.83,0
2010-04-04,11.96,34.093,6.87,,,,,0
2010-04-04,11.515,33.976,6.53,0.257,0.285,3.384,9.5364,0
2010-04-04,10.514,33.71,6.7,,,,,0
2010-04-04,11.711,33.981,6.145,,,,,0
2010-04-05,12.956,34.214,6.0225,,,,,0
2010-04-05,13.812,34.271,5.9,0.317,0.282,7.447,9.2273,0
2010-04-05,13.818,34.246,6.245,,,,,0
2010-04-05,15.231,34.556999999999995,6.4175,,,,,0
2010-04-05,15.233,34.537,6.59,0.272,0.303,6.0779999999999985,9.9536,0
2010-04-05,14.94,34.438,6.31,,,,,0
2010-04-05,8.6505,34.1633,6.5262,0.3871,0.2143,5.5714,5.9677,0
2010-04-05,13.624,34.228,6.03,0.245,0.139,2.5610000000000004,5.7361,0
2010-04-05,9.2619,34.2047,6.4667,,,,,0
2010-04-05,13.783,34.311,6.355,,,,,0
2010-04-05,8.6475,34.023,6.4831,0.4194,0.3571,8.0,5.7419,0
2010-04-05,11.237,33.964,6.68,0.262,0.174,1.5659999999999998,8.8874,0
2010-04-05,11.368,33.982,6.15,,,,,0
2010-04-05,9.2543,34.5102,6.4437,,,,,0
2010-04-05,11.731,33.927,6.16,,,,,0
2010-04-05,11.544,33.922,6.165,,,,,0
2010-04-05,11.85,33.988,6.15,0.16399999999999998,0.255,2.84,10.6898,0
2010-04-05,8.9653,34.4999,6.4874,0.4194,0.2857,7.0,5.1613,0
2010-04-05,13.412,34.207,6.02,,,,,0
2010-04-05,9.2869,34.5349,6.4551,,,,,0
2010-04-05,12.2497,34.3944,6.0422,0.3548,0.4286,5.2143,3.871,0
2010-04-05,12.171,34.1473,6.0895,,,,,0
2010-04-05,12.5503,34.4062,6.004,0.2903,0.5,5.0,4.871,0
2010-04-06,11.8917,34.3572,6.1134,0.3226,0.3571,5.2857,4.8387,0
2010-04-06,11.4317,34.3277,6.1598,,,,,0
2010-04-06,12.2891,34.3868,6.0375,0.4516,0.4286,5.5714,1.7742,0
2010-04-06,10.8974,34.3079,6.2401,,,,,0
2010-04-06,10.3237,34.2236,6.3055,0.0645,,0.7857,4.6452,0
2010-04-06,11.4871,34.0624,6.1445,,,,,0
2010-04-06,8.8468,34.2486,6.5134,0.2903,0.2143,4.9286,4.9355,0
2010-04-06,9.249,34.4868,6.4482,,,,,0
2010-04-08,13.598,34.26,5.87,0.3,0.131,2.797,8.2044,0
2010-04-08,15.043,34.408,5.875,,,,,0
2010-04-08,14.538,34.356,5.88,0.33299999999999996,0.301,3.196,8.34,0
2010-04-08,10.9134,34.2032,6.222,,,,,0
2010-04-08,14.736,34.366,5.68,0.319,0.223,4.445,9.0635,0
2010-04-08,11.2859,34.2345,6.1738,0.3548,0.2857,5.6429,4.5161,0
2010-04-08,10.8524,34.4577,6.2345,,,,,0
2010-04-08,15.637,34.528,5.745,,,,,0
2010-04-08,10.8618,34.2862,6.2313,0.2903,0.2857,4.5,5.7742,0
2010-04-08,15.552,34.556,5.81,0.38799999999999996,0.505,4.845,10.4891,0
2010-04-08,12.9366,34.3165,6.0104,,,,,0
2010-04-08,15.433,34.493,5.73,,,,,0
2010-04-08,13.8405,34.3889,5.8693,0.1613,0.2143,2.7143,4.1613,0
2010-04-08,13.4999,34.2191,5.8982,,,,,0
2010-04-08,16.163,34.573,5.65,0.228,0.359,3.887,7.3756,0
2010-04-08,13.0234,34.4684,5.95,0.2581,0.4286,3.8571,9.0323,0
2010-04-08,15.673,34.514,5.58,,,,,0
2010-04-09,15.533,34.489000000000004,5.51,0.331,0.47,4.572,7.862,0
2010-04-09,12.5899,34.147,6.0083,,,,,0
2010-04-09,15.745,34.512,5.515,,,,,0
2010-04-09,12.7468,34.4475,5.9772,0.3226,0.8571,5.0,4.2258,0
2010-04-09,15.594,34.488,5.52,0.273,0.484,7.0710000000000015,6.6559,0
2010-04-09,14.738,34.379,5.64,,,,,0
2010-04-09,13.1026,34.2866,5.9392,,,,,0
2010-04-09,14.151,34.296,5.76,0.331,0.156,3.592,8.5996,0
2010-04-09,13.3229,34.2112,5.9079,0.1935,0.4286,3.4286,3.9677,0
2010-04-09,13.98,34.282,5.76,,,,,0
2010-04-09,13.9585,34.3727,5.8729999999999976,,,,,0
2010-04-09,13.6403,34.3539,5.8741,0.0968,0.1429,1.8571,8.2581,0
2010-04-09,13.98,34.282,5.76,0.316,0.10800000000000001,5.671,7.8548,0
2010-04-09,12.7432,34.251,5.9869,,,,,0
2010-04-09,13.443,34.167,5.865,,,,,0
2010-04-09,11.225,33.837,5.9175,,,,,0
2010-04-09,12.369000000000002,34.074,5.97,0.359,0.064,6.773,10.3314,0
2010-04-09,11.62,33.968,6.02,,,,,0
2010-04-09,12.927,34.133,6.07,0.235,0.07400000000000001,2.8510000000000004,9.9038,0
2010-04-09,13.178,34.167,6.005,,,,,0
2010-04-09,13.437,34.198,5.94,0.28,0.063,4.187,8.6633,0
2010-04-10,13.531,34.206,5.88,,,,,0
2010-04-10,13.805,34.251,5.82,0.3,0.079,3.084,7.8909,0
2010-04-10,14.284,34.367,5.925,,,,,0
2010-04-10,13.71,34.256,6.03,0.35100000000000003,0.139,3.017,6.6383,0
2010-04-10,12.741,34.181,5.825,,,,,0
2010-04-10,13.235,34.214,5.62,0.337,0.289,6.98,8.2718,0
2010-04-10,12.576,34.189,5.7225,,,,,0
2010-04-14,13.5934,34.2932,,,,,,0
2010-04-14,13.6445,34.3806,,0.1613,0.3571,3.2857,5.129,0
2010-04-14,13.0725,34.4528,,,,,,0
2010-04-14,13.3965,34.4164,,0.2258,0.6429,3.2857,3.0645,0
2010-04-15,13.6517,34.4436,,,,,,0
2010-04-15,14.5461,34.3993,,,,,,0
2010-04-15,14.4233,34.4246,,0.2581,0.3571,4.7143,1.1613,0
2010-04-15,14.2933,34.3792,,,,,,0
2010-04-15,12.4424,34.1613,,0.1935,0.4286,3.1429,1.2903,0
2010-04-15,12.123,34.13,6.1291,0.6243,0.3059,6.5021,8.0008,0
2010-04-15,20.114,31.907,5.7971,0.1498,0.1201,1.2757,8.3262,0
2010-04-15,10.208,33.728,,,,,,0
2010-04-15,9.858,33.564,6.2849,0.3503,0.1005,6.9805,11.3334,0
2010-04-15,9.71,33.51,,,,,,0
2010-04-15,8.883,33.216,6.4972,0.2035,0.1027,9.4103,12.7795,0
2010-04-15,8.839,33.167,,,,,,0
2010-04-15,8.105,32.935,6.7237,0.6443,0.1146,10.1374,13.1359,0
2010-04-15,8.408999999999999,32.967,6.8511,,,,,0
2010-04-16,8.106,32.71,6.7661,,,,,0
2010-04-16,8.005,32.71,6.8511,0.644,0.1927,8.2433,11.379,0
2010-04-16,7.838999999999999,32.724000000000004,,,,,,0
2010-04-16,7.683,32.718,6.7378,0.3805,0.1457,8.6503,12.1737,0
2010-04-16,7.158,32.622,,,,,,0
2010-04-16,7.193,32.39,6.6953,0.3963,0.1298,7.2372,6.4503,0
2010-04-16,7.887,32.49,,,,,,0
2010-04-17,7.409,32.246,7.2899,0.109,0.0496,1.0594,0.8613,0
2010-04-17,8.655,32.475,,,,,,0
2010-04-17,7.949,32.686,7.12,0.6698,0.1958,9.5802,12.9478,0
2010-04-23,6.4663,32.1587,7.5022,0.7611,0.2044,13.6726,10.2929,0
2010-04-23,7.3794,31.9189,,,,,,0
2010-04-23,7.3541,31.9535,7.3748,0.5696,0.2002,13.1418,9.7711,0
2010-04-23,7.0072,31.8072,,,,,,0
2010-04-23,6.8911,32.4096,8.9035,0.0171,0.0297,1.3583,1.2729,0
2010-04-23,7.1603,32.3453,,,,,,0
2010-04-23,6.7577,32.2737,8.0854,0.205,0.1432,3.7158,6.1613,0
2010-04-24,7.0837,32.284,8.5355,,,,,0
2010-04-24,7.3968,32.2113,7.487999999999999,0.2851,0.1618,7.7402,4.9033,0
2010-04-24,7.2594,32.2444,,,,,,0
2010-04-24,7.7604,32.3617,6.936,0.5481,0.2265,9.9545,10.7364,0
2010-04-24,7.0908,32.3633,,,,,,0
2010-04-24,7.931,32.3302,8.2666,0.2505,0.1818,5.5382,8.4008,0
2010-04-24,8.222999999999999,32.449,,,,,,0
2010-04-24,7.8402,32.4614,8.4081,0.0678,0.0019,1.6361,0.9626,0
2010-04-24,7.832999999999997,32.5562,,,,,,0
2010-04-24,8.3233,32.4811,8.6204,0.0054,0.0304,1.3316,0.9138,0
2010-04-25,8.2296,32.4295,8.3232,0.0179,0.0323,2.4807,0.7987,0
2010-04-25,8.6813,32.0977,7.4597,0.0104,0.0335,1.5985,1.1244,0
2010-04-25,8.611,32.2897,,,,,,0
2010-04-25,8.1165,32.45,7.3323,0.3994,0.1156,5.6074,5.2883,0
2010-04-25,8.0536,32.6418,,,,,,0
2010-04-25,8.2249,32.6567,8.5497,0.2195,0.1738,3.5702,9.3657,0
2010-04-25,8.4915,32.3622,,,,,,0
2010-04-25,8.5862,32.6016,7.7994,0.0471,0.0642,1.0748,1.3194,0
2010-04-25,9.1249,32.5896,,,,,,0
2010-04-25,9.0371,32.5664,8.5072,0.0079,0.0159,0.9981,0.7694,0
2010-04-25,8.786,32.4887,7.7004,,,,,0
2010-04-26,9.3497,32.5143,8.2099,0.3564,0.1024,0.6976,0.7815,0
2010-04-26,9.1467,32.5111,8.2666,0.0019,0.0019,2.6851,0.5342,0
2010-04-26,9.3,32.5856,,,,,,0
2010-04-26,9.2799,32.6094,8.2666,0.052000000000000005,0.0443,1.8037,0.7705,0
2010-04-26,9.0036,32.6372,,,,,,0
2010-05-13,15.354,31.2493,7.2609,0.1907,0.4312,12.0983,4.9786,0
2010-05-13,15.1281,32.4226,7.0662,0.1549,0.3308,4.3616,10.046,0
2010-05-14,15.029000000000002,32.3065,6.8386,0.2265,0.0979,4.2158,10.8891,0
2010-05-14,14.515,32.3452,6.5514,0.3697,0.2405,5.2258,11.4183,0
2010-05-14,14.2572,32.4071,7.2106,0.222,0.1421,6.6081,12.1717,0
2010-05-14,14.3805,32.4836,7.3236,0.4413,0.0798,5.249,11.0416,0
2010-05-14,15.1227,33.1175,6.9471,0.1907,0.0256,2.5551,6.7185,0
2010-05-14,16.8523,33.7843,6.2399,0.1773,0.0136,2.0083,2.4314,0
2010-05-14,17.4949,33.7843,6.0655,0.2444,0.0156,3.552,2.6825,0
2010-05-14,17.1612,32.9879,6.6679999999999975,0.3831,0.0336,3.2428,3.1399,0
2010-05-14,18.3439,33.7385,6.4396,0.2176,0.12,4.4943,2.9426,0
2010-05-14,17.9786,33.5591,6.1248,0.1057,0.0417,3.3587,2.1174,0
2010-05-14,18.2106,33.4071,5.4352,0.3071,0.0457,2.5367,2.3058,0
2010-05-14,17.3674,33.9564,6.4022,0.2399,0.0738,4.3485,2.4941,0
2010-05-14,15.4821,33.4613,6.3749,0.2399,0.0316,2.2686,8.6558,0
2010-05-15,15.1223,33.018,6.9175,0.2847,0.0497,2.7294,9.5976,0
2010-05-15,14.7271,32.3989,6.9179,0.3339,0.0196,2.1776,6.9159,0
2010-05-15,14.7093,32.2151,6.9202,0.3071,0.0176,2.8437,10.8353,0
2010-05-15,14.862,32.403,7.6126,0.1549,0.0477,3.4099,10.8263,0
2010-05-15,12.6414,32.5774,6.2326,0.4279,0.3027,13.3523,9.3465,0
2010-05-15,15.7231,29.2267,7.6641,0.1952,0.4453,16.2997,6.7275,0
2010-05-15,15.1527,32.2159,7.5216,0.2355,0.2344,5.0332,3.0951,0
2010-05-15,15.2299,32.4249,7.5835,0.9739,0.0557,4.7421,9.1491,0
2010-05-15,14.9223,32.232,,0.3563,0.0658,3.4531,9.2747,0
2010-05-15,14.3421,32.5082,7.1498,0.2399,0.0698,2.2639,6.5392,0
2010-05-15,14.3168,32.6492,,0.1415,0.0658,2.5605,5.9024,0
2010-05-15,15.9634,33.438,7.0367,1.4303,0.0698,0.0291,8.6738,0
2010-05-16,17.1798,34.186,,0.5711,0.0336,0.2589,4.1983,0
2010-05-16,17.8077,33.95,6.15,0.9604,0.0617,3.7389,2.7632,0
2010-05-16,16.69,33.98,5.5617,0.0134,0.0095,0.1305,4.0504,0
2010-05-16,18.2963,34.0407,,0.2802,0.0638,4.0139999999999985,3.3283,0
2010-05-16,18.4,34.11,,0.1057,0.0838,0.3229,3.2744,0
2010-05-16,18.37,34.53,5.3669,0.0228,0.0102,0.6868,4.3043,0
2010-05-16,18.88,19.42,6.2903,0.1505,0.0477,0.3717,3.0233,0
2010-06-18,12.8361,33.4824,5.8439,,,0.7857,1.8065,0
2010-06-18,14.579,33.4073,5.7927,,,,,0
2010-06-18,16.9397,33.4772,5.4382,0.0323,,0.4286,1.6129,0
2010-06-18,20.83,32.2,6.2829,0.0096,0.3178,2.0058,1.0862,0
2010-06-18,19.2873,34.5888,5.1679,,,,,0
2010-06-18,20.66,32.06,,,,,,0
2010-06-18,23.1325,34.117,5.1074,0.0323,,0.8571,1.7419,0
2010-06-18,19.71,32.08,6.4527,0.0835,0.2635,1.3357,2.18,0
2010-06-18,15.11,31.9,,,,,,0
2010-06-18,17.8383,34.0729,5.3203,,,,,0
2010-06-18,15.95,31.86,6.6791,0.0054,0.2399,2.0293,0.4612,0
2010-06-18,21.9651,34.7981,4.9693,,,0.8571,0.9032,0
2010-06-18,21.5024,34.3599,5.0085,,,0.4286,3.129,0
2010-06-19,22.4188,34.3396,4.9606,,,,,0
2010-06-19,20.8016,34.2282,5.0531,,,0.5,4.8387,0
2010-06-19,21.1417,33.9305,5.0462,,,,,0
2010-06-19,19.568,34.0661,5.1535,,,0.7143,1.2581,0
2010-06-19,21.5239,34.0883,5.0488,,,,,0
2010-06-19,21.7757,34.0923,5.0218,,,0.4286,1.129,0
2010-06-19,19.3273,33.9012,5.2644,,,,,0
2010-06-19,18.0651,33.6304,5.376,,,0.3571,1.6129,0
2010-06-19,14.7361,33.4809,5.7476,,,,,0
2010-06-20,17.8832,33.491,24.171,,,,,0
2010-06-20,16.7636,33.5579,5.5481,0.0323,,0.7143,1.9032,0
2010-06-20,19.0501,33.6164,5.2559,,,,,0
2010-06-20,18.7435,33.5809,5.3092,,,0.4286,1.8065,0
2010-06-20,21.9702,34.0655,5.0104,,,,,0
2010-06-20,21.4946,34.1691,5.0503,,,0.5,0.9355,0
2010-06-20,21.81,32.16,5.8442,,0.3861,1.4582,1.5716,0
2010-06-20,22.6223,34.6604,4.9683,,,,,0
2010-06-20,21.42,31.95,,,,,,0
2010-06-20,22.0332,34.0762,4.9507,,,0.5714,3.2258,0
2010-06-20,20.7,31.55,5.9574,0.0194,0.3451,2.5271,2.3185,0
2010-06-20,21.902,34.3161,5.021,,,,,0
2010-06-20,17.17,31.71,,,,,,0
2010-06-20,18.26,31.43,6.3820000000000014,0.0207,0.4169,1.3108,2.2469,0
2010-06-20,22.7306,34.354,4.9347,0.2903,0.0714,4.9286,3.5484,0
2010-06-20,21.8441,34.0242,5.0218,,,0.5,3.2903,0
2010-06-21,22.1641,34.0005,4.9971,,,,,0
2010-06-21,21.7082,34.1618,4.9992,,0.0714,0.2857,3.7419,0
2010-06-21,22.1693,34.4267,4.9819,,,,,0
2010-06-21,21.7251,34.2634,5.0494,,,0.4286,2.6774,0
2010-06-21,21.2682,33.9794,5.065,,,,,0
2010-06-21,20.9834,34.0143,5.0973,,,0.5,2.8065,0
2010-06-21,16.9006,33.9252,5.4335,,,,,0
2010-06-21,16.7368,34.2512,5.5204,,,,,0
2010-06-21,16.82,32.47,5.6461,0.4822,0.5026,8.0102,8.9463,0
2010-06-21,19.97,32.48,,,,,,0
2010-06-21,21.37,31.98,,,,,,0
2010-06-21,21.55,32.1,5.4622,0.0825,0.1181,3.0631,1.1885,0
2010-06-21,21.13,32.45,,,,,,0
2010-06-21,16.29,32.94,,,,,,0
2010-06-21,13.29,32.6,6.3820000000000014,0.4166,0.3236,3.7894,5.2619,0
2010-06-22,16.8,32.68,6.0706,0.0512,0.0718,5.1562,4.9401,0
2010-06-22,20.11,32.52,5.7027,0.1092,0.0839,1.5535,4.8266,0
2010-06-22,21.3386,33.8317,4.9682,,,,,0
2010-06-22,21.3419,33.9039,5.046,,,,,0
2010-06-22,22.065,34.2073,5.0279,,,0.7857,2.9355,0
2010-06-22,21.6639,33.9665,4.9927,,,,,0
2010-06-22,21.813,33.9942,5.0269,1.0323,0.0714,17.4286,18.2903,0
2010-06-22,21.0436,33.8174,5.1025,,,,,0
2010-06-22,21.3956,34.2654,5.0377,,,1.0,1.8387,0
2010-06-22,21.5117,34.4141,5.041,,,,,0
2010-06-22,21.6729,34.3951,5.3135,0.2581,0.0714,5.0714,5.129,0
2010-06-23,21.6575,34.2514,5.0351,,,,,0
2010-06-23,20.9236,33.8791,5.1124,0.0968,0.2143,2.8571,7.9355,0
2010-06-23,19.4625,33.8748,5.2539,,,,,0
2010-06-23,18.7019,33.8066,5.3285,0.129,0.2857,2.6429,8.1613,0
2010-06-23,19.9747,33.9956,5.1984,,,,,0
2010-06-23,19.8075,33.9997,5.2137,,,0.5,4.2903,0
2010-06-23,19.4453,33.9882,5.2496,,,,,0
2010-06-23,19.7092,33.9918,5.234,,,,,0
2010-06-24,19.1748,34.6304,5.3329,,,,,0
2010-06-24,18.9498,33.9655,5.2831,,,,,0
2010-06-24,20.0192,33.8794,5.1919,,0.0714,0.7143,5.5806,0
2010-06-24,19.1899,33.7083,5.249,,,,,0
2010-06-24,21.2852,33.435,5.0916,,,0.6429,4.0,0
2010-06-24,22.1279,33.5454,5.0114,,,,,0
2010-06-25,21.8337,33.5093,5.0384,,,,,0
2010-06-25,22.5242,33.0121,4.9949,,,0.4286,3.8387,0
2010-06-25,20.8827,33.4077,5.1048,,,,,0
2010-06-25,17.3034,34.2274,5.4607,,,0.5714,12.129,0
2010-06-30,21.514,32.3166,5.1256,0.031,0.0713,3.981,7.6208,0
2010-06-30,21.2421,34.3114,5.1532,,,,,0
2010-06-30,20.1308,34.902,5.1807,0.055999999999999994,0.1495,2.481,9.83,0
2010-06-30,22.1579,34.4254,5.4425,,,,,0
2010-06-30,20.7679,33.0007,5.7043,0.046,0.0593,3.384,9.5364,0
2010-06-30,21.239,32.9693,5.5734,,,,,0
2010-06-30,20.1271,33.6591,5.7043,,,,,0
2010-06-30,21.0009,32.284,5.4838,,,,,0
2010-06-30,20.0691,32.4697,5.2634,0.077,0.0593,7.447,9.2273,0
2010-06-30,21.3418,32.5457,5.6767,,,,,0
2010-06-30,22.8863,32.7005,5.8834,,,,,0
2010-07-01,22.8241,32.1683,6.0901,0.039,0.0813,6.0779999999999985,9.9536,0
2010-07-01,22.6821,31.9907,5.6905,,,,,0
2010-07-01,20.773000000000003,32.5618,5.2909,0.037000000000000005,0.0974,2.5610000000000004,5.7361,0
2010-07-01,19.997,32.5863,5.3185,,,,,0
2010-07-01,21.1406,32.7617,5.3461,0.084,0.0813,1.5659999999999998,8.8874,0
2010-07-01,21.5594,32.8383,5.4838,,,,,0
2010-07-01,19.8445,32.606,4.974,,,,,0
2010-07-05,22.798,31.5758,4.85,0.047,0.0833,2.797,8.2044,0
2010-07-05,22.8439,32.4518,5.098,,,,,0
2010-07-05,22.7416,32.7035,5.3461,0.059000000000000004,0.0693,3.196,8.34,0
2010-07-05,22.0005,32.8308,5.1532,0.002,0.0974,4.445,9.0635,0
2010-07-05,23.6467,31.9646,5.1669,,,,,0
2010-07-05,23.2444,32.5763,5.1807,0.01,0.1515,4.845,10.4891,0
2010-07-05,22.9955,31.9938,5.0154,,,,,0
2010-07-05,24.691,32.4356,4.85,0.043,0.0512,3.887,7.3756,0
2010-07-05,24.3716,31.5473,5.0154,,,,,0
2010-07-05,24.4161,31.5462,5.1807,0.025,0.0613,4.572,7.862,0
2010-07-05,24.3498,30.752,5.2221,,,,,0
2010-07-06,23.7578,31.8592,5.2634,0.064,0.0653,7.0710000000000015,6.6559,0
2010-07-06,24.1845,31.5075,5.4287,,,,,0
2010-07-06,23.6954,31.3433,5.5941,0.031,0.0573,3.592,8.5996,0
2010-07-06,24.4744,30.5767,5.3874,,,,,0
2010-07-06,24.1964,29.9162,5.1807,0.026000000000000002,0.0653,5.671,7.8548,0
2010-07-06,25.3524,28.5738,5.9248,,,,,0
2010-07-06,25.5995,29.0996,6.2968,,,,,0
2010-07-06,25.5454,29.6121,6.6688,0.03,0.1314,6.773,10.3314,0
2010-07-06,24.3116,29.6482,6.283,,,,,0
2010-07-06,23.8163,30.3307,5.8972,0.018000000000000002,0.0954,2.8510000000000004,9.9038,0
2010-07-06,24.2317,30.1757,5.5114,,,,,0
2010-07-06,25.4793,29.6151,5.1256,0.002,0.1174,4.187,8.6633,0
2010-07-06,25.1649,29.4918,4.9603,,,,,0
2010-07-06,25.0601,30.3616,4.7949,0.031,0.0613,3.084,7.8909,0
2010-07-06,24.376,31.6553,5.1118,,,,,0
2010-07-07,25.5418,31.4278,5.4287,,,,,0
2010-07-07,24.75,30.9871,5.4563,0.065,0.0452,3.017,6.6383,0
2010-07-07,22.4882,32.5243,5.4838,0.113,0.0412,6.98,8.2718,0
2010-07-07,23.0837,31.7691,5.4701,,,,,0
2010-07-07,22.2943,33.2581,5.098,0.085,0.0533,2.84,10.6898,0
2010-07-07,22.3937,33.1043,5.3610000000000015,,,,,0
2010-07-07,22.4852,33.1012,5.624,,,,,0
2010-07-08,22.2549,32.6954,5.1807,0.039,0.1355,5.381,8.2642,0
2010-07-08,21.7356,32.6008,5.1256,,,,,0
2010-07-08,20.8244,32.9744,5.0705,0.044000000000000004,0.0673,6.269,11.4019,0
2010-08-20,28.06,25.87,5.1496,0.0022,0.0035,10.016,10.4477,0
2010-08-20,28.51,25.53,5.232,0.0011,0.005,8.232000000000001,8.8103,0
2010-08-20,28.95,28.22,4.8483,0.0025,0.0018,2.06,0.8983,0
2010-08-20,28.96,26.77,4.604,0.0036,0.0024,6.108,1.8419,0
2010-08-21,29.61,25.26,4.5452,0.0018,0.0035,3.406,4.9394,0
2010-08-21,29.83,26.83,4.7151,0.002,0.002,5.852,2.9558,0
2010-08-21,28.82,27.97,4.7125,0.0016,0.0026,5.595,8.8926,0
2010-08-21,29.08,28.86,4.7681,,0.0016,3.73,6.4721,0
2010-08-21,28.72,29.99,4.9055,0.0014,,5.125,7.8429,0
2010-08-21,28.86,29.88,4.9041,0.0012,0.0012,3.258,8.0788,0
2010-08-21,29.04,31.59,4.7108,,0.0013,6.207000000000002,1.8475,0
2010-08-21,29.51,31.38,4.6279,0.0028,0.0012,2.732,4.2401,0
2010-08-21,29.34,30.26,4.6571,,,1.79,6.0813,0
2010-08-21,28.72,29.99,4.9341,0.0054,,3.76,4.73,0
2010-08-21,29.42,29.12,4.7976,0.003,0.0012,3.468,4.6253,0
2010-08-21,29.19,29.36,4.7917,0.0023,0.0012,3.455,4.7677,0
2010-08-21,29.33,28.28,4.6306,0.0024,0.0021,8.12,6.098,0
2010-08-21,29.17,27.66,4.5738,0.0014,0.0022,6.7639999999999985,1.7358,0
2010-08-21,29.31,30.4,4.9333,,0.0011,5.75,2.5957,0
2010-08-21,29.17,30.74,4.96,0.0032,0.0018,1.422,2.0974,0
2010-08-22,28.19,30.65,4.4086,,0.0012,3.813,7.6991,0
2010-08-22,28.86,30.12,4.7923,0.0015,0.0021,4.336,6.8016,0
2010-08-22,28.86,28.39,4.8238,0.0012,0.005,8.305,18.3876,0
2010-08-22,28.62,29.44,4.8787,0.0118,0.0049,4.072,17.55,0
2010-08-22,23.091,31.29300000000001,5.6032,0.1432,0.091,2.8063,1.5302,0
2010-08-22,25.955,31.63,,,,,,0
2010-08-22,29.11,30.0,5.4277,0.0019,0.0074,1.882,14.0254,0
2010-08-22,28.057,32.051,4.8671,0.0711,0.0458,1.2842,1.6378,0
2010-08-22,29.3,31.12,4.9607,0.0206,0.0043,1.71,16.8772,0
2010-08-22,28.367,32.158,,,,,,0
2010-08-22,29.32,29.78,5.319,0.0014,,2.326,,0
2010-08-22,28.273000000000003,31.811,4.8742,0.01,0.0337,0.3668,3.3141,0
2010-08-22,29.56,30.42,4.7634,0.0021,0.0013,3.252,3.7026,0
2010-08-22,28.712,31.43,,,,,,0
2010-08-22,28.415,31.448,4.7885,0.01,0.0282,1.7463,2.0855,0
2010-08-22,29.02,30.31,5.1591,0.003,,1.485,4.9841,0
2010-08-22,28.25,30.54,5.1862,,,2.448,5.2661,0
2010-08-22,28.128,31.335,4.7313,,,,,0
2010-08-22,29.07,30.4,5.0448,,,1.844,4.0446,0
2010-08-22,29.11,30.16,4.9327,,0.001,2.766,4.7286,0
2010-08-22,28.73,31.426,4.6312,0.0648,0.0562,1.5917,1.8097,0
2010-08-23,28.492,31.277,,,,,,0
2010-08-23,28.607,31.322,4.8528,0.1859,0.0533,0.7667,1.3423,0
2010-08-23,28.597,31.817,,,,,,0
2010-08-23,28.332,32.168,4.9028,0.0682,0.0248,0.7634,1.1521,0
2010-08-23,28.225,31.914,,,,,,0
2010-08-23,26.928,31.441,5.1673,0.11,0.0783,0.7634,5.8972,0
2010-08-23,26.248,31.099,,,,,,0
2010-08-23,25.333,31.00800000000001,4.6384,0.2966,0.0789,1.9603,11.3249,0
2010-08-24,26.733,28.64,4.5955,0.4169,0.0906,1.8115,9.761,0
2010-08-24,27.50800000000001,31.573,,,,,,0
2010-08-24,27.487,31.121,4.7956,0.2303,0.0432,1.9121,4.1725,0
2010-08-24,28.067,31.299,,,,,,0
2010-08-24,28.018,31.526,4.91,0.01,0.0435,0.7558,3.965,0
2010-08-24,28.20300000000001,31.488000000000003,,,,,,0
2010-08-24,28.083,30.988000000000003,4.7384,0.0634,0.0765,1.1368,3.3868,0
2010-08-24,28.721,32.039,,,,,,0
2010-08-24,28.599,30.966,4.7527,0.509,0.0274,1.0744,1.1602,0
2010-08-24,28.622,31.463,4.767,,,,,0
2010-08-25,28.702,32.056,4.6169,0.6203,0.0175,1.0993,0.6182,0
2010-08-25,28.646,31.971,4.717,0.4709,0.0363,0.754,0.74,0
2010-08-25,28.623,31.607,4.6527,0.1375,0.1043,0.2362,4.4599,0
2010-08-25,28.465,32.085,,,,,,0
2010-08-25,28.529,31.718000000000004,,,,,,0
2010-08-25,27.994,31.728,5.0029,0.2709,0.0536,0.8278,3.2601,0
2010-08-25,27.986,31.735,,,,,,0
2010-08-25,27.255,31.839,5.1458,0.0843,0.0292,1.5047,1.5597,0
2010-08-25,24.513,31.808000000000003,,,,,,0
2010-08-25,22.644,31.824,5.7747,0.501,0.071,1.0518,3.0855,0
2010-08-26,25.144,30.654,,,,,,0
2010-08-26,28.096,30.659,4.8028,0.568,0.0594,0.8335,3.5951,0
2010-08-26,27.424,30.649,,,,,,0
2010-08-26,28.603,31.535,4.5669,0.2478,0.0538,1.2525,4.7549,0
2010-08-26,28.679,31.649,4.7027,,,,,0
2010-08-26,28.814,31.38300000000001,4.6098,,,,,0
2010-08-26,28.072,31.117,4.8028,0.1374,0.0652,0.6385,4.0125,0
2010-08-26,28.294,31.101,,,,,,0
2010-08-26,26.551,30.591,4.8528,0.0623,0.0409,1.3008,1.4277,0
2010-08-26,23.612,31.646,,,,,,0
2010-08-27,26.161,30.068,5.2816,0.3307,0.0865,2.3909,2.2081,0
2010-08-27,26.167,29.929,,,,,,0
2010-08-27,27.259,28.501,4.9743,0.4902,0.1546,4.0811,2.1803,0
2010-08-27,28.199,27.759,,,,,,0
2010-08-30,27.16,29.3111,6.0474,0.2387,0.35,8.1571,6.649,0
2010-08-30,27.8558,28.6396,5.8358,,,,,0
2010-08-30,27.599,27.7479,5.6241,0.0548,0.2429,4.4,0.1601,0
2010-08-30,27.431,28.2738,6.1684,0.0355,0.1143,3.4286,2.1008,0
2010-08-31,26.6377,28.7028,6.3347,,,,,0
2010-08-31,24.6888,30.8515,6.501,0.0581,0.0857,1.5714,0.9858,0
2010-08-31,24.3637,31.3997,6.4405,,,,,0
2010-08-31,23.8244,31.0489,6.38,0.0645,0.0857,0.6929,1.7539,0
2010-08-31,25.5836,31.2951,6.4103,,,,,0
2010-08-31,25.6694,28.1187,5.9114,,,,,0
2010-08-31,26.755,28.2483,5.797999999999999,,,,,0
2010-08-31,23.9295,31.6714,4.9069,,,0.7143,1.5161,0
2010-08-31,27.2411,28.299,5.6846,0.0452,0.15,2.4143,3.0865,0
2010-08-31,27.8418,30.0981,5.6543,,,,,0
2010-08-31,24.1268,31.8311,4.8855,,,,,0
2010-08-31,27.5101,29.9309,5.6392,,,,,0
2010-08-31,23.7174,32.4935,4.902,,,0.7857,2.8387,0
2010-08-31,27.7149,29.7608,5.6241,0.0935,0.25,1.8714,4.7775,0
2010-08-31,24.6204,31.7206,4.8469,,,,,0
2010-08-31,27.6974,29.3996,5.4124,,,,,0
2010-08-31,25.0456,32.1641,4.7993,,,1.7143,1.8065,0
2010-08-31,28.1302,29.2427,5.2008,0.0516,0.1929,1.4429,4.5599,0
2010-08-31,24.7958,32.3811,4.815,,,,,0
2010-08-31,25.5499,33.4151,4.7244,,,2.5,2.2903,0
2010-08-31,26.6548,33.3603,4.6386,,,3.5714,2.129,0
2010-09-01,26.347,33.4026,4.6615,,,,,0
2010-09-01,25.9379,33.479,4.6917,,,1.2857,3.3871,0
2010-09-01,25.4067,33.4766,4.7343,,,,,0
2010-09-01,24.8823,33.5657,4.7745,,,1.9286,2.7097,0
2010-09-01,25.7928,33.3273,4.7073,,,,,0
2010-09-01,23.9903,33.2964,4.8562,,,2.5,1.2581,0
2010-09-01,8.3439,34.1028,4.8132,,,,,0
2010-09-01,24.1471,31.8898,4.8829,,,1.0,0.871,0
2010-09-01,25.3034,31.259,4.8027,,,,,0
2010-09-03,25.1166,29.1129,5.8509,,,,,0
2010-09-03,24.7441,30.0882,6.501,0.0419,0.4643,1.1143,15.501,0
2010-09-03,24.1371,30.1222,6.15,,,,,0
2010-09-03,24.643,30.1851,5.9475,,,,,0
2010-09-03,23.6862,30.1582,5.8463,,,,,0
2010-09-03,24.8806,30.0087,5.7451,0.0387,0.1857,2.1214,1.7449,0
2010-09-03,25.8239,28.8453,5.5939,,,,,0
2010-09-03,27.375,28.2202,5.4427,0.0742,0.2857,4.4286,2.2557,0
2010-09-03,27.1904,28.2013,5.488,,,,,0
2010-09-03,22.1042,32.0667,5.057,,,,,0
2010-09-03,21.2601,32.5258,5.121,,,5.0,1.129,0
2010-09-03,19.9651,33.8231,5.2046,,,,,0
2010-09-03,27.2969,28.2309,5.5334,0.0613,0.1643,3.95,1.1446,0
2010-09-03,18.9548,33.8995,5.3016,,,1.0714,1.5484,0
2010-09-03,26.4492,28.9495,5.5334,0.0806,0.1929,2.4,4.3487,0
2010-09-03,28.0616,29.1451,5.352,,,,,0
2010-09-03,24.5007,33.5205,4.8072,,,,,0
2010-09-03,28.7419,30.696,5.1705,0.0484,0.0786,0.5286,3.1723,0
2010-09-03,25.0725,33.509,4.7605,,,3.1429,2.1935,0
2010-09-03,28.6362,32.0149,5.2159,,,,,0
2010-09-04,22.7538,33.9194,4.9452,,,,,0
2010-09-04,23.1095,33.6218,4.9225,,,2.5,2.8065,0
2010-09-04,28.7469,32.781,5.2613,0.0581,0.2286,0.6357,1.5004,0
2010-09-04,28.4968,32.187,5.1705,,,,,0
2010-09-04,23.6799,33.4368,4.8787,,,,,0
2010-09-04,28.1588,29.6974,5.0798,0.0419,0.2357,0.65,3.9122,0
2010-09-04,25.3859,33.4054,4.7378,,,2.9286,2.6452,0
2010-09-04,27.9249,30.1534,5.0798,,,,,0
2010-09-04,26.0532,33.2699,4.6881,,,,,0
2010-09-04,28.2829,29.6061,5.0798,0.0516,0.1643,1.1143,4.6354,0
2010-09-04,26.4182,31.6087,4.7033,,0.1429,3.2857,2.9677,0
2010-09-04,26.7262,29.7609,5.352,,,,,0
2010-09-04,27.067,30.1732,4.6904,,,,,0
2010-09-04,10.7841,29.5825,8.9312,,,,,0
2010-09-04,28.0233,29.5318,4.6322,,,3.5714,0.871,0
2010-09-04,27.4848,29.2737,4.6808,,,,,0
2010-09-04,27.4955,29.1268,4.6838,,,1.8571,0.0323,0
2010-09-04,26.5648,29.2184,4.7552,,,,,0
2010-09-05,24.4799,30.6982,4.8872,,0.3571,4.2857,2.8710000000000004,0
2010-09-05,22.5326,32.8055,4.9968,,,,,0
2010-09-05,23.325,33.5314,4.9065,,,2.8571,3.6774,0
2010-09-05,22.6551,33.2058,4.9743,,,,,0
2010-09-05,23.1167,33.4332,4.9273,,,2.2143,0.9677,0
2010-09-05,22.9627,32.881,4.9566,,,,,0
2010-09-05,22.9901,32.3248,4.9701,,,,,0
2010-09-05,20.9958,36.494,5.0261,,,,,0
2010-09-05,22.4467,33.6915,4.9791,,,,,0
2010-09-05,21.194000000000006,33.6479,5.0958,,0.0714,3.5714,1.0968,0
2010-09-05,26.28,32.1706,4.6859,,,,,0
2010-09-05,22.9631,35.7455,4.8708,,,3.2143,1.1935,0
2010-09-05,25.2205,30.3839,4.8311,,,,,0
2010-09-05,27.9517,29.4124,4.6408,,,0.8571,0.2581,0
2010-09-05,28.606,31.0073,4.5507,,,,,0
2010-09-05,28.8178,30.6724,4.5434,,,1.2143,1.871,0
2010-09-05,28.9119,30.9423,4.5296,,,,,0
2010-09-05,28.7643,30.0143,4.564,,0.0714,5.1429,2.129,0
2010-09-06,27.9177,30.7982,4.6078,,,,,0
2010-09-06,27.0059,29.494,4.7126,,0.0714,3.0714,2.7419,0
2010-09-06,21.7553,32.8832,5.0646,,,,,0
2010-09-06,20.5205,33.0394,5.1753,,,,,0
2010-09-06,22.6576,31.7164,5.0175,,,,,0
2010-09-06,21.3779,32.4201,5.1134,,0.0714,3.5,2.3226,0
2010-09-06,20.5205,33.0394,5.1753,,,,,0
2010-09-06,21.7553,32.8832,5.0646,,,,,0
2010-09-08,23.9999,30.4232,5.6241,0.0677,0.3286,4.2357,9.0582,0
2010-09-08,24.6188,30.3916,5.9265,,,,,0
2010-09-08,24.0051,30.1609,6.2288,0.0516,0.45,4.2286,3.8622,0
2010-09-08,25.3964,30.8103,6.1381,,,,,0
2010-09-08,25.053,31.3902,6.0928,,,,,0
2010-09-08,25.2408,31.0487,6.0474,0.0484,0.1929,1.0786,0.3675,0
2010-09-08,24.5636,30.9678,5.6543,,,,,0
2010-09-09,24.7414,30.4185,5.2613,0.0548,0.2,5.1857,3.0186,0
2010-09-09,25.2221,30.424,5.2915,,,,,0
2010-09-09,25.6101,30.4254,5.3217,0.0677,0.1,1.3714,4.4689999999999985,0
2010-09-09,25.2085,30.6602,5.6241,,,,,0
2010-09-09,25.2092,30.5318,5.9265,0.1161,0.1429,4.8143,6.9243,0
2010-09-09,26.4445,30.2429,5.5032,,,,,0
2010-09-09,25.4672,30.3416,5.0798,0.0387,0.3,5.6071,4.8569,0
2010-09-09,25.3474,30.4407,5.2915,,,,,0
2010-09-09,24.003,30.6164,5.5032,0.0323,0.2214,4.9357,4.8454,0
2010-09-09,23.978,30.2817,5.3973,,,,,0
2010-09-09,24.058000000000003,29.0786,4.9695,,,,,0
2010-09-09,23.7661,29.739,4.9759,,,,,0
2010-09-09,24.7414,29.6522,4.8949,,0.3571,2.3571,4.3548,0
2010-09-09,25.1948,31.0567,4.8172,,,,,0
2010-09-09,25.8467,31.0453,4.7641,,0.3571,3.1429,3.3871,0
2010-09-09,26.2641,31.1819,4.7269,,,,,0
2010-09-10,26.1198,31.46,4.731,,,,,0
2010-09-10,24.1471,29.8433,4.9397,,0.2143,2.9286,3.4516,0
2010-09-10,24.0708,29.8887,4.9451,,,,,0
2010-09-10,23.9699,29.914,4.9531,,0.2143,2.3571,4.6129,0
2010-10-01,22.362,30.919,5.0729,0.3736,1.9528,5.1276,7.0253,0
2010-10-01,20.981,31.341,,,,,,0
2010-10-01,20.645,31.748,5.7638,0.0146,0.0431,0.7795,1.475,0
2010-10-01,20.649,31.843000000000004,,,,,,0
2010-10-01,21.092,31.729,5.2811,0.0933,0.0352,0.9691,2.0338,0
2010-10-01,22.89,31.374,,,,,,0
2010-10-01,22.617,31.475,5.0445,0.0574,0.0261,0.7563,1.5803,0
2010-10-01,22.798,31.468000000000004,,,,,,0
2010-10-02,20.841,31.305,5.1675,0.2508,0.1538,2.0438,4.8581,0
2010-10-02,20.328,31.557,,,,,,0
2010-10-02,20.214,31.641,5.2717,0.0889,0.1254,1.2924,3.7608,0
2010-10-06,20.406,31.721,,,,,,0
2010-10-06,21.451,31.66,5.1392,0.2503,0.0594,1.6327,2.3497,0
2010-10-06,20.758000000000006,31.544,,,,,,0
2010-10-06,21.108,31.696,5.1959,0.0309,0.0983,1.3002,2.7802,0
2010-10-06,21.119,31.686,,,,,,0
2010-10-06,20.971,31.657,5.2717,0.0311,0.0589,1.4352,3.5428,0
2010-10-06,20.776,31.717,5.2811,0.0442,0.0336,1.104,2.9185,0
2010-10-07,19.722,31.32800000000001,4.9783,0.3054,0.2711,2.4822,8.5947,0
2010-10-07,19.521,31.183000000000003,,,,,,0
2010-10-07,20.661,31.602,5.2811,0.0485,0.0971,1.1028,4.042,0
2010-10-07,20.894,31.595,,,,,,0
2010-10-07,20.967,31.562,5.3,0.0665,0.1349,1.8016,4.2272,0
2010-10-07,20.355,31.623,,,,,,0
2010-10-07,20.487,31.586,5.2906,0.0399,0.1066,2.2758,4.9422,0
2010-10-07,20.057,31.612,,,,,,0
2010-10-07,20.37,31.652,5.4893,0.1006,0.0713,2.1178,4.4919,0
2010-10-07,21.65,31.868,,,,,,0
2010-10-07,21.072,31.768,5.2054,0.0985,0.0412,0.6676,2.7891,0
2010-10-07,20.942,31.716,5.3284,0.0773,0.0286,1.6213,2.3257,0
2010-10-08,19.279,31.673,,,,,,0
2010-10-08,19.691,31.628,5.3947,0.0841,0.0986,3.0525,6.6914,0
2010-10-08,19.009,31.822,,,,,,0
2010-10-08,18.835,31.834,5.9152,0.1684,0.1254,2.6284,6.7639,0
2010-10-08,19.097,31.777,,,,,,0
2010-10-08,18.538,31.81900000000001,4.9499,0.3372,0.5886,9.1445,12.1371,0
2010-10-08,18.329,31.869,,,,,,0
2010-10-08,17.947,31.999,5.4799,0.0939,0.2649,4.7578,8.2417,0
2010-10-09,18.183,31.902,,,,,,0
2010-10-09,20.281,31.117,5.1392,0.0534,0.0825,2.7507,5.1793,0
2010-10-09,19.672,31.371,,,,,,0
2010-10-09,20.572,31.437,5.2149,0.0939,0.0541,2.4228,5.3829,0
2010-10-09,20.797,31.13300000000001,5.4136,,,,,0
2010-10-09,20.321,31.411,5.6597,0.0721,0.0589,3.2147,7.3295,0
2010-10-09,21.571,30.873,,,,,,0
2010-10-09,19.042,31.731,5.5461,0.0616,0.1322,4.6176,8.9922,0
2010-10-09,20.049,31.406,,,,,,0
2010-10-09,21.051,31.151,5.442,0.0112,0.0894,5.4589,8.6366,0
2010-10-09,21.35,31.031,,,,,,0
2010-10-09,21.004,31.081,5.2717,0.0569,0.1034,4.0428,8.7267,0
2010-10-10,21.08,31.111,,,,,,0
2010-10-11,19.2578,29.9647,5.3961,0.0645,,1.0714,2.0714,0
2010-10-11,18.9934,32.1366,5.3534,,,,,0
2010-10-11,19.8366,31.6344,5.2849,0.0323,,0.5714,1.5,0
2010-10-11,20.2484,31.5916,5.2459,,,,,0
2010-10-11,21.9181,31.9359,5.0777,0.0645,,0.7857,1.4643,0
2010-10-11,22.9294,31.3424,5.0051,,,,,0
2010-10-11,22.6644,31.9416,5.0101,0.0323,,0.6429,4.9286,0
2010-10-11,21.0844,31.5779,5.1661,0.0323,0.0714,0.8571,2.0,0
2010-10-12,20.5515,11.6467,5.8834,,,,,0
2010-10-12,20.1029,32.9921,5.2168,0.0323,,0.7143,1.5,0
2010-10-12,20.5799,32.8276,5.176,,,,,0
2010-10-12,22.9967,32.2199,4.9725,0.0323,,1.0,1.8571,0
2010-10-12,20.9843,31.7916,5.1691,,,,,0
2010-10-12,21.9901,32.0074,5.069,0.0645,0.1429,1.4286,2.5357,0
2010-10-12,21.1436,32.1554,6.4094,0.1419,0.3071,1.6119,6.9967,0
2010-10-12,20.0894,31.7922,5.2552,,,,,0
2010-10-12,21.3634,31.9501,6.5525,,,,,0
2010-10-12,20.7387,31.7027,5.1952,0.0323,0.0714,1.1429,0.7857,0
2010-10-12,21.8981,32.1432,6.6955,0.0935,0.1143,0.8277,6.1456,0
2010-10-12,20.4406,31.9807,5.2153,,,,,0
2010-10-12,21.606,32.1154,6.3808,0.1355,0.4,0.66,5.8149,0
2010-10-12,21.6248,31.5865,5.7084,,,,,0
2010-10-12,19.4557,32.5403,5.0360000000000005,0.5452,0.2643,3.3807,14.984000000000002,0
2010-10-12,20.763,31.7385,5.551,,,,,0
2010-10-12,21.7281,31.5543,6.066,0.0645,0.1786,0.5604,6.7672,0
2010-10-12,21.7162,31.678,5.8085,,,,,0
2010-10-12,20.4978,31.9066,5.4652,,,,,0
2010-10-12,24.1764,33.4573,5.1361,,,,,0
2010-10-13,25.354,33.8704,4.8071,0.2097,0.2214,0.8236,3.4214,0
2010-10-13,25.4087,33.7544,4.7641,,,,,0
2010-10-13,25.5591,33.6202,4.7427,,,,,0
2010-10-13,25.4142,33.6969,4.7212,0.1323,0.2786,1.2754,2.7628,0
2010-10-13,24.5076,33.4797,4.8786,,,,,0
2010-10-13,24.6574,33.709,5.0360000000000005,0.0548,0.5429,0.2861,3.3558,0
2010-10-13,23.1113,33.2014,5.3364,,,,,0
2010-10-13,20.7105,31.4673,5.6368,0.1968,0.2357,1.4683,8.6104,0
2010-10-13,21.0103,31.344,6.15,,,,,0
2010-10-13,20.9206,31.2544,5.965,,,,,0
2010-10-13,20.8932,31.4486,5.8724,,,,,0
2010-10-13,21.106,31.3463,5.7799,0.1097,0.0071,0.7129,7.0694,0
2010-10-13,19.4941,32.299,6.1948,,,,,0
2010-10-16,21.2169,31.94,5.1427,,,,,0
2010-10-16,20.7542,32.2001,5.1785,0.0323,0.1429,1.2857,2.1429,0
2010-10-16,19.8675,31.4745,6.6097,0.0387,0.4571,4.8399,9.3289,0
2010-10-16,20.6735,32.1047,5.1891,,,,,0
2010-10-16,20.5423,31.5081,5.2199,0.0645,0.1429,1.1429,2.7143,0
2010-10-16,20.704,31.6308,6.0374,,,,,0
2010-10-16,22.2879,32.9357,5.4652,0.271,0.2,1.614,6.8527,0
2010-10-16,21.9313,32.5065,5.0598,,,,,0
2010-10-16,23.0022,33.6908,5.3221,0.0968,0.0714,0.9336,5.6424,0
2010-10-16,21.1564,32.4716,5.1323,0.0323,0.0714,0.7857,0.8929,0
2010-10-16,25.3404,33.9638,5.2506,,,,,0
2010-10-16,24.7008,33.8416,5.1789999999999985,0.2645,0.3214,0.3206,3.8006,0
2010-10-16,21.4635,32.3634,5.107,,,,,0
2010-10-16,21.4583,33.0037,5.0932,,,,,0
2010-10-16,21.605,32.3258,5.095,0.0323,,1.2857,1.4286,0
2010-10-16,20.5543,32.2225,5.1969,,,,,0
2010-10-16,25.0136,33.6199,5.0073,0.0613,0.2071,0.4579,2.8127,0
2010-10-16,20.7335,32.2743,5.1782,0.0645,,1.7857,1.4286,0
2010-10-17,24.3394,33.587,4.6783,,,,,0
2010-10-17,21.4903,32.2617,5.1080000000000005,0.0323,,0.7143,0.9286,0
2010-10-17,24.8034,33.7294,4.3492,0.0226,0.1643,1.3287,3.8705,0
2010-10-17,22.4594,32.7367,5.0053,,,,,0
2010-10-17,24.9694,33.8908,4.6211,,,,,0
2010-10-17,22.13,32.5183,5.0414,0.0323,,0.8571,0.9286,0
2010-10-17,24.0836,33.7325,4.8929,0.0194,0.3143,0.7347,3.6695,0
2010-10-17,22.3861,30.5801,5.0739,,,,,0
2010-10-17,21.4451,32.746,5.0972,0.2581,0.1429,4.7857,7.0714,0
2010-10-17,21.0487,32.5026,5.1415,,,,,0
2010-10-17,19.6692,32.2262,5.2829,0.2903,0.1429,6.1429,8.1786,0
2010-10-17,19.7876,32.0314,5.2773,,,,,0
2010-10-17,20.1105,32.0719,5.2444,,,,,0
2010-10-17,20.8325,32.8764,5.151,,,,,0
2010-10-17,20.6349,31.9036,5.199,,,,,0
2010-10-17,20.5226,32.0327,5.2058,0.0323,0.0714,0.5,2.0357,0
2010-10-17,20.5568,32.0114,5.2031,,,,,0
2010-10-17,20.2964,32.1216,5.2248,0.0645,0.0714,0.7857,3.0357,0
2010-10-17,22.2431,32.7269,5.0249,,,,,0
2010-10-17,23.6464,32.9106,4.8964,0.0323,,1.0,1.3214,0
2010-10-17,22.5801,32.336,5.0061,,,,,0
2010-10-18,22.6874,32.2782,4.9982,0.0323,,1.0,1.6786,0
2010-10-18,23.2515,32.9988,4.9281,,,,,0
2010-10-18,23.9332,32.9008,4.8721,0.0323,0.0714,0.8571,2.1071,0
2010-10-18,22.652,32.993,4.9805,,,,,0
2010-10-18,20.6496,30.9329,5.227,0.1613,0.1429,2.7143,7.4643,0
2010-10-18,20.1943,32.175,5.2331,,,,,0
2010-10-18,20.0495,32.203,5.2463,0.0645,0.1429,1.1429,5.9286,0
2010-10-18,19.8852,32.093,5.2658,,,,,0
2010-10-18,20.1174,31.5667,5.2593,,,,,0
2010-10-19,20.4377,31.5983,5.2272,,,,,0
2010-10-19,20.3815,32.0638,5.2184,,,,,0
2010-10-19,19.7205,31.9306,5.2871,0.129,0.2143,2.9286,7.5714,0
2010-10-20,24.5153,31.0711,4.8733,,,,,0
2010-10-20,24.2782,33.4477,4.8279,0.0323,0.0714,0.7857,3.2143,0
2010-10-20,23.6095,33.1667,4.8923,,,,,0
2010-10-20,24.3889,33.8171,4.8083,,,,,0
2010-10-20,24.0862,33.7834,4.8346,,,,,0
2010-10-20,22.8387,33.5667,4.9477,,,,,0
2010-10-20,19.5739,32.4655,5.2849,,,,,0
2010-11-01,15.0969,32.6188,6.0017,,,,,0
2010-11-01,17.9476,32.4098,7.182,0.171,0.4571,6.1089,8.7915,0
2010-11-01,17.9915,32.9875,6.3951,,,,,0
2010-11-01,16.7537,32.6958,5.6082,0.2581,0.4857,6.2293,10.2697,0
2010-11-17,18.3281,31.5622,6.0847,0.5,0.218,10.973,16.8113,0
2010-11-17,17.8845,31.6324,5.8003,0.5,0.23199999999999998,11.529000000000002,20.6206,0
2010-11-17,17.1209,31.8421,5.8003,0.2548,0.767,5.731,13.329,0
2010-11-17,18.7037,32.9427,5.4591,0.2839,0.618,4.89,6.2081,0
2010-11-17,19.3065,32.7439,5.4023,0.2226,0.446,2.918,9.9895,0
2010-11-17,20.0511,32.716,5.5729,0.4161,0.946,4.678,3.4771,0
2010-11-17,20.3369,33.7813,5.0895,0.2484,0.18600000000000003,2.176,4.8411,0
2010-11-17,20.8956,34.3216,4.8336,0.3032,0.335,2.617,5.2079,0
2010-11-18,21.5167,33.4501,5.0895,0.1548,0.18899999999999997,0.68,2.826,0
2010-11-18,21.5435,33.5681,4.9758,0.1194,0.149,0.639,2.6197,0
2010-11-18,19.9755,31.1942,4.7199,0.1419,0.185,0.857,2.5019,0
2010-11-18,22.9418,33.8145,4.2081,0.1258,0.062,0.422,1.459,0
2010-11-18,22.7747,33.9271,3.9238,0.0839,0.057999999999999996,0.249,1.3102,0
2010-11-18,22.1349,33.7735,3.6679,0.0935,0.077,0.7040000000000001,1.6431,0
2010-11-18,21.9036,33.9977,3.3551,0.0871,0.055999999999999994,0.459,1.537,0
2010-11-18,21.1916,33.9824,4.7767,0.1806,0.204,1.17,2.991,0
2010-11-18,20.0994,34.0739,4.862,0.4645,0.122,6.771,12.7235,0
2010-11-18,18.151,32.23,5.4023,0.2935,0.312,5.8660000000000005,12.753,0
2010-11-18,17.8864,32.0423,5.317,0.3226,0.43,6.983,13.9624,0
2010-11-18,17.7013,31.4778,5.9141,0.4097,0.16899999999999998,9.913,17.0484,0
2010-11-18,18.7368,30.4455,5.6582,0.4387,0.125,10.111,17.9323,0
2010-11-18,18.2252,31.9025,5.6013,0.4226,0.177,8.289,14.665,0
2010-11-18,19.7457,31.7052,5.2317,0.4387,0.418,6.912000000000001,13.3378,0
2010-11-19,18.6426,32.2664,5.1464,0.3645,0.225,6.869,13.4939,0
2010-11-19,18.5081,32.3715,5.3738,0.3194,0.198,7.017,13.6943,0
2010-11-19,18.8472,32.4137,5.2601,0.3484,0.171,6.845,12.535,0
2010-11-19,18.0498,32.0814,5.2885,0.3613,0.248,7.142,13.8755,0
2010-11-19,19.2829,32.0543,5.1179,0.4129,0.20600000000000002,7.006,12.342,0
2010-11-19,19.548,34.2285,5.0895,0.4226,0.32799999999999996,5.259,9.8628,0
2010-11-19,21.2276,34.4786,4.8336,0.3032,0.242,1.751,3.7702,0
2010-11-19,20.9513,34.19,4.7767,0.3806,0.44299999999999995,3.134,5.9783,0
2010-11-19,20.8853,34.9076,4.9473,0.1323,0.122,0.8740000000000001,2.6315,0
2010-11-29,11.682,31.53,5.9431,0.8188,0.1351,4.9463,12.1774,0
2010-11-29,10.675,31.533,,,,,,0
2010-11-29,10.013,31.806,6.1551,0.7971,0.1995,4.4549,13.0399,0
2010-11-29,9.819,31.967,,,,,,0
2010-11-29,10.962,31.965,5.7947,0.315,0.2251,4.1013,6.6160000000000005,0
2010-11-29,12.54,31.869,,,,,,0
2010-11-29,12.498,32.093,6.0633,0.1394,0.1592,12.666,4.2126,0
2010-11-30,11.236,31.923,6.1339,0.1758,0.3294,3.7248,6.4433,0
2010-11-30,10.698,31.95300000000001,,,,,,0
2010-11-30,12.264,32.186,5.8442,0.1216,0.3258,5.1048,5.581,0
2010-11-30,10.771,32.176,,,,,,0
2010-11-30,10.665,32.06,6.0491,0.4002,0.1986,1.1619,8.5258,0
2010-11-30,10.489,32.183,,,,,,0
2010-11-30,11.188,32.416,6.3035,0.3614,0.5186,12.2961,9.4811,0
2010-11-30,11.314,32.363,,,,,,0
2010-11-30,10.975,32.311,6.4378,0.3474,0.3199,2.6193,7.1816,0
2010-11-30,11.228,32.403,6.5085,0.3608,0.344,13.0584,5.8271,0
2010-11-30,11.548,32.4,,,,,,0
2010-11-30,11.575,32.312,5.9926,0.3291,0.4171,3.0863,8.8721,0
2010-11-30,11.25,32.439,,,,,,0
2010-11-30,11.291,32.111,6.0703,0.3463,0.2407,2.1529,8.2465,0
2010-11-30,11.507,32.154,,,,,,0
2010-11-30,12.662,32.195,5.9219,0.1194,0.2151,6.279,4.8073,0
2010-11-30,12.352,32.168,,,,,,0
2010-11-30,12.804,32.241,6.0279,0.2794,0.3103,1.9721,6.8788,0
2010-11-30,12.595,32.235,6.0421,,,,,0
2010-11-30,13.308,32.001,5.9361,0.3353,0.3249,2.9304,5.6203,0
2010-11-30,12.390999999999998,32.297,5.9855,0.2949,0.2962,4.0727,8.2611,0
2010-12-01,11.948,32.337,,,,,,0
2010-12-01,12.041,32.227,6.4237,0.297,0.2952,10.7324,7.4809,0
2010-12-01,11.839,32.354,,,,,,0
2010-12-01,11.668,32.482,6.0067,0.4423,0.4109,11.152,10.4194,0
2010-12-01,11.567,32.535,,,,,,0
2010-12-01,12.076,32.4,6.1057,0.2779,0.3059,3.7169,3.0378,0
2010-12-01,11.961,32.312,,,,,,0
2010-12-01,12.193,32.603,5.5403,0.84,0.3472,8.0982,14.1322,0
2010-12-04,11.996,32.723,,,,,,0
2010-12-04,11.652,32.735,5.7099,0.6893,0.3726,11.1602,13.2855,0
2010-12-04,12.003,32.62,,,,,,0
2010-12-04,12.415,32.485,6.0633,0.2625,0.3134,6.2469,9.769,0
2010-12-04,12.466,32.567,5.8795,,,,,0
2010-12-04,13.958,32.089,5.9361,,,,,0
2010-12-04,13.498,32.199,6.0279,0.1522,0.2347,2.7465,8.0158,0
2010-12-04,13.056,32.397,,,,,,0
2010-12-04,12.876,32.516,5.6393,0.3694,0.1686,7.0866,11.5557,0
2010-12-04,12.959,32.534,,,,,,0
2010-12-04,13.152,32.5,5.7877,0.4264,0.3647,6.6593,11.7629,0
2010-12-05,12.522,32.812,,,,,,0
2010-12-05,12.764,32.803000000000004,5.3849,0.8676,0.1113,13.6241,16.3495,0
2010-12-05,12.594,32.847,,,,,,0
2010-12-10,16.4303,34.1341,5.2815,0.4,0.5214,6.4776,31.5872,0
2010-12-10,16.7843,34.2151,5.7616,,,,,0
2010-12-10,16.4659,34.1856,6.2418,0.5710000000000001,0.3643,9.2577,37.862,0
2010-12-10,19.1007,34.4382,6.3918,0.2097,0.6786,2.7184,16.0619,0
2010-12-10,18.1541,34.1757,6.2568,,,,,0
2010-12-10,15.0584,33.9609,6.1218,0.7258,0.5357,9.8223,48.339,0
2010-12-10,13.8787,33.5537,6.2118,,,,,0
2010-12-11,13.3575,33.5503,6.3018,0.8645,1.1714,8.9506,50.7694,0
2010-12-11,13.0494,33.4382,6.2568,,,,,0
2010-12-11,13.2174,33.4676,6.1968,,,,,0
2010-12-11,13.4231,33.5912,6.1443,,,,,0
2010-12-11,16.8759,34.2171,6.0917,0.6161,0.45,7.5779999999999985,41.7802,0
2010-12-12,19.6377,34.5259,6.0767,,,,,0
2010-12-12,19.9264,34.5696,6.0692,,,,,0
2010-12-12,19.9736,34.597,6.0617,0.2065,0.6714,2.1636,12.9784,0
2010-12-12,16.5835,34.2086,5.8967,,,,,0
2010-12-12,15.8815,34.1171,5.7316,0.7903,0.25,10.452,43.1885,0
2010-12-12,13.9647,33.6174,6.1668,,,,,0
2010-12-12,12.9225,33.4095,6.6019,0.6452,0.5143,10.6317,44.6536,0
2010-12-12,11.7747,33.1268,6.15,,,,,0
2010-12-12,12.2498,33.2948,6.511,,,,,0
2010-12-12,11.1117,33.1503,6.6915,,,,,0
2010-12-12,11.3273,33.1475,6.872000000000001,0.5742,0.7714,8.6906,35.8234,0
2010-12-12,13.98,33.4654,6.1368,,,,,0
2010-12-12,16.9513,34.1833,5.4015,0.529,0.6,6.7410000000000005,28.9012,0
2010-12-12,18.9986,34.4868,5.5366,,,,,0
2010-12-18,18.4622,34.5475,5.6716,0.4065,0.5,5.534,24.5855,0
2010-12-18,11.966,34.024,6.0920000000000005,0.55,0.57,7.0,12.14,0
2010-12-18,12.048,34.027,6.081,,,,,0
2010-12-18,19.4035,34.5562,5.7917,0.2742,0.4714,4.0856,25.6701,0
2010-12-18,12.123,34.044000000000004,6.0710000000000015,0.55,0.5,6.29,12.21,0
2010-12-18,19.4674,34.5548,5.7616,,,,,0
2010-12-18,13.178,34.113,5.936,,,,,0
2010-12-18,19.1554,34.5425,5.7316,0.3032,0.55,3.467,21.2181,0
2010-12-18,14.086,34.157,5.824,0.48,0.64,5.79,11.61,0
2010-12-18,19.3956,34.5489,5.6716,,,,,0
2010-12-18,14.983,34.171,5.718,,,,,0
2010-12-18,16.083,33.968,5.601,0.32,0.86,4.29,7.5,0
2010-12-18,20.1213,34.5845,5.6116,0.2194,0.6786,2.4504,15.8518,0
2010-12-18,19.8758,34.5616,5.5966,,,,,0
2010-12-18,19.7714,34.5145,5.5816,0.5258,0.5214,3.1526,17.544,0
2010-12-18,19.1239,34.5396,5.5366,,,,,0
2010-12-18,14.7201,33.9717,5.7562,0.32,0.86,5.86,7.57,0
2010-12-19,18.8427,34.5159,5.4916,0.4097,0.5,4.456,23.092,0
2010-12-19,14.6534,33.9423,5.765,,,,,0
2010-12-19,18.5549,34.5151,5.4766,,,,,0
2010-12-19,14.572,33.9405,5.7746,0.32,0.79,4.64,7.07,0
2010-12-19,17.5858,34.3912,5.4616,0.5484,0.1714,6.9396,36.6298,0
2010-12-19,15.1942,34.0376,5.6991,,,,,0
2010-12-19,17.7295,34.4096,5.6416,,,,,0
2010-12-19,16.3887,34.1143,5.5628,0.55,0.5,7.14,13.11,0
2010-12-19,17.2629,34.2478,5.8217,0.6516,0.1429,7.5001,42.8648,0
2010-12-19,16.0531,34.0727,5.6011,,,,,0
2010-12-19,15.9889,33.9207,5.7316,,,,,0
2010-12-19,11.649,34.044000000000004,6.132999999999999,0.52,0.5,7.29,12.36,0
2010-12-19,12.385,34.094,6.0360000000000005,,,,,0
2010-12-19,15.2784,33.4961,5.8817,,,,,0
2010-12-19,11.924,34.027,6.098,0.52,0.57,6.57,12.11,0
2010-12-19,15.3727,33.5235,6.0317,0.4355,0.3357,6.9833,35.2271,0
2010-12-19,11.814,34.029,6.112,,,,,0
2010-12-19,15.316,33.4735,5.9567,,,,,0
2010-12-19,14.6855,33.1853,5.8817,0.5258,0.4571,6.5309,42.4673,0
2010-12-19,14.3611,33.2667,5.8967,,,,,0
2010-12-19,14.3924,33.3203,5.9117,0.5258,0.3143,8.1867,39.8722,0
2010-12-19,14.8928,33.5572,6.1067,,,,,0
2010-12-19,14.4507,33.4119,6.3018,0.5129,0.2929,7.4321,40.6843,0
2010-12-19,17.2093,34.4834,5.9117,,,,,0
2010-12-20,16.1944,34.1388,5.5216,0.6032,0.3714,8.9396,32.7286,0
2010-12-20,12.463,34.0417,6.0283,,,,,0
2010-12-20,12.495,34.0394,6.0243,0.48,0.57,7.86,12.39,0
2010-12-20,16.4305,34.224000000000004,5.7767,,,,,0
2010-12-20,12.2139,34.034,6.0604,,,,,0
2010-12-20,13.4334,33.4369,6.0317,0.7,0.2857,10.6073,38.4696,0
2010-12-20,12.2348,34.0369,6.0576,0.48,0.57,6.71,12.04,0
2010-12-20,11.4237,32.9554,5.9042,,,,,0
2010-12-20,13.628,34.1251,5.8806,,,,,0
2010-12-20,15.8053,33.9496,5.632999999999999,0.29,0.86,4.0,6.82,0
2010-12-20,15.899,34.107,5.6171,,,,,0
2010-12-20,15.4589,34.0479,5.6686,0.32,0.86,4.64,8.11,0
2010-12-20,14.5194,33.9167,5.7816,,,,,0
2010-12-20,15.6653,33.9349,5.6492,0.26,0.64,4.36,7.07,0
2010-12-20,14.2679,33.91,5.8116,0.26,0.57,4.43,7.68,0
2010-12-21,14.3505,33.9195,5.8014,,,,,0
2010-12-21,15.5153,33.9647,5.6651,0.26,0.93,4.0,6.54,0
2010-12-21,15.8941,33.9985,5.6213,,,,,0
2010-12-21,15.5794,34.0024,5.6565,0.32,0.57,4.71,8.36,0
2010-12-21,14.4262,34.1848,5.783,,,,,0
2010-12-21,13.9554,34.1524,5.8401,0.52,0.71,6.79,13.25,0
2010-12-21,14.1057,34.1535,5.8221,,,,,0
2010-12-29,15.3202,34.3149,5.6751,,,,,0
2010-12-29,14.2765,34.1653,5.8014,,,,,0
2010-12-29,15.4382,34.308,5.6619,,,,,0
2010-12-29,15.3675,34.3017,5.6702,0.39,0.5,9.5,10.61,0
2010-12-29,15.3021,34.2987,5.6777,,,,,0
2011-01-07,13.6918,34.2982,5.8666,0.52,0.36,9.64,12.61,0
2011-01-08,13.5311,34.0533,5.895,,,,,0
2011-01-08,13.6123,34.0391,5.8856,0.35,0.21,5.5,8.57,0
2011-01-08,13.5317,34.0248,5.8959,,,,,0
2011-01-08,13.4198,34.0179,5.9099,0.32,0.14,5.14,8.14,0
2011-01-08,13.1701,34.0161,5.9406,,,,,0
2011-01-08,13.6462,34.0741,5.8802,0.35,0.21,5.57,8.64,0
2011-01-08,14.2131,34.1916,5.808,,,,,0
2011-01-08,14.0085,34.2589,5.8299,0.42,0.36,5.5,10.5,0
2011-01-08,13.8519,34.3064,5.847,,,,,0
2011-01-08,13.5631,34.2951,5.8823,0.48,0.43,6.57,12.07,0
2011-01-08,13.7232,34.3043,5.8625,,,,,0
2011-01-08,13.7492,34.3067,5.8593,,,,,0
2011-01-18,13.7073,34.3425,5.8631,,,,,0
2011-01-18,13.9009,34.3468,5.8396,,,,,0
2011-01-18,14.8324,34.3563,5.7296,0.42,0.29,6.07,11.39,0
2011-01-18,14.9341,34.3754,5.7172,,,,,0
2011-01-18,14.944,34.318000000000005,5.718,0.39,0.43,4.93,9.54,0
2011-01-18,15.3542,34.3714,5.6693,,,,,0
2011-01-18,14.9248,34.3568,5.7189,,,,,0
2011-01-19,14.0267,34.29,5.8266,0.52,0.29,7.21,14.25,0
2011-01-19,14.918,34.3528,5.7198,,,,,0
2011-01-19,13.9426,34.3548,5.8343,0.55,0.5,6.79,14.25,0
2011-02-09,13.057,33.9882,5.9421,0.5579999999999999,0.11199999999999999,6.235,10.4131,0
2011-02-09,12.6982,33.9606,6.1727,0.5820000000000001,0.107,6.502999999999999,12.0229,0
2011-02-09,10.5,33.3309,6.2808,0.555,0.102,7.204,13.8636,0
2011-02-09,10.0712,32.547,6.4539,0.573,0.125,8.199,14.5339,0
2011-02-09,9.5482,33.3016,6.3402,0.66,0.086,9.441,16.9823,0
2011-02-10,8.3499,32.701,6.6511,0.593,0.076,7.68,14.1171,0
2011-02-10,8.4949,32.7347,6.6511,0.61,0.098,9.117,17.2914,0
2011-02-10,8.4069,32.5584,6.5752,0.6829999999999999,0.08800000000000001,11.127,20.6516,0
2011-02-10,8.2141,32.5702,6.7386,0.7120000000000001,0.084,12.33,21.1378,0
2011-02-10,7.5479,32.247,6.7671,0.45299999999999996,0.05,4.998,9.5605,0
2011-02-10,8.4541,32.9605,6.4259,0.5820000000000001,0.135,7.987999999999999,15.126,0
2011-02-10,9.3531,33.3807,6.4259,0.622,0.135,7.992000000000001,18.059,0
2011-02-10,11.1311,33.8593,6.1984,0.595,0.095,7.75,13.3791,0
2011-02-10,13.392,34.2577,5.9438,0.436,0.10099999999999999,4.945,8.2234,0
2011-02-10,13.2679,34.0004,5.9154,0.44,0.10300000000000001,5.006,8.7496,0
2011-02-10,14.2902,34.2728,6.0081,0.4,0.162,4.677,8.8937,0
2011-02-11,16.178,34.5378,5.5692,0.418,0.18,3.096,6.6241,0
2011-02-11,16.5852,34.6252,5.5443,0.317,0.145,2.36,4.8667,0
2011-02-11,18.2926,34.5879,5.4019,0.20600000000000002,0.10800000000000001,1.336,2.9514,0
2011-02-15,1.3282,31.0389,8.0476,1.389,0.4324,16.0107,6.0069,0
2011-02-15,2.1006,31.7311,,,,,,0
2011-02-15,3.0847,31.9919,7.495,0.3088,0.653,11.214,5.3501,0
2011-02-15,2.3132,31.8478,,,,,,0
2011-02-15,3.8839,32.1365,7.7784,0.4076,1.7971,8.8992,5.0058,0
2011-02-15,5.4232,32.2972,,,,,,0
2011-02-15,5.4923,32.3659,7.0841,0.7653,0.634,10.079,5.0906,0
2011-02-15,5.4510000000000005,32.2975,7.0983,,,,,0
2011-02-15,7.32,32.7929,6.6523,0.49,0.038,7.365,11.8579,0
2011-02-16,7.607,32.9417,6.6261,0.531,0.06,7.707000000000002,13.3305,0
2011-02-16,9.5144,33.8051,6.2859,0.604,0.061,8.322000000000001,15.581,0
2011-02-16,11.9165,34.2882,6.1162,0.5,0.055,5.665,10.1596,0
2011-02-16,12.7253,34.3253,5.8031,0.507,0.063,5.8439999999999985,9.6161,0
2011-02-16,2.2045,31.7003,7.9342,0.7791,0.8791,6.53,6.187,0
2011-02-16,13.5641,34.3168,5.8615,0.442,0.062,4.644,8.1331,0
2011-02-16,2.6524,31.7867,,,,,,0
2011-02-16,3.4752,32.0203,7.5659,0.6074,0.6791,4.8815,5.2336,0
2011-02-16,14.3598,34.4095,5.379,0.435,0.17,4.279,7.4333,0
2011-02-16,2.6452,31.8229,,,,,,0
2011-02-16,14.4184,34.4089,6.5739,0.369,0.204,4.1160000000000005,7.5913,0
2011-02-16,5.0814,33.965,,0.4839,0.2857,7.5,9.3214,0
2011-02-16,3.8425,32.0972,7.4242,0.1844,0.604,12.4427,5.0641,0
2011-02-16,5.2301,34.3824,,,,,,0
2011-02-16,5.1018,32.3059,,,,,,0
2011-02-16,16.0042,34.5802,5.7475,0.276,0.18100000000000002,2.7880000000000003,5.6204,0
2011-02-16,5.3343,33.9918,,0.4194,0.2857,5.7857,8.9643,0
2011-02-16,5.3031,33.9855,,,,,,0
2011-02-16,5.4288,32.3699,7.0841,0.4397,1.0667,7.6844,3.9359,0
2011-02-16,16.9652,34.6575,5.4076,0.242,0.154,1.939,4.16,0
2011-02-16,5.8742,32.4807,,,,,,0
2011-02-16,7.3106,33.6145,6.7746,0.3871,0.2143,5.6429,9.6786,0
2011-02-16,17.0954,34.6664,5.1197,0.231,0.14300000000000002,1.729,3.6599,0
2011-02-16,5.9768,32.4616,6.9708,0.7572,0.4915,10.4646,4.831,0
2011-02-16,9.7716,33.9286,6.3934,,,,,0
2011-02-16,5.8943,32.4395,7.0723,,,,,0
2011-02-16,9.9124,33.9349,6.3734,0.4194,0.2143,6.2857,10.0357,0
2011-02-17,10.3939,33.9666,6.305,0.3548,0.1429,6.7857,8.4643,0
2011-02-17,10.4576,33.8542,6.3008,,,,,0
2011-02-17,10.1522,33.8916,6.3419,0.3548,0.1429,7.0,8.6429,0
2011-02-17,10.7878,34.2783,6.2389,,,,,0
2011-02-17,9.5992,34.2283,6.4057,0.6129,,9.9286,12.4643,0
2011-02-17,8.3521,33.8671,6.603,,,,,0
2011-02-17,8.7802,33.7041,6.546,0.3871,0.2143,6.5,10.5714,0
2011-02-17,5.3456,33.8116,,,,,,0
2011-02-17,5.0553,33.7876,,0.3226,0.2143,4.7143,8.6429,0
2011-02-17,5.6837,33.6948,,,,,,0
2011-02-18,3.2798,31.8648,7.4809,0.7859999999999999,0.1314,12.4776,4.3385,0
2011-02-18,3.9311,32.1125,,,,,,0
2011-02-18,4.3943,32.2637,7.4242,0.3191,0.2508,10.253,3.6181,0
2011-02-18,9.1508,34.2504,6.4691,,,,,0
2011-02-18,8.8791,33.8362,6.5259,0.4516,0.2143,7.7857,11.3214,0
2011-02-18,4.8111,32.3138,,,,,,0
2011-02-18,9.0825,33.9727,6.4918,,,,,0
2011-02-18,4.9226,32.3091,7.2683,0.3263,0.6469,10.7332,5.7791,0
2011-02-18,9.9465,34.0137,6.3665,0.4194,0.2143,6.7143,10.5714,0
2011-02-18,5.2402,32.3135,,,,,,0
2011-02-18,7.3552,33.9963,6.7505,,,,,0
2011-02-18,5.7127,32.4378,7.155,0.3758,0.5351,4.539,5.9221,0
2011-02-18,9.6928,33.4018,6.4270000000000005,0.3871,0.2143,7.4286,10.1429,0
2011-02-18,5.772,32.4934,,,,,,0
2011-02-19,5.9624,32.5118,6.8716,0.8597,1.8667,8.2872,4.6668,0
2011-02-19,10.1996,33.7819,6.3394,,,,,0
2011-02-19,6.0629,32.4598,6.9566,,,,,0
2011-02-19,10.3856,33.5726,6.3218,0.3871,0.0714,6.8571,8.5357,0
2011-02-19,10.382,34.1269,6.3003,,,,,0
2011-02-19,7.1689,32.7982,6.3616,,,,,0
2011-02-19,9.4151,33.6127,6.4585,0.3548,0.1429,6.9286,8.8571,0
2011-02-19,6.5192,32.7049,6.9,0.4328,1.2257,8.0371,8.8671,0
2011-02-19,6.5353,32.7348,,,,,,0
2011-02-19,7.2384,34.0501,6.7657,,,,,0
2011-02-19,5.7901,32.4924,7.0983,0.3695,0.6468,6.952999999999999,9.2166,0
2011-02-19,9.0905,34.169000000000004,6.4812,0.3871,0.2143,6.5,9.0,0
2011-02-19,5.5756,32.4083,,,,,,0
2011-02-19,5.0892,32.3233,7.1975,0.6813,0.6965,7.3712,9.8628,0
2011-02-19,7.6786,33.9323,6.7024,,,,,0
2011-02-19,5.0022,32.3601,,,,,,0
2011-02-19,3.4707,32.0775,7.9342,0.9847,0.9215,10.8843,7.8236,0
2011-02-19,10.0664,34.2194,6.3403,,,,,0
2011-02-19,10.5899,34.0072,6.2765,0.3548,0.2857,6.0714,8.9286,0
2011-02-19,3.5848,32.1769,,,,,,0
2011-02-19,11.003,33.9144,6.2241,,,,,0
2011-02-19,5.2588,32.4393,7.2967,0.3917,1.3064,5.7365,5.2548,0
2011-02-19,9.9376,33.637,6.3819,0.3871,0.1429,6.5714,8.6429,0
2011-02-19,10.371,34.1364,6.3014,,,,,0
2011-02-19,10.0352,33.8143,6.3611,0.3871,0.1429,6.9286,8.7857,0
2011-02-20,10.1733,33.9985,6.3343,,,,,0
2011-02-20,10.1231,34.0387,6.3398,0.3871,0.2143,6.7857,9.7143,0
2011-02-20,10.0445,34.0005,6.3523,,,,,0
2011-02-20,9.8873,34.0176,6.3748,0.4194,0.2143,6.9286,10.75,0
2011-02-20,8.8686,33.8709,6.5262,,,,,0
2011-02-20,9.3824,33.8578,6.452000000000001,,,,,0
2011-02-21,5.388,32.4918,,,,,,0
2011-02-21,6.3739,32.6842,6.8575,0.5745,0.9924,7.7246,7.9984,0
2011-02-21,6.9161,32.8038,,,,,,0
2011-02-21,6.246,32.97,,,,,,0
2011-02-21,7.0101,32.872,6.8575,0.4936,0.7495,7.9053,8.1361,0
2011-02-21,7.144,32.8253,6.8291,,,,,0
2011-02-21,10.0628,34.0131,6.4466,,,,,0
2011-02-21,10.8891,34.3243,6.149,0.1399,0.3264,7.4464,3.2262,0
2011-02-21,11.1537,34.4035,,,,,,0
2011-02-21,9.4,33.8231,6.4466,0.6727,0.6268,9.7813,3.3586,0
2011-02-21,10.0536,34.0307,,,,,,0
2011-02-21,5.8649,32.8365,6.9708,0.6423,1.1644,5.4077,6.081,0
2011-02-22,8.576,33.2002,6.5458,0.7070000000000001,1.0148,6.7592,4.8787,0
2011-02-22,10.7845,34.2781,,,,,,0
2011-02-22,11.1408,33.8611,6.2077,,,,,0
2011-02-22,11.017,34.2392,6.2096,,,,,0
2011-02-22,9.9005,34.0373,6.3711,0.3871,0.2143,7.0714,8.6071,0
2011-02-22,9.9824,33.5963,6.3774,,,,,0
2011-02-22,9.9403,33.9065,6.3708,0.3871,0.2143,6.4286,8.8929,0
2011-02-22,10.0426,34.0103,6.3521,,,,,0
2011-02-23,10.2265,34.011,6.3264,0.3871,0.1429,6.6429,8.6071,0
2011-02-23,9.7821,34.0897,6.3854,,,,,0
2011-02-23,11.1603,34.1924,6.1922,0.4194,0.2857,6.2857,10.6071,0
2011-02-23,11.0205,34.356,6.2045,,,,,0
2011-02-23,10.8686,34.3043,6.2269,0.3871,0.2857,5.6429,8.75,0
2011-02-23,11.1335,34.4658,6.1851,,,,,0
2011-02-23,11.8673,34.5304,6.0862,0.4194,0.4286,6.6429,10.6429,0
2011-02-23,11.8265,34.6212,6.087999999999999,,,,,0
2011-02-23,11.7851,34.3984,6.1019,0.4516,0.3571,6.3571,10.6071,0
2011-02-23,10.4893,34.3617,6.2762,,,,,0
2011-02-23,10.5097,34.3841,6.2725,,,,,0
2011-02-23,10.6481,34.4951,6.2493,,,,,0
2011-02-23,10.554,34.3237,6.2689,,,,,0
2011-02-23,11.2164,34.398,6.1767,0.4194,0.3571,6.5714,11.0,0
2011-02-23,11.0159,34.3934,6.2036,,,,,0
2011-02-23,11.7486,34.3368,6.109,0.3871,0.4286,7.6429,10.0357,0
2011-02-23,12.6892,34.3643,5.9877,,,,,0
2011-02-23,13.5426,34.6061,5.8735,,,,,0
2011-02-23,13.4151,34.3432,5.8986,0.2903,0.3571,4.1429,7.2143,0
2011-02-24,12.8566,34.3684,5.9666,,,,,0
2011-02-24,11.4413,34.3727,6.1479,0.4839,0.5,6.5714,11.1786,0
2011-02-25,12.2625,34.4964,5.9417,0.396,0.575,8.568,10.276,0
2011-02-25,12.3313,34.3569,6.1368,,,,,0
2011-03-05,13.2914,33.7785,6.3318,0.212,0.376,3.7960000000000003,5.7107,0
2011-03-05,13.8267,34.6215,6.2118,0.223,0.39799999999999996,3.4930000000000003,5.3321,0
2011-03-05,12.5299,34.5265,6.3468,,,,,0
2011-03-05,11.6836,34.492,6.4819,0.248,0.266,2.945,4.1131,0
2011-03-05,10.9615,34.4252,6.6319,,,,,0
2011-03-05,11.4412,34.4852,6.7819,0.21899999999999997,0.213,2.7119999999999997,5.0942,0
2011-03-05,11.0891,34.463,6.7069,,,,,0
2011-03-05,10.4162,34.354,6.4668,,,,,0
2011-03-05,12.9742,34.5804,6.3093,,,,,0
2011-03-05,14.2194,34.6043,6.1518,0.228,0.45299999999999996,4.586,8.1835,0
2011-03-05,14.2998,34.6381,6.2568,,,,,0
2011-03-05,14.6759,34.5852,6.3093,,,,,0
2011-03-06,14.7647,34.6038,6.3618,0.32799999999999996,0.511,4.529,8.4422,0
2011-03-06,13.1728,34.5595,6.4218,,,,,0
2011-03-06,12.1818,34.5363,6.4819,0.264,0.248,4.1819999999999995,7.5323,0
2011-03-06,11.6142,34.5346,6.5869,,,,,0
2011-03-06,10.8943,34.4815,6.6919,0.081,0.192,2.418,3.448,0
2011-03-06,9.6989,34.3574,6.15,,,,,0
2011-03-06,10.1477,34.4105,6.3759,,,,,0
2011-03-06,8.1121,33.9884,6.6019,,,,,0
2011-03-06,9.3919,34.2292,6.6019,0.27399999999999997,0.16899999999999998,3.3360000000000003,6.7717,0
2011-03-06,11.2238,34.4533,6.4218,,,,,0
2011-03-06,13.0349,34.5656,6.2418,0.35600000000000004,0.23199999999999998,5.235,8.9336,0
2011-03-06,13.5196,34.539,6.0767,,,,,0
2011-03-06,14.5904,34.5338,5.9117,0.31,0.41700000000000004,4.175,7.7372,0
2011-03-10,13.6536,34.5355,6.2718,0.19399999999999998,0.444,4.6819999999999995,7.6451,0
2011-03-10,14.6084,34.534,6.1368,,,,,0
2011-03-10,15.3442,34.623000000000005,6.0017,0.281,0.515,4.468,7.9386,0
2011-03-10,15.1735,34.6,5.9417,,,,,0
2011-03-10,15.4139,34.6077,5.8817,0.107,0.27,4.811,8.0289,0
2011-03-10,16.1557,34.6574,5.9117,,,,,0
2011-03-10,16.1037,34.6521,5.9417,0.175,0.39,4.122,6.1709,0
2011-03-11,15.5076,34.5955,5.9117,,,,,0
2011-03-11,15.1363,34.5883,5.8817,0.242,0.488,5.033,7.0634,0
2011-03-11,14.3708,34.4945,6.0017,,,,,0
2011-03-11,13.4429,34.4165,6.1218,0.266,0.41,6.747000000000001,8.0793,0
2011-03-11,13.4047,34.3792,6.2118,,,,,0
2011-03-12,12.8776,34.3525,6.3018,0.322,0.312,5.284,8.568999999999999,0
2011-03-12,12.1457,34.3105,6.2568,,,,,0
2011-03-12,10.4765,34.2508,6.4143,,,,,0
2011-03-12,11.0518,34.343,6.5719,0.524,0.109,7.481,11.62,0
2011-03-12,11.5005,34.3925,6.5569,,,,,0
2011-03-12,12.0319,34.4239,6.5419,0.34700000000000003,0.20600000000000002,7.602,9.3521,0
2011-03-12,12.0009,34.3594,6.4668,,,,,0
2011-03-12,12.5939,34.3584,6.3918,0.38,0.263,6.0360000000000005,9.1403,0
2011-03-12,12.5562,34.3619,6.4368,,,,,0
2011-03-12,12.9241,34.4081,6.4819,0.39299999999999996,0.295,5.974,8.6818,0
2011-03-12,13.7371,34.4714,6.3768,,,,,0
2011-03-12,12.8064,34.5336,6.2718,0.365,0.203,5.938,8.8798,0
2011-03-12,12.934,34.5671,6.5269,,,,,0
2011-03-12,12.7465,34.6044,6.7819,0.363,0.239,5.632999999999999,8.8103,0
2011-03-12,9.9373,34.1841,6.6544,,,,,0
2011-04-09,8.8182,34.0631,6.5252,0.0645,0.0714,0.5714,1.25,0
2011-04-09,9.0726,34.1749,6.4835,0.2258,0.1429,2.9286,5.9286,0
2011-04-09,9.4111,34.1895,6.4341,0.2258,0.1429,2.9286,5.9286,0
2011-04-09,9.6675,34.2372,6.3957,,,,,0
2011-04-09,9.2757,34.1339,6.4558,0.0645,0.0714,0.6429,4.9643,0
2011-04-09,9.244,34.4127,6.449,,,,,0
2011-04-09,10.68,34.3269,6.2516,0.1613,0.2143,2.1429,5.0,0
2011-04-10,10.1717,34.1426,6.3288,0.2581,0.1429,4.8571,6.2143,0
2011-04-10,10.0757,34.1896,6.3402,,,,,0
2011-04-10,10.1987,34.1776,6.3236,0.2258,0.2143,4.0,5.5357,0
2011-04-10,10.2858,34.1732,6.3117,,,,,0
2011-04-10,10.1586,34.0857,6.3329,0.3226,0.5,5.5,6.8929,0
2011-04-10,10.1319,34.1807,6.3328,,,,,0
2011-04-10,11.3606,34.4249,6.1565,0.2903,0.2857,4.5714,6.1429,0
2011-04-10,8.5139,34.1374,6.5671,,,,,0
2011-04-10,8.832,34.184,6.5182,0.1613,0.1429,1.8571,4.2857,0
2011-04-10,8.0311,34.1016,6.6411,,,,,0
2011-04-11,7.7295,34.0857,6.6878,,,,,0
2011-04-11,7.5915,34.0796,6.7093,0.3226,0.2143,4.3571,4.6429,0
2011-04-11,8.0702,34.1633,6.6326,,,,,0
2011-04-11,12.2921,34.4405,6.035,0.0645,0.0714,1.3571,1.6071,0
2011-04-11,10.5308,34.3979,6.2692,,,,,0
2011-04-11,10.4386,34.346,6.2838,0.1935,0.1429,3.3571,5.6786,0
2011-04-11,10.4263,34.1901,6.2917,,,,,0
2011-04-11,10.2181,34.1608,6.3216,0.2581,0.2857,4.0,5.5714,0
2011-04-11,4.843,31.4404,7.2967,1.5124,0.8965,12.1876,6.7938,0
2011-04-11,10.0528,34.1639,6.3445,,,,,0
2011-04-11,4.7064,31.5057,,,,,,0
2011-04-11,10.117,34.1504,6.336,0.2581,0.2143,4.5714,5.5714,0
2011-04-11,4.8136,31.645,7.665,0.8551,0.9119,9.0083,6.6485,0
2011-04-11,5.8016,31.82800000000001,,,,,,0
2011-04-12,5.9099,31.985,8.3735,0.6489,0.7070000000000001,2.8789999999999996,2.366,0
2011-04-12,6.6433,32.2394,,,,,,0
2011-04-12,7.1243,32.2628,8.4585,0.8002,0.6506,2.9206,2.1798,0
2011-04-12,7.1205,32.2978,7.3675,,,,,0
2011-04-12,10.0553,34.1669,6.3439999999999985,,,,,0
2011-04-12,10.3747,34.2996,6.2944,,,,,0
2011-04-12,7.4517,32.3433,7.6792,,,,,0
2011-04-12,7.352,32.3122,7.8776,1.2512,0.7889,5.7516,7.0027,0
2011-04-12,10.3991,34.2788,6.2919,0.1613,0.2143,2.0714,4.7143,0
2011-04-12,7.5737,32.3399,,,,,,0
2011-04-12,7.4403,32.2013,8.6002,0.5596,0.6865,4.1042,4.8038,0
2011-04-12,10.4648,34.1604,6.2872,,,,,0
2011-04-12,7.0107,31.9125,,,,,,0
2011-04-12,9.8733,34.159,6.3698,0.1613,0.1429,2.0,6.6786,0
2011-04-12,7.3208,31.977,9.2519,0.0721,0.5789,2.2615,1.3124,0
2011-04-12,5.763,31.9756,,,,,,0
2011-04-12,12.8395,34.5483,6.07,,,,,0
2011-04-12,6.1382,31.8868,7.8209,0.23,0.8914,8.4159,7.1072,0
2011-04-12,13.102,34.5445,5.9196,0.0968,0.1429,0.6429,2.2143,0
2011-04-12,5.8069,31.6713,,,,,,0
2011-04-12,12.5786,34.5131,5.996,,,,,0
2011-04-12,6.2266,31.6766,8.671,1.2159,0.7838,3.8118,4.0917,0
2011-04-12,12.4913,34.5075,6.0072,,,,,0
2011-04-14,11.6059,34.4647,6.1227,,,,,0
2011-04-14,11.4939,34.4718,6.1371,,,,,0
2011-04-14,12.6097,34.4987,5.9926,0.0323,0.0714,0.7857,1.1429,0
2011-04-14,7.0964,31.801,9.6911,0.1368,0.6148,1.6909,2.1708,0
2011-04-14,13.9522,34.5587,5.8259,,,,,0
2011-04-14,7.2183,31.8897,,,,,,0
2011-04-14,13.2952,34.4006,5.9121,0.0645,0.0714,1.2143,2.0714,0
2011-04-14,6.7643,32.0654,8.1184,0.6598,0.9529,5.8863,7.5386,0
2011-04-14,13.5774,34.5904,5.8697,,,,,0
2011-04-14,7.928,32.299,,,,,,0
2011-04-14,8.969,32.3743,9.0394,0.4337,0.625,4.2555,4.6975,0
2011-04-14,10.9266,34.5158,6.2108,0.0645,0.0714,0.6429,4.7857,0
2011-04-14,8.7806,32.3655,,,,,,0
2011-04-14,10.6139,34.6035,6.2492,,,,,0
2011-04-14,9.0633,32.4691,8.7985,0.2457,0.5738,4.3249,3.6703,0
2011-04-14,10.7335,34.2305,6.2481,0.0323,0.0714,0.9286,5.6071,0
2011-04-14,8.9228,32.4579,,,,,,0
2011-04-14,8.9293,32.4208,8.586,1.2596,0.9939,6.1634,5.3351,0
2011-04-14,8.8429,32.3864,8.2601,,,,,0
2011-04-14,9.1533,32.5336,7.9909,,,,,0
2011-04-14,9.4124,32.605,8.586,0.6633,0.4252,8.8088,9.5777,0
2011-04-15,9.5842,32.6094,,,,,,0
2011-04-15,9.2421,32.5564,7.4809,0.5445,0.7889,13.9849,10.8084,0
2011-04-15,9.1031,32.5269,,,,,,0
2011-04-15,8.5261,32.3434,7.3108,0.3121,1.0912,5.5603,7.0899,0
2011-04-15,7.8204,32.1769,,,,,,0
2011-04-15,7.8781,31.8294,8.7135,0.9821,0.7377,9.5487,8.4105,0
2011-04-15,8.1761,32.1336,,,,,,0
2011-04-15,7.1279,32.2653,8.5293,0.3701,0.2152,3.9994,10.0772,0
2011-04-17,12.6771,34.4993,5.9841,,,,,0
2011-04-17,12.5322,34.5182,6.0017,,,,,0
2011-04-17,12.7204,34.4943,5.9789,0.2258,0.4286,3.0714,4.8929,0
2011-04-17,13.3357,34.5076,5.9022,,,,,0
2011-04-17,14.17,34.6385,5.7971,0.1613,0.2143,1.6429,4.1071,0
2011-04-17,13.6551,34.5915,5.8604,,,,,0
2011-04-17,8.6141,32.5997,,,,,,0
2011-04-17,12.633,34.6128,5.9858,0.0968,0.2143,0.7857,3.6071,0
2011-04-17,9.0415,33.0177,8.1043,0.2508,1.0246,4.0122,3.1426,0
2011-04-17,10.2153,33.2865,,,,,,0
2011-04-17,12.142,34.4043,6.0556,,,,,0
2011-04-17,8.936,32.671,8.4868,0.3335,0.6199,3.5462,7.198,0
2011-04-17,8.8373,32.7262,8.7843,,,,,0
2011-04-17,13.0372,34.0869,5.9546,,,,,0
2011-04-17,14.0274,34.604,5.8153,0.0645,0.1429,0.6429,2.6786,0
2011-04-17,11.2131,33.945,7.24,,,,,0
2011-04-17,14.1592,34.467,5.8046,,,,,0
2011-04-17,11.4324,34.2414,6.6308,0.5201,0.9273,3.2703,5.8174,0
2011-04-17,14.1716,34.4709,5.8022,0.1613,0.2857,1.4286,3.8571,0
2011-04-17,12.9388,34.4975,5.9515,,,,,0
2011-04-18,11.5737,34.2885,,,,,,0
2011-04-18,12.6195,34.511,5.9909,,,,,0
2011-04-18,10.9938,33.9682,6.5741,0.3719,0.917,3.3859,4.9455,0
2011-04-18,13.4362,34.4677,5.8915,0.0968,0.2143,1.0714,3.0,0
2011-04-18,13.3885,34.4709,5.8971,,,,,0
2011-04-18,11.8198,34.148,,,,,,0
2011-04-18,8.3738,32.971,7.0416,0.5969,1.0707,3.4501,3.7829,0
2011-04-18,14.6026,34.1641,5.7636,0.1613,0.3571,2.1429,3.9286,0
2011-04-18,9.3915,33.2649,,,,,,0
2011-04-18,14.6819,34.5776,5.7392,,,,,0
2011-04-18,9.1904,33.1832,7.155,0.3716,1.1168,3.2293,7.6748,0
2011-04-18,11.1208,33.7798,,,,,,0
2011-04-28,12.408,34.2503,6.6694,,,,,0
2011-04-28,13.3259,34.3649,6.7519,0.0061,0.2771,1.0609,2.4136,0
2011-04-28,13.8706,34.3922,6.3318,,,,,0
2011-04-28,15.6188,34.5937,6.1218,,,,,0
2011-04-28,15.4738,34.5818,5.9117,0.0293,0.1612,2.3298,5.9298,0
2011-04-28,14.0332,34.4161,6.2118,,,,,0
2011-04-28,13.4638,34.335,6.5119,0.0663,0.2588,1.6312,3.4459,0
2011-04-28,12.5874,34.1474,6.2718,,,,,0
2011-04-28,12.8153,34.1574,6.0317,0.0453,0.1715,1.7305,6.4965,0
2011-04-28,13.1461,34.2693,6.2118,0.5192,0.8487,7.0373,4.1991,0
2011-04-28,13.6374,34.4493,6.4068,,,,,0
2011-04-28,14.542,34.4894,6.6019,0.03,0.2551,1.1719,3.1499,0
2011-04-28,14.5956,34.5317,6.0617,0.0155,0.1596,4.8434,10.0338,0
2011-04-28,13.4042,34.4263,6.3468,,,,,0
2011-04-28,13.2143,34.4474,6.6319,0.0141,0.2066,1.2064,3.0686,0
2011-04-28,13.0096,34.4521,6.5269,,,,,0
2011-04-28,12.629,34.3892,6.4218,0.0489,0.067,0.44299999999999995,2.6632,0
2011-04-28,12.8031,34.2971,6.4744,,,,,0
2011-04-28,12.6667,34.1731,6.5869,,,,,0
2011-04-29,12.7568,34.0788,5.6116,0.1128,0.2473,2.4797,6.9621,0
2011-05-02,13.4607,34.0683,6.15,,,,,0
2011-05-02,14.2765,34.0174,5.8808,,,,,0
2011-05-02,13.6908,34.0154,5.7462,,,,,0
2011-05-02,12.6408,34.013000000000005,6.2118,,,,,0
2011-05-02,13.7213,34.1761,6.8119,0.0344,0.3017,2.3033,5.0855,0
2011-05-02,14.1247,34.1626,6.3018,,,,,0
2011-05-02,14.857,34.3906,5.7917,0.1353,0.1808,1.8312,4.8653,0
2011-05-02,16.0008,34.5679,6.0317,0.025,0.0776,1.3994,4.4613,0
2011-05-02,16.7052,34.6559,5.8817,,,,,0
2011-05-02,16.4012,34.6241,5.7316,0.0105,0.2202,3.9358,3.4319,0
2011-05-03,16.2649,34.5923,5.8517,,,,,0
2011-05-03,17.2771,34.68,5.9717,0.0221,0.1102,1.5008,3.9564,0
2011-05-03,17.0446,34.5994,,,,,,0
2011-05-03,16.956,34.6563,5.8217,,,,,0
2011-05-03,17.0221,34.6568,5.6716,0.0046,0.1559,2.0261,3.387,0
2011-05-03,16.5714,34.6106,5.6566,,,,,0
2011-05-04,15.4788,34.5543,5.6416,0.0068,0.136,1.021,5.4992,0
2011-05-04,15.8921,34.5179,6.0017,,,,,0
2011-05-04,15.5746,34.5321,6.3618,0.0126,0.0714,1.2086,5.2931,0
2011-05-04,13.5531,33.6906,6.932,,,,,0
2011-05-04,12.0933,32.7964,7.5021,0.0148,0.0434,0.5576,2.3799,0
2011-05-04,11.8009,32.7909,7.2171,,,,,0
2011-05-05,12.0099,33.1763,8.1098,,,,,0
2011-05-05,12.3668,33.2221,9.0026,0.0126,0.1133,1.5367,9.1978,0
2011-05-05,12.3921,32.8824,8.1173,,,,,0
2011-05-05,11.9964,32.9034,7.2321,,0.0605,0.3965,2.4963,0
2011-05-05,12.0651,32.9249,7.127000000000002,,,,,0
2011-05-05,12.6232,33.0902,7.022,0.0155,0.0512,0.5828,2.5735,0
2011-05-05,13.1737,33.3201,7.037000000000001,,,,,0
2011-05-05,13.5056,33.5744,7.0520000000000005,0.0054,0.0496,0.5334,2.8722,0
2011-05-05,14.313,33.9499,7.022,,,,,0
2011-05-05,13.3252,33.6566,6.992000000000001,0.0663,0.0897,0.7143,2.8863,0
2011-05-05,12.7956,33.6315,6.5869,,,,,0
2011-05-05,12.3292,33.8585,6.1818,0.0845,0.2249,2.6031,4.9761,0
2011-05-05,12.0035,33.9038,6.3843,,,,,0
2011-05-12,17.95,34.43,5.1131,0.0946,0.0583,0.3327,2.8652,0
2011-05-12,15.75,33.58,5.7141,0.0482,0.0459,0.2851,3.7979,0
2011-05-12,15.08,32.87,5.7957,0.0554,0.0319,0.2821,2.0349,0
2011-05-12,14.57,32.53,6.1142,0.0315,0.0487,0.2613,1.882,0
2011-05-12,14.73,32.81,6.3079,0.0329,0.0344,0.2106,5.1093,0
2011-05-12,15.01,32.86,6.0482,0.1868,0.0437,0.2323,3.4333,0
2011-05-12,13.8,32.41,6.5029,0.1331,0.0913,0.9967,7.4334,0
2011-05-12,13.99,32.53,6.3044,0.1084,0.114,1.153,9.8753,0
2011-05-13,14.89,32.38,6.2205,0.0264,0.261,3.054,3.8919,0
2011-05-13,14.6,32.33,6.0501,0.0184,0.3856,5.5414,7.0435,0
2011-05-13,15.26,31.31,6.2497,0.2623,0.4279,7.7761,8.2876,0
2011-05-13,14.4,32.3,6.1972,0.1179,0.2491,3.4439,16.149,0
2011-05-13,13.84,32.79,6.3952,0.0707,0.215,2.083,11.7421,0
2011-05-13,13.61,32.38,6.5002,0.1048,0.1836,1.9004,10.6607,0
2011-05-13,13.88,32.19,6.7655,0.0772,0.0763,0.3667,9.303,0
2011-05-13,14.48,32.28,6.6178,0.0359,0.0397,0.3873,8.3142,0
2011-05-13,14.83,32.54,6.1627,0.03,0.0453,0.5717,4.7573,0
2011-05-13,15.36,33.31,5.7972,0.0242,0.0419,0.2301,3.7713,0
2011-05-13,16.44,33.95,5.4817,0.0308,0.0474,0.1846,3.934,0
2011-05-13,18.02,34.57,5.4286,0.0315,0.0502,0.6138,4.373,0
2011-05-13,18.76,34.28,5.4283,0.0417,0.0462,0.3978,3.9761,0
2011-05-15,15.49,32.37,6.9903,0.0997,0.2824,4.0256,11.1642,0
2011-05-15,15.18,32.41,6.5931,0.0279,0.1239,1.2181,11.8052,0
2011-05-15,14.56,32.22,6.7034,0.0329,0.0639,0.9811,13.1082,0
2011-05-15,15.08,32.28,6.5628,0.0351,0.0316,0.8314,8.9131,0
2011-05-16,15.03,32.34,6.3136,0.0235,0.0316,0.2574,11.0198,0
2011-05-16,15.13,32.71,5.9609,0.0743,0.0148,0.2412,4.8134,0
2011-05-16,15.59,33.21,5.8313,0.025,0.0092,0.2088,3.4852,0
2011-05-16,16.69,33.98,5.5617,0.0134,0.0095,0.1305,4.0504,0
2011-05-16,17.95,34.56,5.3079,0.0163,0.0341,0.3259,3.8232,0
2011-05-16,18.37,34.53,5.3669,0.0228,0.0102,0.6868,4.3043,0
2011-05-16,18.53,34.48,5.3706,0.0112,0.0133,0.5347,4.2664,0
2011-06-08,17.782,33.5918,5.74,0.1412,0.151,1.645,6.6160000000000005,0
2011-06-08,20.1159,34.3359,,,,,,0
2011-06-08,20.8309,34.1407,5.558,0.1126,0.22699999999999998,0.547,3.91,0
2011-06-08,19.9509,33.6645,5.572,0.1845,0.059000000000000004,0.9590000000000001,5.621,0
2011-06-08,19.4389,33.706,,,,,,0
2011-06-08,17.4506,33.8157,6.104,0.1112,0.054000000000000006,0.667,4.566,0
2011-06-09,17.9313,33.7833,,,,,,0
2011-06-09,18.1256,33.5956,6.047999999999999,0.1024,0.063,0.718,6.093,0
2011-06-09,19.2844,33.5086,,,,,,0
2011-06-09,17.8093,33.6117,,,,,,0
2011-06-09,19.3219,33.6527,,,,,,0
2011-06-09,18.6466,33.5502,5.943,0.1236,0.16399999999999998,0.26899999999999996,6.96,0
2011-06-09,20.3588,33.9037,,,,,,0
2011-06-09,20.1104,33.7457,,,,,,0
2011-06-09,20.5846,33.5985,5.9289999999999985,0.0752,0.081,0.769,6.108,0
2011-06-09,19.1655,33.5056,,,,,,0
2011-06-09,18.5531,33.3826,5.852,0.0884,0.027000000000000003,1.082,5.528,0
2011-06-09,17.76,33.6657,6.23,0.1537,0.33,1.496,3.349,0
2011-06-10,12.6731,33.8451,6.0112,0.0645,0.0714,0.5714,1.25,0
2011-06-10,14.9958,33.4978,5.7411,0.2258,0.1429,2.9286,5.9286,0
2011-06-10,15.2331,33.9726,5.697,0.2258,0.1429,2.9286,5.9286,0
2011-06-10,16.0921,33.5814,5.6137,,,,,0
2011-06-10,17.1039,34.162,5.484,0.0645,0.0714,0.6429,4.9643,0
2011-06-10,17.5266,34.1909,5.4383,,,,,0
2011-06-10,18.5672,34.4059,5.3243,0.1613,0.2143,2.1429,5.0,0
2011-06-11,18.5043,34.3673,5.3319,0.2581,0.1429,4.8571,6.2143,0
2011-06-11,17.9161,34.2016,5.3974,,,,,0
2011-06-11,16.9928,34.1939,5.4948,0.2258,0.2143,4.0,5.5357,0
2011-06-11,18.4282,34.3639,5.3397,,,,,0
2011-06-11,18.8822,34.3222,5.2954,0.3226,0.5,5.5,6.8929,0
2011-06-11,17.4948,34.2644,5.4395,,,,,0
2011-06-11,16.8126,34.0986,5.5172,0.2903,0.2857,4.5714,6.1429,0
2011-06-11,15.9674,34.3951,5.6022,,,,,0
2011-06-11,15.734000000000002,33.678000000000004,5.6504,0.1613,0.1429,1.8571,4.2857,0
2011-06-11,15.18,33.6967,5.7129,,,,,0
2011-06-11,17.9693,33.5465,5.6629999999999985,0.1515,0.247,0.179,8.111,0
2011-06-11,17.6517,33.3854,,,,,,0
2011-06-11,19.4249,33.4693,,,,,,0
2011-06-11,19.2318,33.4668,,,,,,0
2011-06-11,18.4314,33.5429,,,,,,0
2011-06-11,16.8184,33.3903,,,,,,0
2011-06-12,17.5626,33.8974,6.041,0.098,0.1,0.193,6.6770000000000005,0
2011-06-12,19.2527,33.556,,,,,,0
2011-06-12,19.3861,33.6016,6.174,0.0987,0.079,0.65,5.0139999999999985,0
2011-06-12,19.856,33.3177,5.859,0.0987,0.006999999999999999,0.366,6.5360000000000005,0
2011-06-12,20.5126,33.056999999999995,,,,,,0
2011-06-12,20.5739,33.0199,5.782,0.1207,0.034,0.146,6.569,0
2011-06-12,20.4782,33.0704,,,,,,0
2011-06-12,14.1301,33.516,5.8424,,,,,0
2011-06-12,11.795,33.5718,6.1324,0.3226,0.2143,4.3571,4.6429,0
2011-06-12,11.5299,33.7534,6.1654,,,,,0
2011-06-12,14.7721,33.7752,5.7571,0.0645,0.0714,1.3571,1.6071,0
2011-06-12,20.8358,33.1684,5.803,0.1302,0.077,0.263,5.006,0
2011-06-12,20.3491,33.2555,,,,,,0
2011-06-12,20.5409,32.5126,5.698,0.1207,0.055999999999999994,0.184,7.762,0
2011-06-12,19.8063,33.143,,,,,,0
2011-06-14,19.2519,33.1702,5.985,0.1258,0.067,0.47600000000000003,5.626,0
2011-06-14,19.6869,33.3087,,,,,,0
2011-06-14,19.097,32.8576,5.81,0.1339,0.008,0.19,7.579,0
2011-06-14,19.0797,32.618,,,,,,0
2011-06-14,19.7146,32.1054,5.6,0.1038,0.019,0.18,11.108,0
2011-06-14,19.2222,32.1473,,,,,,0
2011-06-14,19.2336,32.1643,,,,,,0
2011-06-14,19.3667,32.1966,6.02,0.2131,0.064,0.218,10.252,0
2011-06-14,19.3248,32.267,,,,,,0
2011-06-15,19.1157,32.2,6.055,0.1742,0.081,0.16399999999999998,12.193,0
2011-06-15,19.3008,32.3123,,,,,,0
2011-06-15,18.9389,32.3146,5.985,0.098,0.038,0.26899999999999996,10.332,0
2011-06-15,18.82,32.4152,,,,,,0
2011-06-15,18.3919,32.64,5.964,0.1126,0.048,0.33399999999999996,8.257,0
2011-06-15,18.4677,33.4044,,,,,,0
2011-06-15,16.9466,34.5712,5.4873,,,,,0
2011-06-16,17.2255,33.8541,6.0760000000000005,0.1867,0.39,2.205,7.237,0
2011-06-16,17.5832,33.824,,,,,,0
2011-06-16,17.0229,33.2932,6.174,0.3525,0.078,0.193,7.894,0
2011-06-16,14.9746,33.5206,,,,,,0
2011-07-01,14.9564,30.3945,6.3712,0.6234,0.3565,6.814,3.1982,0
2011-07-01,16.2233,31.0461,,,,,,0
2011-07-01,18.0034,31.3866,5.845,0.3335,0.0657,3.2510000000000003,2.8955,0
2011-07-01,18.6671,31.6515,,,,,,0
2011-07-01,17.7443,31.4655,6.3427,0.3283,0.2838,5.955,2.1688,0
2011-07-01,19.0845,31.727,,,,,,0
2011-07-01,18.6915,31.6968,5.9872,0.3367,0.1313,5.218,2.3312,0
2011-07-01,17.993,31.6977,6.2005,,,,,0
2011-07-01,18.8837,31.2397,5.7881,,,,,0
2011-07-01,19.0323,31.1672,5.9019,0.3014,0.0212,10.106,3.5934,0
2011-07-02,18.9676,31.6741,,,,,,0
2011-07-02,18.9496,31.5074,6.0156,0.332,0.1156,5.535,3.4987,0
2011-07-02,18.371,31.5709,,,,,,0
2011-07-02,18.4387,31.8227,6.0441,0.4275,0.1197,2.031,3.5708,0
2011-07-02,18.5899,31.772,,,,,,0
2011-07-02,14.9505,31.8817,5.9872,0.4836,0.1585,4.191,2.3191,0
2011-07-02,16.6337,31.5361,,,,,,0
2011-07-02,18.5265,30.462,5.6459,0.3125,0.0955,5.143,3.9363,0
2011-07-02,18.6857,31.0241,5.6459,0.3652,0.3053,11.145,3.2676,0
2011-07-02,17.1205,32.6108,,,,,,0
2011-07-02,16.3279,32.4249,6.4281,0.3804,0.0889,6.183,3.4622,0
2011-07-02,16.7991,32.3763,,,,,,0
2011-07-02,17.8574,32.5667,6.1294,0.294,0.5079,5.079,4.419,0
2011-07-02,18.2142,32.3114,,,,,,0
2011-07-02,18.3716,32.2693,6.0014,0.3192,0.0574,8.21,3.1686,0
2011-07-02,18.5658,32.0368,,,,,,0
2011-07-02,18.1212,31.9495,6.2858,0.3931,0.1631,5.755,5.3873,0
2011-07-02,19.6921,31.8369,5.7170000000000005,,,,,0
2011-07-02,19.6039,32.0037,5.7596,,,,,0
2011-07-02,19.5407,31.872,5.8023,0.8598,0.1057,3.654,2.4395,0
2011-07-03,19.1524,32.1552,,,,,,0
2011-07-03,19.611,32.7969,5.5606,0.2989,0.1852,5.5470000000000015,3.0717,0
2011-07-03,19.3857,32.5664,,,,,,0
2011-07-03,19.5397,32.315,5.7881,0.3352,0.0855,7.633999999999999,4.2759,0
2011-07-03,19.7622,32.4621,,,,,,0
2011-07-03,18.6011,33.0406,5.7454,0.5266,0.6097,4.079,3.3743,0
2011-07-03,17.5401,32.98,,,,,,0
2011-07-03,16.1594,33.1006,5.5179,0.4457,0.2106,5.324,4.1599,0
2011-07-03,18.7219,32.3868,,,,,,0
2011-07-04,20.6836,32.3484,5.7312,0.4155,0.0378,3.998,3.3477,0
2011-07-04,20.8575,32.5106,,,,,,0
2011-07-04,19.9582,32.5931,5.5748,0.3812,0.1797,4.215,2.6642,0
2011-07-04,20.8211,32.1702,5.6459,,,,,0
2011-07-04,21.7677,32.0003,5.7454,,,,,0
2011-07-04,21.1878,32.1543,5.5748,0.34,0.0176,4.757,4.0138,0
2011-07-04,21.4482,32.1781,,,,,,0
2011-07-05,20.8308,31.8135,5.6601,0.4172,0.862,3.2489999999999997,3.8733,0
2011-07-05,19.3955,32.4193,,,,,,0
2011-07-05,18.73,32.486,6.0441,0.4261,0.057999999999999996,3.9160000000000004,4.1649,0
2011-07-05,20.7268,31.513,,,,,,0
2011-07-05,20.5292,31.5587,5.6601,0.3895,0.0702,3.734,4.1318,0
2011-07-05,20.011,31.9691,,,,,,0
2011-08-11,24.6593,29.161,6.438,0.1573,0.446,3.398,11.823,0
2011-08-11,25.7304,32.1142,,,,,,0
2011-08-11,26.7453,31.6912,4.8929,0.0695,0.071,0.221,8.097999999999999,0
2011-08-11,22.6539,30.4085,5.3719,0.015,0.5162,10.6418,9.902,0
2011-08-11,21.9808,30.3407,4.6586,0.0169,0.4991,7.8519,8.281,0
2011-08-11,22.8362,30.8851,4.2074,0.0173,0.2917,4.6633,7.497999999999997,0
2011-08-11,26.1432,31.8078,4.8071,0.1161,0.086,0.081,9.232,0
2011-08-11,20.9097,31.099,5.2891,0.0336,0.028999999999999998,5.404,8.4,0
2011-08-11,25.9847,31.9524,,,,,,0
2011-08-12,25.4711,31.7883,5.2935,0.0322,0.075,0.12,4.624,0
2011-08-12,20.5488,31.2108,5.2026,0.0111,0.1079,4.0251,7.216,0
2011-08-12,25.102,31.4841,,,,,,0
2011-08-12,21.3566,31.2157,5.2041,0.0157,0.2023,3.0087,9.308,0
2011-08-12,26.0675,29.4003,5.7513,0.0664,0.075,0.091,3.3110000000000004,0
2011-08-12,21.2097,31.9334,5.5369,0.0385,0.0846,1.0314,9.558,0
2011-08-12,25.9777,30.3329,,,,,,0
2011-08-12,25.394,29.8516,,,,,,0
2011-08-12,20.0002,31.8228,4.6302,0.027999999999999997,0.2839,3.1711,11.629,0
2011-08-12,25.0967,32.1758,,,,,,0
2011-08-12,22.316,32.0898,5.2832,0.0113,0.0179,0.745,17.836,0
2011-08-12,24.4457,31.6302,4.9215,0.0851,0.11199999999999999,0.7759999999999999,8.277999999999999,0
2011-08-12,25.4757,31.4817,,,,,,0
2011-08-12,26.9409,33.6019,3.2949,0.0182,0.1066,0.0644,16.783,0
2011-08-12,26.7706,33.3903,5.3163,0.0113,0.0958,0.2812,3.1860000000000004,0
2011-08-12,26.9316,31.622,,,,,,0
2011-08-12,26.7703,31.7346,4.7784,0.0299,0.078,0.524,8.242,0
2011-08-12,26.7117,31.1656,,,,,,0
2011-08-12,25.21,32.3502,5.0932,0.0563,0.071,0.11,9.611,0
2011-08-12,25.1871,32.3829,,,,,,0
2011-08-12,25.3467,32.0438,5.3221,0.1022,0.049,0.053,9.573,0
2011-08-12,26.5769,30.9593,,,,,,0
2011-08-12,26.573,31.4136,5.1789999999999985,0.099,0.047,0.113,6.84,0
2011-08-15,25.3206,31.6574,,,,,,0
2011-08-15,25.6626,31.8901,,,,,,0
2011-08-15,23.3121,31.651,,,,,,0
2011-08-15,22.1256,31.5332,5.8371,0.0501,0.09,0.898,6.362,0
2011-08-15,24.1288,31.5444,,,,,,0
2011-08-15,25.6648,31.2987,5.3507,0.0384,0.14400000000000002,0.904,5.16,0
2011-08-18,23.4326,30.9676,,,,,,0
2011-08-18,23.1815,30.6117,5.551,0.0656,0.11800000000000001,0.555,6.6370000000000005,0
2011-08-18,23.9977,30.4629,,,,,,0
2011-08-18,24.0067,30.7206,5.5796,0.0804,0.159,0.099,1.747,0
2011-08-18,22.9718,30.3204,,,,,,0
2011-08-18,23.9498,30.28,5.7513,0.0967,0.32299999999999995,3.0460000000000003,2.184,0
2011-08-18,23.4896,30.7779,,,,,,0
2011-08-18,24.2511,31.2653,5.0932,0.0928,0.152,0.172,1.158,0
2011-08-18,24.1067,31.3085,,,,,,0
2011-08-19,23.5964,30.0027,,,,,,0
2011-08-19,23.5772,29.9928,5.2363,0.0501,0.48100000000000004,5.392,4.71,0
2011-08-19,22.6047,30.8747,,,,,,0
2011-08-19,23.2547,30.6541,5.551,0.1729,0.12300000000000001,0.868,5.045,0
2011-08-19,23.6637,31.4029,,,,,,0
2011-08-19,23.3549,31.7801,5.0932,0.0858,0.107,0.622,6.879,0
2011-08-19,23.4072,31.7668,,,,,,0
2011-08-19,25.4744,32.9993,4.9501,0.0858,0.07200000000000001,0.086,4.398,0
2011-08-19,27.2104,33.8038,,,,,,0
2011-08-19,27.7979,33.8634,4.5209,0.0804,0.145,0.52,2.036,0
2011-08-19,25.3038,33.7035,3.4963,0.0116,0.1194,0.1496,3.596,0
2011-08-19,26.3907,32.0381,,,,,,0
2011-08-19,25.0973,33.5849,4.0902,0.0373,0.1821,2.6559,4.41,0
2011-08-19,25.2106,32.2609,4.9787,0.068,0.1,0.109,5.8,0
2011-08-19,25.0496,33.3707,4.6001,0.0163,0.1489,8.3721,4.039,0
2011-08-19,25.1254,31.8049,,,,,,0
2011-08-19,25.4145,31.9374,5.6941,0.1371,0.055999999999999994,0.121,6.0120000000000005,0
2011-08-19,25.4603,33.3847,4.6262,0.0071,0.161,1.3259999999999998,2.797,0
2011-08-19,24.8626,33.2191,4.6296,0.4886,0.1166,5.6814,1.975,0
2011-08-20,25.7949,32.238,5.1467,0.0094,0.1625,4.7855,4.5280000000000005,0
2011-08-20,24.7127,32.707,4.7139,0.02,0.1709,5.9201,2.276,0
2011-08-20,25.3808,31.3669,5.0825,0.0119,0.3566,0.3764,5.8439999999999985,0
2011-08-20,24.8633,31.1683,5.2006,0.0113,0.09699999999999999,3.533,5.083,0
2011-08-20,23.6595,31.5734,5.2363,0.0198,0.146,0.47200000000000003,7.882999999999999,0
2011-08-20,24.9493,30.2696,5.0302,0.012,0.19699999999999998,0.47100000000000003,6.322,0
2011-08-20,22.8441,31.3092,,,,,,0
2011-08-20,19.3432,32.2699,5.3221,0.1239,0.217,2.511,6.74,0
2011-08-20,19.889,32.376999999999995,,,,,,0
2011-08-20,24.6538,30.1727,5.2847,0.0133,0.6323,5.6977,6.691,0
2011-08-20,25.3769,31.3398,5.2572,0.0059,0.2712,0.6798,2.148,0
2011-08-20,25.8226,31.9392,4.9732,0.0049,0.0961,0.1289,1.036,0
2011-08-20,26.4875,32.7858,4.9732,0.0062,0.0613,0.1257,0.639,0
2011-08-20,26.9777,33.541,5.2832,0.0062,0.0415,0.4685,0.767,0
2011-08-20,26.8762,33.6711,4.7161,0.0085,0.0328,0.1472,0.887,0
2011-08-20,26.9705,33.6033,4.7117,0.0079,0.0716,0.1544,0.944,0
2011-08-21,26.6048,33.8491,4.5714,0.0252,0.0424,0.0056,1.888,0
2011-08-21,26.9215,33.9447,4.0865,0.0177,0.018000000000000002,0.11599999999999999,2.73,0
2011-08-21,26.3092,33.9392,4.6611,0.0186,0.026000000000000002,0.127,2.362,0
2011-08-21,26.9149,33.9301,4.5415,0.0148,0.039,0.005,3.286,0
2011-08-26,24.1446,31.9619,5.4399,,,2.43,1.6429,0
2011-08-26,24.5505,32.1087,5.7435,,,,,0
2011-08-26,24.0864,32.2747,6.545,,0.2143,2.3571,1.5,0
2011-08-26,24.8459,33.0102,5.6954,,,,,0
2011-08-26,24.9851,33.6527,5.0597,0.0323,0.0714,1.8571,2.7857,0
2011-08-26,24.8071,33.3171,5.9308,,,,,0
2011-08-26,24.8521,33.4538,5.5134,,0.0714,1.4286,2.7857,0
2011-08-26,23.8653,32.8421,6.016,0.0645,,1.8571,2.0,0
2011-08-26,23.9827,32.6219,6.3139,,,,,0
2011-08-26,24.2542,32.3741,5.2014,0.0645,,1.7857,2.5,0
2011-08-27,24.1233,32.6329,5.9385,,,,,0
2011-08-27,24.2667,32.998000000000005,5.7444,0.0323,0.0714,1.5,2.75,0
2011-08-27,24.231,32.2051,6.356,,,,,0
2011-08-27,24.5096,32.6889,6.2685,0.2903,0.2143,3.1429,5.1786,0
2011-08-27,24.1196,32.3928,5.7863,,,,,0
2011-08-27,24.0376,31.5888,6.2231,0.7742,,11.5,10.1071,0
2011-08-27,24.157,31.6514,5.2502,,,,,0
2011-08-27,24.979,31.5805,4.856,,,,,0
2011-08-27,24.3785,32.7773,4.8766,0.7097,,10.0714,9.75,0
2011-08-27,23.8791,32.5835,4.8963,,,,,0
2011-08-27,23.9887,32.6565,4.8843,0.2258,,1.8571,3.4286,0
2011-08-27,24.8875,33.1577,4.8474,,,,,0
2011-08-27,24.3963,32.9827,4.8509,0.0323,0.0714,1.5714,2.8929,0
2011-08-27,25.0106,33.3468,4.7818,,,,,0
2011-08-27,24.6355,33.1578,4.8178,,,1.4286,3.1429,0
2011-08-27,24.394,33.4638,4.8296,,,,,0
2011-08-28,24.4937,33.4054,4.8243,0.0645,0.0714,1.5714,4.2857,0
2011-08-28,24.1712,33.0941,4.8586,,,,,0
2011-08-28,24.2832,33.088,4.8497,0.0323,,2.5,3.1429,0
2011-08-28,24.3985,33.0448,4.8715,,,,,0
2011-08-28,24.8258,32.9358,4.8364,,,,,0
2011-08-28,24.5289,32.5064,4.846,0.8387,0.1429,13.4286,13.6429,0
2011-08-28,21.59,31.4,,,,,,0
2011-08-28,22.64,30.74,5.4542,0.2836,0.1199,4.96,6.2087,0
2011-08-28,24.5035,32.7588,4.8394,,,,,0
2011-08-28,23.4,30.64,,,,,,0
2011-08-28,22.66,31.44,5.7099,0.1837,0.1044,4.402,7.6696,0
2011-08-28,24.8615,32.8891,4.8054,,,1.2143,2.4286,0
2011-08-28,23.2,30.49,,,,,,0
2011-08-28,24.6098,33.1247,4.8165,,,,,0
2011-08-28,23.05,30.89,5.5678,0.2659,1.1598,4.618,7.0870000000000015,0
2011-08-28,24.4363,33.5815,4.8238,0.0323,0.0714,1.2143,2.75,0
2011-08-28,23.31,30.55,,,,,,0
2011-08-28,23.58,30.495,5.4826,0.267,0.1433,6.395,5.1478,0
2011-08-28,24.6739,32.8995,4.822,,,,,0
2011-08-28,23.24,30.81,5.3406,,,,,0
2011-08-28,24.7725,32.3031,4.8574,,,1.4286,3.1071,0
2011-08-28,24.4273,32.8084,4.8736,,,,,0
2011-08-28,23.98,31.37,4.9997,,,,,0
2011-08-29,24.2409,33.2771,4.8476,,0.0714,1.7143,3.9643,0
2011-08-29,23.85,30.74,5.2553,0.3385,0.4506,2.8989999999999996,3.113,0
2011-08-29,24.8918,33.1335,4.7977,,,,,0
2011-08-29,24.8889,32.3283,4.8193,,,,,0
2011-08-29,23.78,31.13,,,,,,0
2011-08-29,23.95,31.46,5.0991,0.3346,0.6355,8.908999999999997,3.4696,0
2011-08-29,23.4597,32.3577,4.9424,,,,,0
2011-08-29,23.13,31.17,,,,,,0
2011-08-29,23.5652,32.403,4.9292,,,,,0
2011-08-29,24.4874,32.986999999999995,4.8629,0.0323,0.0714,2.0,3.5714,0
2011-08-29,24.1672,32.7275,4.8971,,,,,0
2011-08-29,24.0823,32.7639,4.9074,0.0323,0.0714,1.2143,5.3214,0
2011-08-29,24.5367,32.1596,4.8614,,,,,0
2011-08-29,26.6248,32.3009,4.6807,0.0323,,2.0714,3.1786,0
2011-08-29,25.1072,32.1577,4.8149,,,,,0
2011-08-29,25.0552,32.7044,4.8241,,0.0714,1.5714,2.0357,0
2011-08-29,26.6044,32.0953,4.6927,,,,,0
2011-08-29,26.2668,32.5737,4.7271,0.0645,,1.8571,4.3929,0
2011-08-29,24.6008,32.1877,4.8617,,,,,0
2011-08-29,24.2895,32.9953,4.8752,0.0323,,2.0714,5.5357,0
2011-08-30,24.1562,32.3866,4.8784,,,,,0
2011-08-30,24.7164,32.6314,4.8554,0.0323,0.0714,1.7857,2.0357,0
2011-08-30,24.3735,32.5552,4.8557,,,,,0
2011-08-30,24.5374,32.4401,4.8448,,,,,0
2011-08-30,19.52,32.17,5.9229,0.4571,0.6169,6.254,8.3391,0
2011-08-30,22.61,32.09,,,,,,0
2011-08-30,23.42,32.01,4.815,0.4916,0.8551,8.445,9.713,0
2011-08-30,24.77,31.88,,,,,,0
2011-08-30,24.08,31.37,5.8661,0.6247,0.0964,1.906,8.0087,0
2011-08-30,24.9,31.35,,,,,,0
2011-08-30,24.73,31.18,5.2553,0.2401,0.0806,2.248,4.5826,0
2011-08-30,24.84,31.5,,,,,,0
2011-08-30,24.5,31.83,5.1701,0.2361,0.2362,2.84,4.4522,0
2011-08-30,24.33,31.78,5.4258,,,,,0
2011-08-30,23.93,31.99,5.5536,,,,,0
2011-08-31,23.99,31.9,5.1843,0.2554,0.1632,4.827,6.3739,0
2011-08-31,23.693,31.69,,,,,,0
2011-08-31,24.0,31.84,5.5252,0.2961,0.0229,5.687,4.9652,0
2011-08-31,24.17,31.846,,,,,,0
2011-08-31,24.864,31.94,6.9882,0.3365,0.1994,6.55,10.3652,0
2011-08-31,24.378,31.96,,,,,,0
2011-08-31,24.1,31.855,5.8235,0.0442,0.1009,6.6960000000000015,11.3304,0
2011-08-31,24.1612,30.594,,,,,,0
2011-08-31,24.762,30.109,7.1728,0.3069,0.18,6.398,5.7913,0
2011-08-31,24.6783,31.6589,4.8558,,,,,0
2011-08-31,24.4357,31.5775,4.8875,,,,,0
2011-08-31,24.5719,32.2007,4.8498,,,1.7857,1.5,0
2011-08-31,24.6736,32.2969,4.8384,,,,,0
2011-08-31,26.5279,32.0746,4.7371,0.0323,,2.2143,1.8214,0
2011-08-31,26.7688,31.8038,4.6828,,,,,0
2011-09-01,25.744,32.8998,4.7347,,,,,0
2011-09-01,26.5393,33.413000000000004,4.6581,0.0323,0.0714,2.2143,6.0,0
2011-09-01,25.0134,32.9315,4.8344,,,,,0
2011-09-01,23.8518,32.1571,4.9118,0.0323,,0.9286,3.25,0
2011-09-01,24.51,31.7226,5.3973,,,,,0
2011-09-01,24.66800000000001,31.8749,5.1985,0.4913,0.0973,12.946,6.4147,0
2011-09-01,24.5965,31.8352,,,,,,0
2011-09-01,24.596,31.7268,5.0139,0.0734,0.0799,6.742000000000001,3.8435,0
2011-09-01,24.5956,32.1,,,,,,0
2011-09-02,24.027,31.8128,5.8519,0.0512,0.2663,4.777,3.6435,0
2011-09-02,23.431,32.133,,,,,,0
2011-09-02,23.2704,31.4273,5.4258,0.1727,0.2183,4.775,3.913,0
2011-09-02,23.037,31.45,,,,,,0
2011-09-02,22.431,31.5,4.9855,0.1547,0.524,9.593,5.712999999999999,0
2011-09-04,23.8004,32.2353,5.1985,,,,,0
2011-09-04,24.1402,31.9654,5.0707,0.2204,0.0287,8.081,4.5478,0
2011-09-04,23.4715,31.7943,,,,,,0
2011-09-04,23.4697,31.7049,5.3122,0.177,0.0269,8.713,4.3304,0
2011-09-04,23.204,31.8683,,,,,,0
2011-09-04,22.52,31.91,5.9797,0.6163,0.0264,4.043,3.1217,0
2011-09-05,22.06,31.66,,,,,,0
2011-09-05,22.6,31.15,4.7156,0.4127,1.8006,5.584,7.3826,0
2011-10-05,20.2981,32.8418,5.2115,0.2258,0.0714,1.8571,4.3929,0
2011-10-05,20.0203,32.8902,5.2328,,,,,0
2011-10-05,20.3234,33.0582,5.2037,0.129,0.0714,1.7857,2.0357,0
2011-10-05,20.1762,32.8936,5.2232,,,,,0
2011-10-05,20.1716,32.9665,5.221,,,,,0
2011-10-05,20.243,32.8716,5.2171,0.1613,0.0714,2.7857,3.0,0
2011-10-05,19.5928,33.3655,5.2642,,,,,0
2011-10-05,19.7713,33.1731,5.2532,0.1613,0.0714,1.7143,3.1071,0
2011-10-06,20.9446,32.947,5.1486,0.129,0.0714,2.0714,1.0714,1
2011-10-06,20.8558,32.9258,5.1574,,,,,1
2011-10-06,20.9471,32.9863,5.1471,0.129,0.0714,2.0714,1.3571,1
2011-10-06,20.8434,33.0241,5.1565,,,,,1
2011-10-06,20.8284,33.0507,5.1563,0.129,0.0714,2.4286,2.0714,1
2011-10-06,20.7263,33.0467,5.1658,,,,,1
2011-10-06,20.2973,33.0118,5.2077,0.129,0.0714,2.5714,2.0,1
2011-10-06,20.2625,32.9788,5.2119,,,,,1
2011-10-06,20.2567,32.9986,5.2115,0.129,0.0714,2.1429,2.8571,1
2011-10-07,19.7233,31.7701,5.0644,0.1616,1.3678,4.275,4.3668,0
2011-10-07,18.6706,31.9904,,,,,,0
2011-10-07,18.433,32.21,5.6176,0.0484,0.2027,5.019,4.5502,0
2011-10-07,18.2742,31.6371,,,,,,0
2011-10-07,18.1532,31.3636,5.7169,0.2158,0.8263,6.152,6.7598,0
2011-10-07,18.697,31.3263,,,,,,0
2011-10-07,19.5131,32.1604,5.4758,0.1425,0.7008,4.647,7.6069,0
2011-10-07,19.5775,32.2766,5.4474,,,,,0
2011-10-07,19.2159,32.195,5.2635,,,,,0
2011-10-07,19.1016,32.1962,5.3339,0.0706,0.1666,5.3820000000000014,6.3493,0
2011-10-07,19.176,32.1724,,,,,,0
2011-10-07,18.5805,32.3932,5.5893,0.0061,0.1689,5.754,6.131,0
2011-10-08,18.8874,32.2492,,,,,,0
2011-10-08,18.8491,32.2228,5.5183,0.01,0.1043,3.6639999999999997,8.1397,0
2011-10-08,18.182,32.4507,,,,,,0
2011-10-08,18.254,32.3397,5.7027,0.4279,0.1626,4.04,5.0917,0
2011-10-08,17.927,32.4761,,,,,,0
2011-10-08,19.893,32.9317,5.2489,,,,,0
2011-10-08,20.1448,33.0292,5.2216,0.129,0.0714,1.5714,2.0357,0
2011-10-08,20.8261,33.2594,5.1499,,,,,0
2011-10-08,20.6629,33.2429,5.1662,0.2258,0.1429,2.7857,3.8929,0
2011-10-08,18.1347,32.4079,5.646,0.0712,0.1798,4.078,5.7118,0
2011-10-08,22.5394,33.5451,4.9860000000000015,,,,,0
2011-10-08,22.4823,33.4635,4.9887,0.1613,0.0714,2.7857,0.6429,0
2011-10-08,22.0983,33.3954,5.0297,,,,,0
2011-10-08,21.9599,33.4361,5.041,0.1613,0.0714,1.8571,1.7857,0
2011-10-08,21.0863,33.1012,5.1304,,,,,0
2011-10-08,20.7036,33.1572,5.1646,0.129,0.0714,0.3571,1.6429,0
2011-10-08,23.2971,33.7619,4.9149,0.1613,0.1429,1.4286,1.7143,0
2011-10-09,21.0059,33.0927,5.1377,,,,,0
2011-10-09,20.8967,33.1162,5.1484,0.129,0.0714,1.9286,2.0357,0
2011-10-09,20.8492,33.0558,5.1551,,,,,0
2011-10-09,21.7517,33.2571,5.065,0.129,0.0714,2.5,0.75,0
2011-10-09,21.3587,33.1047,5.1056,,,,,0
2011-10-09,20.5792,33.0693,5.1787,0.129,0.0714,1.9286,2.4286,0
2011-10-09,20.275,33.0676,5.207999999999998,,,,,0
2011-10-09,20.3215,33.0966,5.2027,,,,,0
2011-10-09,18.1669,32.4812,5.6176,0.3085,0.1053,5.381,8.0699,0
2011-10-09,18.3651,32.4202,,,,,,0
2011-10-09,18.5425,32.3499,5.8729999999999976,0.1716,0.1747,7.0470000000000015,5.0393,0
2011-10-09,19.1363,32.3038,,,,,,0
2011-10-09,19.2493,32.2814,5.6318,0.4192,0.2082,6.14,4.9432,0
2011-10-09,18.935,32.3212,,,,,,0
2011-10-09,18.8202,32.3188,5.8304,0.0487,0.8098,5.204,5.869,0
2011-10-09,18.6861,32.3083,,,,,,0
2011-10-09,19.0352,32.1556,5.5041,0.7369,0.4203,4.731,5.5546,0
2011-10-09,19.1773,32.1537,5.5467,,,,,0
2011-10-10,19.1013,32.2731,5.5183,,,,,0
2011-10-10,19.1289,32.2625,5.4616,0.0096,0.0839,5.947,5.4935,0
2011-10-10,18.6727,32.3572,,,,,,0
2011-10-10,18.5681,32.3849,5.7169,0.0871,1.129,6.987,4.9956,0
2011-10-10,18.7478,32.2647,,,,,,0
2011-10-10,18.0486,32.5341,5.9439,0.7433,1.2907,6.526,11.5022,0
2011-10-10,18.3328,32.3516,,,,,,0
2011-10-10,18.0181,32.3615,5.0218,1.1649,0.4979,7.7620000000000005,8.392999999999999,0
2011-10-10,17.8191,32.6617,,,,,,0
2011-10-10,17.0315,32.7325,5.6886,0.8351,0.3231,7.48,14.5677,0
2011-10-11,20.7909,33.1615,5.1564,,,,,1
2011-10-11,20.8613,33.2354,5.1472,,,,,1
2011-10-11,21.4656,33.4287,5.086,0.129,0.0714,2.7857,1.0,1
2011-10-11,21.2331,33.1016,5.1165,,,,,1
2011-10-11,21.28,33.1142,5.1144,0.1613,0.1429,2.2857,2.5714,1
2011-10-11,21.3577,33.0404,5.1077,,,,,1
2011-10-11,21.4506,33.1087,5.0968,0.1613,0.1429,3.6429,3.0357,1
2011-10-12,22.6608,33.6275,4.9749,,,,,0
2011-10-12,21.8094,33.2277,5.06,0.129,0.0714,2.5,1.3571,0
2011-10-12,21.4433,33.1086,5.0975,,,,,0
2011-10-12,23.8994,34.0302,4.8549,0.1613,0.0714,4.0,3.1786,0
2011-10-12,24.0362,34.0471,4.8447,,,,,0
2011-10-12,23.3633,33.681,4.9109,0.1613,0.0714,2.8571,2.6786,0
2011-10-12,19.0483,32.1405,,,,,,0
2011-10-12,24.2187,34.0666,4.8178,,,,,0
2011-10-12,19.1632,32.0572,5.9581,0.2404,0.1515,6.445,7.4323,0
2011-10-12,21.2234,32.9965,5.1199,0.7742,0.5714,10.1429,13.8571,0
2011-10-12,19.7996,31.783,,,,,,0
2011-10-12,20.8929,33.194,5.1441,,,,,0
2011-10-12,20.929,33.2489,5.1408,,,,,0
2011-10-12,19.7536,31.8967,5.5609,0.3644,0.0893,6.001,7.5197,0
2011-10-12,19.8824,31.9787,5.5893,,,,,0
2011-10-12,20.3953,31.477,5.4474,,,,,0
2011-10-12,20.4921,31.3882,5.3765,0.1925,0.1802,5.691,4.2707,0
2011-10-12,20.001,31.3526,5.5467,0.0371,0.2939,6.2010000000000005,4.0087,0
2011-10-12,20.2565,31.5406,,,,,,0
2011-10-13,20.1295,32.1044,,,,,,0
2011-10-13,19.3276,32.1091,5.5751,0.1152,0.1463,6.227,7.9653,0
2011-10-13,17.444000000000006,32.6121,,,,,,0
2011-10-13,18.4854,32.8704,5.6602,0.013000000000000001,0.3519,5.0889999999999995,7.1354,0
2011-10-13,20.0696,32.0188,,,,,,0
2011-10-14,20.1455,33.0153,5.222,,,,,0
2011-10-14,19.9799,33.007,5.2383,,,,,0
2011-10-14,21.6252,33.4406,5.0717,0.3548,0.3571,3.8571,6.9286,0
2011-10-14,23.8915,33.9586,4.8580000000000005,,,,,0
2011-10-14,24.4025,34.0298,4.8131,0.1613,0.1429,4.5714,2.8214,0
2011-10-15,22.9191,33.6249,4.9506,,,,,0
2011-10-15,23.0515,33.693000000000005,4.9374,,,,,0
2011-10-15,24.0842,34.0323,4.8395,0.1613,0.1429,3.0,1.9643,0
2011-10-15,21.9221,33.1312,5.057,,,,,0
2011-10-15,22.6117,33.6316,4.9774,0.4194,0.4286,3.9286,7.8214,0
2011-10-23,18.7351,32.9106,,,,,,0
2011-10-23,18.3378,32.8038,,,,,,0
2011-10-23,19.7446,33.1533,5.2111,0.2499,0.14400000000000002,0.907,5.509,0
2011-10-23,20.5473,33.2592,,,,,,0
2011-10-23,19.0215,32.8858,5.2395,0.2349,0.09300000000000001,0.6729999999999999,6.855,0
2011-10-23,23.2963,34.0235,,,,,,0
2011-10-23,23.8714,33.945,,,,,,0
2011-10-23,24.0492,34.1697,4.05,0.23199999999999998,0.09,0.11900000000000001,2.271,0
2011-10-23,23.5219,33.8441,,,,,,0
2011-10-23,23.0338,34.0721,4.673,0.2557,0.07400000000000001,0.11,2.587,0
2011-10-23,19.1842,32.8913,,,,,,0
2011-10-24,20.0079,33.0484,5.1545,0.2514,0.086,0.136,4.997,0
2011-10-24,18.6282,32.6414,,,,,,0
2011-10-24,18.6215,32.6615,,,,,,0
2011-10-24,18.1083,32.8455,,,,,,0
2011-10-24,17.7674,32.8694,4.7297,0.3058,0.324,0.11199999999999999,7.46,0
2011-10-24,19.5884,32.6425,,,,,,0
2011-10-24,19.124,31.9491,4.7863,0.2027,0.061,0.128,4.819,0
2011-10-24,20.1503,32.5884,,,,,,0
2011-10-24,21.545,33.2962,4.8996,0.2184,0.042,0.039,3.035,0
2011-10-24,23.2276,34.1372,4.3615,0.2392,0.109,1.028,2.894,0
2011-10-27,23.1488,34.0315,,,,,,0
2011-10-27,23.5386,33.9968,4.8146,0.212,0.11,0.637,2.748,0
2011-10-27,23.3397,34.281,,,,,,0
2011-10-27,23.9311,34.239000000000004,4.2482,0.2292,0.09300000000000001,0.08199999999999999,2.819,0
2011-10-27,23.8267,34.0518,,,,,,0
2011-10-27,23.5075,33.9236,4.7297,0.2349,0.064,0.07,2.58,0
2011-10-27,23.5659,34.0356,,,,,,0
2011-10-27,23.1275,34.1991,5.4094,0.2442,0.07200000000000001,0.01,3.189,0
2011-10-28,22.0108,34.2061,,,,,,0
2011-10-28,22.9254,34.2234,4.673,0.3194,0.10800000000000001,0.006,3.177,0
2011-10-28,21.8851,33.9052,,,,,,0
2011-10-28,21.895,34.0334,4.7297,0.275,0.19399999999999998,0.027000000000000003,3.224,0
2011-10-28,19.9117,32.4917,,,,,,0
2011-10-28,18.7232,31.7124,,,,,,0
2011-10-28,21.8452,33.6899,4.7863,0.2012,0.22899999999999998,0.051,3.644,0
2011-10-28,20.8412,33.223,,,,,,0
2011-10-28,19.8506,32.5735,5.1545,0.2707,0.077,0.172,4.342,0
2011-10-28,19.3516,32.2857,,,,,,0
2011-10-28,19.9726,32.4966,5.0412,0.2686,0.131,0.040999999999999995,4.243,0
2011-10-28,18.6124,32.4681,,,,,,0
2011-10-28,20.1585,33.1536,4.9846,0.2922,0.10099999999999999,0.025,4.252,0
2011-10-28,22.389,34.1529,,,,,,0
2011-10-28,21.1292,34.266,4.7014,0.3717,0.183,0.915,7.191,0
2011-10-29,18.2333,32.9751,4.8713,0.3896,0.174,1.7469999999999999,6.563,0
2011-10-29,21.0908,33.901,,,,,,0
2011-10-29,15.1517,32.8031,,,,,,0
2011-10-29,18.7526,33.3834,,,,,,0
2011-10-29,19.5808,33.405,4.9846,0.3194,0.188,0.026000000000000002,5.492000000000001,0
2011-10-29,19.4815,32.8368,,,,,,0
2011-10-29,20.3238,33.1633,5.0695,0.1869,0.133,0.024,4.132,0
2011-10-29,22.0654,33.8368,4.8146,0.2055,0.12300000000000001,0.02,3.434,0
2011-10-29,18.7372,33.0957,,,,,,0
2011-10-29,18.3146,33.0367,5.1828,0.3108,0.217,0.309,8.06,0
2011-11-22,17.7421,31.2665,5.3161,0.1261,0.401,6.685,12.257,0
2011-11-22,18.6418,32.2831,5.0317,0.124,0.332,5.021,10.289,0
2011-11-22,19.986,33.3489,5.0309,0.1219,0.499,2.531,6.3039999999999985,0
2011-11-22,19.9802,33.766,5.0002,0.1141,0.701,2.287,6.053,0
2011-11-22,20.0333,33.5399,4.8293,0.1268,0.6729999999999999,2.563,6.0310000000000015,0
2011-11-22,20.5782,33.8316,4.9183,0.2152,0.573,4.848,9.383,0
2011-11-25,20.2024,33.7493,4.8571,0.1794,0.867,4.302,10.197,0
2011-11-25,21.1593,33.9542,4.8585,0.1647,0.309,2.076,5.112,0
2011-11-25,20.9899,34.0931,4.9118,0.1247,0.41200000000000003,2.369,5.4689999999999985,0
2011-11-25,20.6271,34.17,4.6836,0.1464,0.43700000000000006,1.16,4.247,0
2011-11-25,22.37,34.2,4.8036,0.1752,0.18600000000000003,1.521,2.7960000000000003,0
2011-11-26,21.5062,33.8455,4.7173,0.1212,0.591,2.129,5.751,0
2011-11-26,21.2408,34.0944,4.6008,0.1464,0.542,3.5060000000000002,8.537,0
2011-11-26,21.1479,34.1214,4.4879,0.1956,0.414,4.227,9.544,0
2011-11-26,21.1232,34.065,4.7148,0.1612,0.078,5.3210000000000015,10.403,0
2011-11-26,20.7888,34.0264,5.0046,0.1879,0.09,5.004,9.207,0
2011-11-26,19.872,33.3369,5.0837,0.1591,0.102,4.928999999999999,8.439,0
2011-11-26,19.0966,32.8568,5.1997,0.1493,0.11900000000000001,4.626,9.024,0
2011-11-26,19.5821,33.1196,5.1145,0.1787,0.13,5.114,8.954,0
2011-11-26,19.616,33.1262,5.229,0.1668,0.18,4.962,9.237,0
2011-11-26,19.7775,33.2209,5.0864,0.131,0.114,5.026,9.178,0
2011-11-26,18.8713,32.4795,5.1723,0.11699999999999999,0.155,6.1579999999999995,10.7,0
2011-11-26,18.5576,32.1789,5.2226,0.1331,0.223,5.265,11.828,0
2011-11-26,18.4385,32.598,5.1436,0.1113,0.20800000000000002,4.687,9.369,0
2011-11-27,18.6039,32.5854,5.2244,0.1549,0.361,4.368,9.189,0
2011-11-27,20.4229,33.8768,4.977,0.1682,0.133,4.822,8.753,0
2011-11-27,20.4081,33.9786,4.8642,0.1647,0.114,3.7510000000000003,9.94,0
2011-11-27,20.3048,33.9711,4.7426,1.8827,0.11699999999999999,6.2139999999999995,11.043,0
2011-11-27,20.864,34.116,4.7163,0.15,0.301,5.001,9.605,0
2011-11-27,21.4298,33.94,4.6289,0.1457,0.523,2.526,6.1179999999999986,0
2011-11-27,21.7672,34.1434,4.8296,0.1584,0.502,1.265,4.398,0
2011-11-27,22.5717,34.2335,4.8293,0.1043,0.35,0.5,2.625,0
2011-12-06,12.66,32.23,5.7961,0.2316,0.1248,3.924,12.7651,0
2011-12-06,12.05,32.22,,,,,,0
2011-12-06,12.42,32.57,5.6383,0.3905,0.1104,4.706,9.885,0
2011-12-06,12.24,32.61,,,,,,0
2011-12-06,11.91,32.49,5.6526,0.439,0.4491,5.278,11.0404,0
2011-12-06,12.07,32.14,,,,,,0
2011-12-06,12.14,31.94,5.8104,0.1173,0.442,4.4110000000000005,7.6312,0
2011-12-06,12.78,32.1,5.8535,,,,,0
2011-12-07,12.8,32.38,5.9128,,,,,0
2011-12-07,12.92,32.29,5.8965,0.4952,0.3723,4.342,6.3034,0
2011-12-07,12.84,32.66,,,,,,0
2011-12-07,12.48,32.73,5.6383,0.1579,0.5867,4.874,8.4683,0
2011-12-07,12.6,32.93,,,,,,0
2011-12-07,12.55,32.82,5.4805,0.6882,0.1611,10.076,9.371,0
2011-12-07,12.61,32.84,,,,,,0
2011-12-07,12.92,32.86,5.4087,0.4539,0.1843,6.604,8.8304,0
2011-12-07,12.78,32.68,,,,,,0
2011-12-07,12.47,32.54,6.0829999999999975,0.461,0.5162,5.478,8.3147,0
2011-12-12,11.06,32.66,6.1404,0.1108,0.5835,5.234,14.5439,0
2011-12-12,12.26,32.85,,,,,,0
2011-12-12,12.4,32.89,5.6957,0.4758,0.2962,5.167000000000002,10.4749,0
2011-12-12,12.22,32.9,,,,,,0
2011-12-12,12.17,32.8995,5.1218,0.4787,0.1552,8.779,7.7414,0
2011-12-12,11.92,32.87,,,,,,0
2011-12-12,12.9749,34.022,3.8719,0.3323,0.3214,4.5571,7.8464,0
2011-12-12,12.8638,34.0349,7.8888,,,,,0
2011-12-12,11.8958,32.82,5.6239,0.0569,0.2221,4.566,4.9503,0
2011-12-12,11.5151,33.901,6.6661,0.3355,0.4214,5.9429,9.8143,0
2011-12-12,11.93,32.78,,,,,,0
2011-12-12,11.99,32.69,5.9395,0.1031,0.5587,5.403,7.4122,0
2011-12-12,14.5433,34.1318,6.3338,,,,,0
2011-12-12,11.86,32.58,5.9826,,,,,0
2011-12-12,13.0107,34.089,,0.4129,0.4429,6.3714,10.5,0
2011-12-13,12.39,32.62,5.9682,,,,,0
2011-12-13,16.2358,34.2051,6.3444,,,,,0
2011-12-13,12.3,32.58,5.8678,1.4266,0.5028,4.854,7.9517,0
2011-12-13,16.3799,34.2318,6.1215,0.3387,0.6786,5.6643,6.7786,0
2011-12-13,12.22,32.62,,,,,,0
2011-12-13,12.21,32.65,5.7387,0.5401,0.24100000000000002,4.2669999999999995,5.5431,0
2011-12-13,11.94,32.72,,,,,,0
2011-12-13,12.01,32.71,5.6670000000000025,0.6945,0.2626,6.494,6.8277,0
2011-12-13,12.48,32.79,,,,,,0
2011-12-13,14.4568,34.0372,5.8559,0.3387,0.5929,5.05,6.8393,0
2011-12-13,11.83,32.78,5.9969,0.4029,0.0682,8.923,9.1325,0
2011-12-13,15.8008,34.1954,5.2881,,,,,0
2011-12-13,10.99,32.69,,,,,,0
2011-12-13,16.0014,34.2356,5.6458,0.3516,0.6,5.4071,6.975,0
2011-12-13,12.27,32.73,5.7674,0.449,0.1493,6.1320000000000014,12.1104,0
2011-12-13,15.817,34.2255,5.6031,,,,,0
2011-12-13,16.3335,34.2271,5.2662,0.3774,0.6786,5.4143,6.4571,0
2011-12-13,17.6006,34.2247,5.8783,,,,,0
2011-12-13,13.7385,34.1047,6.7483,0.4226,0.5429,6.7571,9.6821,0
2011-12-13,14.4652,34.1341,,,,,,0
2011-12-13,12.9752,34.0233,5.8143,0.3806,0.5929,6.8857,10.2857,0
2011-12-13,12.6006,33.8993,4.3415,,,,,0
2011-12-14,12.8722,33.8935,4.0922,,,,,0
2011-12-14,14.4332,34.1155,6.1445,0.3387,0.5929,6.1214,9.4893,0
2011-12-14,15.6679,34.1325,6.3428,,,,,0
2011-12-14,16.7285,34.1419,6.4095,0.2968,0.7857,4.8429,7.4536,0
2011-12-14,17.3824,34.1971,6.5521,,,,,0
2011-12-14,15.792,34.239000000000004,,0.4,0.5214,6.5286,8.3607,0
2011-12-14,12.51,32.84,,,,,,0
2011-12-14,17.0577,34.2514,5.4581,,,,,0
2011-12-14,13.82,32.79,5.6383,0.3227,0.6416,5.699,4.3515,0
2011-12-14,13.3,32.59,,,,,,0
2011-12-14,15.9428,34.2255,5.8295,0.3258,0.6643,5.75,6.8643,0
2011-12-14,12.94,32.36,5.9252,0.196,0.4271,7.712999999999999,3.227,0
2011-12-14,16.0439,34.2344,5.8736,,,,,0
2011-12-14,13.19,32.46,5.8535,,,,,0
2011-12-14,16.0341,34.2296,6.3586,0.32899999999999996,0.6643,5.5214,6.5857,0
2011-12-14,15.8806,34.2031,6.6728,0.3097,0.7214,5.2643,7.4964,0
2011-12-14,14.08,32.48,5.7243,0.0574,0.1015,4.067,5.9662,0
2011-12-14,14.97,33.04,,,,,,0
2011-12-14,17.4687,34.2088,6.1994,,,,,0
2011-12-14,14.23,33.08,5.3083,0.1193,0.1499,7.0710000000000015,4.9667,0
2011-12-14,17.5861,34.2173,5.8175,0.2419,0.7929,4.8429,6.2821,0
2011-12-14,14.51,33.32,,,,,,0
2011-12-14,13.07,33.0,5.5091,0.231,0.0975,6.232,8.6085,0
2011-12-14,17.5121,34.2478,6.7696,,,,,0
2011-12-14,13.29,32.94,,,,,,0
2011-12-14,13.44,33.08,5.4087,0.7598,0.2192,14.88,7.4425,0
2011-12-14,17.327,34.2066,,0.2419,0.7929,4.85,6.05,0
2011-12-14,15.79,33.68,,,,,,0
2011-12-14,17.5983,34.2465,,,,,,0
2011-12-15,16.9359,34.1568,,0.3194,0.7214,6.0357,8.6607,0
2011-12-15,16.41,34.1675,3.4075,,,,,0
2011-12-15,16.2212,34.1282,4.7422,,,,,0
2011-12-19,16.3373,34.2019,4.673,0.253,0.423,5.88,12.317,0
2011-12-19,16.3473,34.202,,,,,,0
2011-12-19,16.9321,34.2617,5.0695,0.231,0.387,3.315,8.529,0
2011-12-19,17.3272,34.2609,4.8996,0.198,0.275,3.0780000000000003,8.684,0
2011-12-19,15.336,34.0082,,,,,,0
2011-12-19,15.4361,34.0252,5.1262,0.392,0.485,5.742000000000001,13.743,0
2011-12-19,14.5517,33.8884,,,,,,0
2011-12-19,14.3243,33.8429,5.2395,0.49,0.929,6.7379999999999995,15.713,0
2011-12-19,14.1631,33.842,,,,,,0
2011-12-19,12.9461,33.6312,,,,,,0
2011-12-19,16.6162,34.3395,6.1136,,,,,0
2011-12-19,16.5982,34.3173,4.8438,,,,,0
2011-12-19,16.9742,34.3206,3.8694,0.3194,0.6857,6.1929,8.5607,0
2011-12-19,14.7497,33.8238,,,,,,0
2011-12-20,17.184,34.3729,5.5762,,,,,0
2011-12-20,16.9651,34.256,5.0129,0.311,0.345,3.9130000000000003,8.658,0
2011-12-20,17.4328,34.3008,5.075,0.3323,0.7071,5.1857,6.4786,0
2011-12-20,17.7331,34.339,,,,,,0
2011-12-20,18.0008,34.3104,,,,,,0
2011-12-20,17.6249,34.3411,3.8378,,,,,0
2011-12-20,19.4037,34.4184,4.6447,0.133,0.475,1.78,5.15,0
2011-12-20,17.221,34.2872,5.1724,0.2677,0.7929,4.9357,6.8679,0
2011-12-20,17.3062,34.3166,,,,,,0
2011-12-20,16.5805,34.224000000000004,4.8772,,,,,0
2011-12-20,16.4526,34.274,4.6447,0.426,0.258,6.6960000000000015,13.101,0
2011-12-20,16.395,34.2437,5.0728,0.3258,0.7571,5.9429,7.4143,0
2011-12-20,12.9094,33.4697,,,,,,0
2011-12-20,12.9888,33.6604,5.5227,0.35,0.968,4.788,15.19,0
2011-12-20,12.1894,33.3606,,,,,,0
2011-12-20,12.4105,33.6026,,,,,,0
2011-12-20,16.9633,34.2114,5.3198,,,,,0
2011-12-20,12.2019,33.4401,,,,,,0
2011-12-20,11.3746,33.2619,5.8342,0.391,0.557,6.2970000000000015,18.061,0
2011-12-20,16.8599,34.2154,4.9709,0.2742,0.8786,5.1214,6.4429,0
2011-12-20,12.7363,33.3757,,,,,,0
2011-12-20,17.4275,34.2971,5.0304,,,,,0
2011-12-20,16.5349,34.1745,4.7014,0.318,0.21,5.102,10.765,0
2011-12-20,18.5182,34.3439,,,,,,0
2011-12-20,17.4809,34.387,4.9653,0.3194,0.5643,5.8286,8.2714,0
2011-12-20,18.5741,34.3157,5.0129,0.218,0.639,3.122,6.867000000000001,0
2011-12-20,18.2845,34.284,4.5881,0.20800000000000002,0.7140000000000001,2.7960000000000003,7.077000000000001,0
2011-12-20,16.8475,34.2783,5.1095,,,,,0
2011-12-20,19.3839,34.3741,,,,,,0
2011-12-20,16.3408,34.2523,5.9289,0.3419,0.6357,6.1429,8.9857,0
2011-12-20,15.6903,34.2316,3.6239,,,,,0
2011-12-20,15.544,34.2381,3.1641,,,,,0
2011-12-20,19.1005,34.3655,4.8713,0.14400000000000002,0.922,2.748,5.645,0
2011-12-20,15.795,34.2274,3.2233,,,,,0
2011-12-20,19.1603,34.3404,,,,,,0
2011-12-20,15.9713,34.2247,3.7301,,,,,0
2011-12-20,16.0815,34.2393,4.9418,0.5226,0.5429,9.6429,13.4786,0
2011-12-20,16.8559,34.2688,5.5646,,,,,0
2011-12-20,17.0017,34.2477,5.0193,0.4,0.4714,6.5286,9.6857,0
2011-12-21,16.6884,34.2641,6.0723,,,,,1
2011-12-21,17.586,34.3087,4.6455,,,,,1
2011-12-21,17.5671,34.3012,5.3564,0.2839,0.7714,5.0571,7.3143,1
2011-12-21,17.8093,34.3675,4.0653,,,,,1
2011-12-21,16.9323,34.2991,3.4751,0.6806,0.3357,10.6286,14.6393,1
2011-12-21,20.2034,34.4298,4.8713,0.223,0.401,1.8430000000000002,3.59,1
2011-12-21,19.8933,34.3917,,,,,,1
2011-12-21,19.3768,34.3052,4.758,0.174,0.528,2.211,5.8039999999999985,1
2011-12-21,18.7833,34.2645,,,,,,1
2011-12-21,18.6403,34.257,4.8713,0.204,0.629,2.356,7.438,1
2011-12-24,15.5,33.13,5.2222,,,,,0
2011-12-27,17.6485,34.3532,,,,,,0
2011-12-27,17.0675,34.3657,4.8713,0.307,0.375,4.434,11.528,0
2011-12-28,16.9024,34.3739,,,,,,0
2011-12-28,17.0112,34.2761,5.1828,0.363,0.142,4.953,12.651,0
2011-12-28,16.8291,34.2784,,,,,,0
2011-12-28,15.3187,33.9162,,,,,,0
2011-12-28,15.356,33.9206,5.2961,0.289,0.12,4.434,11.765999999999998,0
2011-12-28,15.5165,33.926,,,,,,0
2011-12-28,15.422,34.0868,5.0979,0.44299999999999995,1.258,4.908,12.095,0
2011-12-28,15.6073,34.1045,,,,,,0
2011-12-28,16.0868,34.2275,5.0695,0.33899999999999997,0.16399999999999998,4.638999999999999,14.008,0
2011-12-28,16.4967,34.2794,,,,,,0
2011-12-28,16.9018,34.3492,4.9279,0.35600000000000004,0.263,4.56,11.752,0
2011-12-28,16.8148,34.3729,,,,,,0
2011-12-28,16.6972,34.348,5.0129,0.41,0.188,6.013999999999999,10.815,0
2011-12-28,16.5733,34.3314,,,,,,0
2011-12-28,14.9408,34.0414,5.2678,0.433,0.17800000000000002,6.922999999999999,11.017,0
2011-12-28,12.7891,33.5334,,,,,,0
2012-02-03,16.5867,34.576,5.1358,0.3871,0.4571,4.3786,5.2536,0
2012-02-03,16.6408,34.5229,4.9381,0.3645,0.2357,4.8,7.7821,0
2012-02-03,16.5085,34.5715,5.3611,0.2806,0.3286,3.4357,5.3607,0
2012-02-03,16.1904,34.4961,4.1201,0.3194,0.0857,4.2143,6.7536,0
2012-02-03,16.0955,34.5354,4.938,0.2968,0.0643,3.9286,5.9786,0
2012-02-04,15.0889,34.2655,2.9346,0.4484,0.0786,5.9286,9.4321,0
2012-02-04,14.2197,34.2093,3.9509,0.4677,0.0786,6.2071,10.1643,0
2012-02-04,13.816,34.2168,5.3613,0.4645,0.0929,5.9714,10.2357,0
2012-02-04,11.5203,33.705,5.7845,0.4516,0.0929,5.7643,9.8286,0
2012-02-04,9.4539,32.518,5.9254,0.3968,0.0857,6.5286,10.4679,0
2012-02-04,9.1547,32.3636,6.2932,0.4903,0.0929,8.6929,13.6,0
2012-02-04,9.9237,33.0218,6.0957,0.5194,0.1357,8.1071,11.4107,0
2012-02-04,10.2579,32.8774,6.2358,0.4839,0.1071,7.9929,10.9679,0
2012-02-04,3.1858,31.8866,7.5893,0.6058,0.0205,13.3619,8.7119,0
2012-02-04,10.0528,32.4895,6.0668,0.4355,0.1143,7.1071,11.0357,0
2012-02-04,3.0365,31.9218,,,,,,0
2012-02-04,10.2525,32.7965,6.2925,0.4323,0.1071,6.6,10.3821,0
2012-02-04,4.3034,32.2094,7.4145,0.1819,0.0305,8.4651,4.9092,0
2012-02-04,13.8961,34.1668,5.7843,0.4419,0.1,5.5786,9.8929,0
2012-02-04,3.9568,32.0888,,,,,,0
2012-02-04,14.4853,34.1519,5.6734,0.4645,0.1143,5.9929,9.9214,0
2012-02-04,5.9488,32.4564,7.0212,0.3835,0.1236,9.8752,7.0575,0
2012-02-04,6.6389,32.5257,,,,,,0
2012-02-04,14.8312,34.1173,5.6441,0.4484,0.1071,5.8357,9.5321,0
2012-02-04,6.6819,32.5261,6.7736,0.1872,0.0047,6.8548,4.2348,0
2012-02-04,15.3324,34.1607,5.5871,0.4581,0.1,6.3286,10.0,0
2012-02-05,6.7429999999999986,32.3953,6.6862,,,,,0
2012-02-05,16.4386,34.4627,5.3618,0.3129,0.2071,4.1,7.0071,0
2012-02-05,17.6329,34.536,5.1073,0.2065,0.2357,2.45,4.5893,0
2012-02-05,7.0991,32.6201,6.424,,,,,0
2012-02-05,17.9322,34.5855,5.2486,0.1968,0.2929,2.3714,4.05,0
2012-02-05,7.1378,32.521,6.5551,0.3092,0.0231,2.4624,6.9229,0
2012-02-05,7.2609,32.8027,,,,,,0
2012-02-05,6.2855,32.6881,6.7299,0.3155,0.0072,7.809,6.8211,0
2012-02-05,17.2241,34.5128,5.2205,0.2839,0.25,3.7429,5.8,0
2012-02-05,6.0576,32.7017,,,,,,0
2012-02-05,5.8756,32.6209,6.8901,0.3232,0.0687,5.1915,6.4528,0
2012-02-05,15.8431,34.2829,5.5605,0.4323,0.1429,5.6214,9.45,0
2012-02-05,4.3051,32.3114,,,,,,0
2012-02-05,15.0475,34.031,5.5029,0.4968,0.1643,6.8071,10.95,0
2012-02-05,7.8762,34.2016,6.1996,0.5806,0.3786,7.3857,8.7357,0
2012-02-05,4.7592,32.3662,7.2397,0.8182,0.0229,12.2621,8.2139,0
2012-02-05,8.1332,34.1855,,,,,,0
2012-02-05,5.3641,32.5381,,,,,,0
2012-02-05,14.4421,34.1168,5.6997,0.3645,0.15,4.2429,7.5821,0
2012-02-05,8.7144,34.1876,6.8475,0.5806,0.3286,7.4643,8.1107,0
2012-02-05,4.3147,32.218,6.9338,0.3925,0.5345,12.1206,8.2541,0
2012-02-05,13.9237,34.0862,5.7847,0.4097,0.1357,5.15,8.75,0
2012-02-05,9.005,34.1989,,,,,,0
2012-02-05,12.7325,33.7667,5.9554,0.4387,0.0857,5.75,9.5036,0
2012-02-05,4.4106,32.2484,7.2834,0.2528,0.1423,8.946,6.5007,0
2012-02-05,7.7703,34.1204,6.5905,0.5032,0.3214,6.5857,7.4,0
2012-02-05,11.8861,33.4491,5.9264,0.4452,0.0786,6.15,9.9179,0
2012-02-05,5.5668,32.6017,,,,,,0
2012-02-05,10.8901,33.0786,6.2649,0.4226,0.0857,6.2714,10.2821,0
2012-02-05,6.2041,32.8454,7.1815,0.3484,0.2012,9.2454,9.3291,0
2012-02-05,7.241,34.1046,,,,,,0
2012-02-05,6.6385,32.91,,,,,,0
2012-02-05,10.2435,32.489000000000004,6.1796,0.4645,0.0786,7.7857,11.4214,0
2012-02-05,7.3697,34.1478,6.7693,0.5903,0.3,8.1714,8.9321,0
2012-02-05,10.3695,32.634,6.2360000000000015,0.429,0.0786,6.8714,10.9643,0
2012-02-05,10.0162,34.2677,6.948,0.5742,0.3357,7.6286,8.8143,0
2012-02-06,6.7735,32.947,6.7445,0.639,0.0589,10.9436,10.0069,0
2012-02-06,6.6835,32.9058,,,,,,0
2012-02-06,7.8689,34.1447,,,,,,0
2012-02-06,6.8609,32.9501,6.8464,0.3438,0.2968,7.6322,6.6949,0
2012-02-06,7.2096,32.9728,,,,,,0
2012-02-06,8.0795,34.1785,6.356,0.5774,0.3786,7.6571,8.5643,0
2012-02-06,7.2829,32.7817,6.7882,0.1387,0.0807,7.356,5.4507,0
2012-02-06,9.8335,34.2603,,,,,,0
2012-02-06,7.1215,32.5257,6.6425,,,,,0
2012-02-06,10.2844,34.2845,,0.5452,0.35,7.6071,8.8179,0
2012-02-06,7.519,32.7645,6.5697,,,,,0
2012-02-06,10.3777,34.2818,,,,,,0
2012-02-06,7.443,32.7807,6.6279,0.4207,0.1457,10.0904,9.8865,0
2012-02-06,7.8715,33.0105,,,,,,0
2012-02-06,8.044,34.192,6.6687,0.5484,0.4071,7.2214,8.3607,0
2012-02-06,7.6966,33.0107,6.4823,0.6581,0.0886,16.2728,13.9238,0
2012-02-06,7.4742,33.0734,,,,,,0
2012-02-06,8.1858,34.1862,,,,,,0
2012-02-06,7.5479,33.1457,6.526,0.7093,0.0581,22.8837,20.0408,0
2012-02-06,8.3147,34.1947,6.1996,0.5484,0.3643,7.3643,8.4536,0
2012-02-06,8.1698,34.2012,,,,,,0
2012-02-06,7.2812,33.0914,,,,,,0
2012-02-06,5.8057,32.8157,7.0649,0.9194,0.2027,7.4068,16.3758,0
2012-02-06,4.4426,32.6933,,,,,,0
2012-02-06,5.7955,32.8631,7.0795,0.2061,0.0073,12.3467,14.1832,0
2012-02-11,9.4868,34.2616,,,,,,0
2012-02-11,9.8051,34.2848,6.422999999999999,0.5419,0.3429,8.2071,8.8464,0
2012-02-11,10.3213,34.3028,,,,,,0
2012-02-11,10.1361,34.3088,6.3783,0.5645,0.3643,7.4857,9.0857,0
2012-02-11,6.5132,32.9608,,,,,,0
2012-02-11,7.5485,32.9636,6.7008,0.8794,0.0746,11.1077,15.032,0
2012-02-11,7.5448,32.9716,,,,,,0
2012-02-11,7.5086,32.9967,6.8173,0.4668,0.16399999999999998,12.1916,12.6725,0
2012-02-11,7.5461,32.7184,6.759,,,,,0
2012-02-12,8.4995,33.0102,6.9047,,,,,0
2012-02-12,8.3619,32.9632,6.7153,0.4893,0.0652,5.0977,6.5069,0
2012-02-12,8.3793,33.0744,,,,,,0
2012-02-12,8.1741,33.0108,6.5697,0.6769,0.0358,7.2223,14.7705,0
2012-02-12,8.0799,33.0544,,,,,,0
2012-02-12,7.4985,33.009,6.8464,0.3722,0.1185,14.644,16.0858,0
2012-02-12,7.1336,33.1991,,,,,,0
2012-02-12,7.7084,33.0755,6.9193,0.7977,0.0312,15.5482,12.3045,0
2012-02-12,10.5971,33.9934,,,,,,0
2012-02-12,11.0446,34.3137,,,,,,0
2012-02-12,10.5308,34.2905,6.2554,0.5839,0.3571,8.1786,8.4143,0
2012-02-12,10.5188,34.2761,,,,,,0
2012-02-12,10.6358,34.309,6.1437,0.5355,0.3714,7.4857,8.4714,0
2012-02-12,9.2497,34.2779,,,,,,0
2012-02-12,9.9518,34.2899,6.3001,0.5742,0.4,9.6214,8.7429,0
2012-02-12,9.7481,34.2732,,,,,,0
2012-02-12,9.7878,34.2575,6.0544,0.5194,0.3571,7.0571,7.9143,0
2012-02-13,9.8481,34.2231,,,,,,0
2012-02-13,11.7301,34.385,,,,,,0
2012-02-13,10.9829,34.2969,5.898,0.5226,0.4643,7.45,7.5607,0
2012-02-13,11.5404,34.3041,,,,,,0
2012-02-13,11.5492,34.3404,6.1437,0.5548,0.4714,8.4357,8.2714,0
2012-02-13,10.9376,34.3141,,,,,,0
2012-02-13,8.5054,34.2398,6.4453,0.5484,0.3929,7.7143,8.8536,0
2012-02-13,10.3293,34.2979,,,,,,0
2012-02-13,10.3738,34.2924,6.0209,0.5839,0.3857,8.1143,8.3214,0
2012-02-13,11.0929,34.3172,,,,,,0
2012-02-13,10.5669,34.3563,6.2554,0.5903,0.6143,7.9214,9.2893,0
2012-02-13,10.4621,34.3496,,,,,,0
2012-02-13,10.7842,34.3542,,,,,,0
2012-02-13,10.6446,34.3394,,,,,,0
2012-02-13,10.6262,34.3466,,,,,,0
2012-02-13,10.8392,34.3654,6.2331,0.5806,0.6071,7.7286,8.8393,0
2012-02-14,10.9987,34.3111,,,,,,0
2012-02-14,11.172,34.336,5.9091,0.5452,0.5,7.5857,8.1893,0
2012-02-14,10.8627,34.3205,,,,,,0
2012-02-14,13.1275,34.4688,5.8645,0.4839,0.75,6.3429,6.4464,0
2012-02-14,11.8565,34.3048,,,,,,0
2012-02-14,11.9026,34.3105,6.032,0.5613,0.3786,8.2571,8.5071,0
2012-02-14,11.8632,34.3001,,,,,,0
2012-02-14,13.2372,34.4574,6.2889,0.5161,0.9714,6.2643,7.0321,0
2012-02-14,12.3852,34.4018,,,,,,0
2012-02-14,12.9721,34.4567,5.9091,0.4903,0.8214,5.95,6.675,0
2012-02-14,11.2015,34.3501,,,,,,0
2012-02-14,11.5507,34.3848,6.0879,0.4742,0.5786,6.8857,6.9857,0
2012-02-14,11.1691,34.3534,,,,,,0
2012-02-14,11.2597,34.3608,,,,,,0
2012-02-14,11.6981,34.3726,,,,,,0
2012-02-14,11.9133,34.3861,,,,,,0
2012-02-14,13.3857,34.4576,5.7528,0.5129,0.6929,6.5571,7.0429,0
2012-02-14,13.7313,34.4818,,,,,,0
2012-02-14,13.4572,34.4577,5.7863,0.4548,0.5071,5.9643,6.6,0
2012-02-15,13.6072,34.4853,,,,,,0
2012-02-15,13.9738,34.504,,,,,,0
2012-02-15,14.1385,34.5124,5.6634,0.4387,0.45,5.5429,6.1643,0
2012-02-15,12.9527,34.4191,,,,,,0
2012-02-15,12.4036,34.389,5.9985,0.529,0.5143,6.5786,7.4857,0
2012-02-19,12.0907,34.4164,5.7714,0.236,0.473,5.016,10.226,0
2012-02-19,12.6209,34.4426,,,,,,0
2012-02-19,14.2162,34.5697,5.8286,0.0898,0.41100000000000003,3.259,8.321,0
2012-02-19,12.7232,34.5038,5.8571,0.1273,0.369,4.588,9.41,0
2012-02-19,13.5584,34.556999999999995,,,,,,0
2012-02-19,12.8605,34.5156,5.8571,0.1483,0.414,3.1719999999999997,8.38,0
2012-02-19,10.4539,34.3731,,,,,,0
2012-02-20,11.4455,34.4223,5.9429,0.1355,0.322,2.813,11.372,0
2012-02-20,10.3666,34.3749,,,,,,0
2012-02-20,9.9194,34.3537,,,,,,0
2012-02-20,10.8807,34.399,,,,,,0
2012-02-20,12.9696,34.5205,5.7714,0.1498,0.36200000000000004,3.6519999999999997,11.091,0
2012-02-20,15.0586,34.5674,,,,,,0
2012-02-20,15.1185,34.5759,,,,,,0
2012-02-20,15.2444,34.5714,5.6,0.13699999999999998,0.46399999999999997,3.341,6.322,0
2012-02-20,14.7578,34.5776,,,,,,0
2012-02-20,12.7615,34.5103,5.8571,0.3418,0.301,4.647,8.014,0
2012-02-20,11.6878,34.437,,,,,,0
2012-02-20,10.3423,34.36,5.6,0.1595,0.318,2.9730000000000003,6.391,0
2012-02-20,10.7765,34.4307,,,,,,0
2012-02-20,9.3363,34.3258,,,,,,0
2012-02-20,9.7992,34.343,,,,,,0
2012-02-20,10.137,34.371,5.7714,0.2705,0.41,4.553999999999999,8.648,0
2012-02-20,11.6117,34.3963,,,,,,0
2012-02-20,15.0363,34.5401,5.5429,0.1648,0.213,3.755,7.1160000000000005,0
2012-02-20,15.3265,34.5541,,,,,,0
2012-02-20,14.5674,34.5069,5.6,0.0898,0.231,3.1069999999999998,7.605,0
2012-02-20,15.6685,34.5324,5.4286,0.0568,0.171,3.1439999999999997,10.429,0
2012-02-20,15.4921,34.5428,,,,,,0
2012-02-21,15.5279,34.5746,5.0571,0.1558,0.32,4.083,12.288,0
2012-02-21,15.6479,34.5612,,,,,,0
2012-02-21,16.1894,34.5725,4.8857,0.056,0.171,4.154,7.2,0
2012-02-21,15.7804,34.542,,,,,,0
2012-02-21,16.1121,34.5618,5.1714,0.032,0.2,2.806,5.812,0
2012-02-21,16.4233,34.5683,,,,,,0
2012-02-21,16.1226,34.5288,5.2857,0.0388,0.17300000000000001,2.653,5.65,0
2012-02-28,14.7243,34.5078,,,,,,0
2012-02-28,14.3812,34.4719,5.6857,0.1513,0.309,3.714,7.8370000000000015,0
2012-02-28,14.1437,34.5562,,,,,,0
2012-02-28,13.2549,34.2943,5.6286,0.2188,0.188,4.566,13.276,0
2012-02-28,12.5894,34.2554,,,,,,0
2012-02-28,11.681,34.4495,,,,,,0
2012-02-28,11.6264,34.2896,5.8,0.2765,0.188,5.346,11.387,0
2012-02-28,12.0179,34.2636,,,,,,0
2012-02-28,12.4626,34.2836,5.8,0.2623,0.125,4.744,10.093,0
2012-02-28,12.4172,34.3013,,,,,,0
2012-02-28,12.8017,34.3267,5.7714,0.3148,0.18899999999999997,5.1979999999999995,14.514,0
2012-02-28,12.8794,34.3667,,,,,,0
2012-03-01,14.2438,34.4976,,,,,,0
2012-03-01,12.9642,34.4082,5.7429,0.2518,0.35700000000000004,5.151,13.140999999999998,0
2012-03-01,12.9842,34.4397,4.2857,0.26,0.26899999999999996,4.622,10.099,0
2012-03-01,11.9241,34.355,,,,,,0
2012-03-01,13.2,34.4758,5.5429,0.2203,0.281,3.214,8.436,0
2012-03-01,12.3776,34.4254,,,,,,0
2012-04-07,4.3052,31.731,7.5092,0.3932,0.1164,9.0084,7.9917,0
2012-04-07,4.6296,31.6811,,,,,,0
2012-04-07,4.3947,31.8559,7.665,0.3233,0.0759,7.1994,5.8306,0
2012-04-07,4.8661,31.9282,,,,,,0
2012-04-07,9.6664,34.2992,6.1772,0.2484,0.2857,2.9571,4.4286,0
2012-04-07,10.6861,34.4324,,,,,,0
2012-04-07,5.9599,32.2552,7.5517,0.7809,0.157,7.8034,2.6901,0
2012-04-07,11.0466,34.4685,6.1884,0.2581,0.3786,4.5714,4.6429,0
2012-04-07,6.1553,32.3492,,,,,,0
2012-04-07,6.54,32.3661,7.3675,0.2291,0.0093,3.3894,2.0134,0
2012-04-07,11.2609,34.4749,,,,,,0
2012-04-07,11.6539,34.5025,6.032,0.2258,0.3929,2.4214,3.5036,0
2012-04-07,7.0397,32.5429,7.24,,,,,0
2012-04-07,7.3207,34.187,,,,,,0
2012-04-07,6.635,32.4991,7.3533,,,,,0
2012-04-07,7.2435,34.1922,6.6576,0.3387,0.3143,7.8857,6.2964,0
2012-04-07,6.6273,32.5595,7.2542,0.8205,0.1149,5.6874,8.9212,0
2012-04-07,6.5427,32.6744,,,,,,0
2012-04-07,6.0857,32.501999999999995,7.8917,0.2363,0.1347,6.0885,4.2068,0
2012-04-08,6.2621,32.5578,,,,,,0
2012-04-08,5.4809,32.2267,7.6225,0.2142,0.0714,6.3517,4.2079,0
2012-04-08,4.8268,32.1236,,,,,,0
2012-04-08,9.0365,34.3199,6.2889,0.3194,0.2714,5.0643,6.0321,0
2012-04-08,4.8386,32.1798,7.3817,0.4713,0.0875,8.3108,5.6584,0
2012-04-08,9.7992,34.3732,,,,,,0
2012-04-08,7.9074,34.2398,6.5347,0.3065,0.25,5.4786,6.725,0
2012-04-08,4.864,32.1011,,,,,,0
2012-04-08,5.2084,32.0144,7.2825,0.3448,0.0508,8.3448,3.4578,0
2012-04-08,7.2005,34.1897,,,,,,0
2012-04-08,7.2861,34.1859,6.6576,0.0194,0.1,6.5214,0.5857,0
2012-04-08,9.1822,34.3272,,,,,,0
2012-04-08,9.471,34.3377,6.3671,0.2581,0.3429,6.0214,5.2036,0
2012-04-08,10.9279,34.4346,,,,,,0
2012-04-08,10.3665,34.1531,6.2443,0.1161,0.2,2.8857,1.5821,0
2012-04-08,9.8623,34.0716,,,,,,0
2012-04-09,5.5324,32.0928,7.3392,0.4386,0.0246,8.2803,6.3408,0
2012-04-09,11.1896,34.3526,,,,,,0
2012-04-09,5.2865,32.1594,,,,,,0
2012-04-09,11.1733,34.3583,6.557,0.0806,0.1929,1.3786,1.45,0
2012-04-09,11.9346,34.4897,,,,,,0
2012-04-09,5.2488,32.2264,7.4384,0.614,0.0472,9.1195,6.6015,0
2012-04-09,11.8144,34.4522,5.9985,0.2129,0.3357,2.6643,3.5821,0
2012-04-09,5.6929,32.4547,,,,,,0
2012-04-09,6.414,32.6028,7.6084,0.2141,0.293,4.4235,2.0142,0
2012-04-09,12.4232,34.4898,,,,,,0
2012-04-09,6.8202,32.7113,,,,,,0
2012-04-09,11.1239,34.4189,6.7022,0.2903,0.2714,3.9357,5.6286,0
2012-04-09,7.1079,32.7919,7.155,0.6717,0.2014,10.3609,12.1348,0
2012-04-09,7.409,32.6273,,,,,,0
2012-04-09,12.3761,34.5073,,,,,,0
2012-04-09,7.7646,32.6293,7.24,0.4593,0.0889,6.5432,7.5354,0
2012-04-09,8.1512,32.6109,7.1408,,,,,0
2012-04-09,12.5235,34.5106,6.3336,0.1452,0.35,3.4143,2.8429,0
2012-04-09,12.4737,34.5183,,,,,,0
2012-04-09,7.865,32.7291,7.24,,,,,0
2012-04-09,12.1021,34.5065,6.1437,0.2194,0.4214,3.2571,3.9214,0
2012-04-09,7.9106,32.6537,7.8776,0.3268,0.1369,3.3113,4.2778,0
2012-04-09,7.6201,32.6866,,,,,,0
2012-04-09,6.9537,32.7994,7.1692,0.7274,0.1155,8.3645,9.6532,0
2012-04-10,6.9864,32.865,,,,,,0
2012-04-10,6.3014,32.7674,7.1267,0.6362,0.1053,10.1209,10.2487,0
2012-04-10,10.0553,34.3249,6.5794,0.2452,0.2286,4.0,3.5464,0
2012-04-10,5.8789,32.5418,,,,,,0
2012-04-10,6.7686,32.256,7.2117,0.207,0.0321,2.9801,1.5119999999999998,0
2012-04-10,10.6508,34.3815,,,,,,0
2012-04-10,11.9477,34.4612,6.3671,0.2,0.3214,2.5929,4.0107,0
2012-04-10,10.2134,34.3022,,,,,,0
2012-04-10,10.0053,34.3078,6.4453,0.3032,0.35,5.05,5.7214,0
2012-04-10,7.7887,33.1617,,,,,,0
2012-04-10,13.9051,34.5399,,,,,,0
2012-04-10,6.8706,32.9113,6.9708,0.769,0.0847,9.3798,8.1321,0
2012-04-10,13.6176,34.537,6.0767,0.1161,0.2929,3.1214,2.5893,0
2012-04-10,12.4479,34.4742,,,,,,0
2012-04-10,12.7869,34.4547,,,,,,0
2012-04-12,12.607,34.4385,,,,,,0
2012-04-12,12.7287,34.4437,,,,,,0
2012-04-12,12.7696,34.4251,6.1102,0.2581,0.4286,2.6357,4.4143,0
2012-04-12,13.8775,34.5408,,,,,,0
2012-04-12,13.4636,34.5328,6.1549,0.1419,0.2786,2.4857,3.1214,0
2012-04-12,11.6373,34.4485,,,,,,0
2012-04-12,11.4035,34.4235,6.0432,0.1194,0.1643,2.3286,3.225,0
2012-04-12,12.3803,34.4865,,,,,,0
2012-04-12,11.8523,34.4556,6.3001,0.1677,0.25,2.9214,3.575,0
2012-04-13,11.789,34.3733,,,,,,0
2012-04-13,14.1077,34.5472,,0.1839,0.3,5.5143,3.4214,0
2012-04-13,12.4101,34.4376,,,,,,0
2012-04-13,7.0593,32.9808,,,,,,0
2012-04-13,13.5116,34.5437,5.9203,0.1194,0.25,1.8286,2.9393,0
2012-04-13,7.5863,32.8379,7.5375,0.5051,0.1614,7.1691,8.9716,0
2012-04-13,13.8919,34.5293,,,,,,0
2012-04-13,7.8337,32.8242,,,,,,0
2012-04-13,13.2875,34.4158,6.3001,0.0742,0.1214,1.2286,1.8786,0
2012-04-13,13.1042,34.3922,,,,,,0
2012-04-13,7.8227,32.8419,7.325,0.6122,0.1358,9.7652,10.5085,0
2012-04-13,13.1231,34.4248,,,,,,0
2012-04-13,8.3217,32.8415,7.4525,,,,,0
2012-04-13,8.3856,32.9449,6.9991,,,,,0
2012-04-13,8.3018,32.9473,7.0133,0.573,0.0481,9.1917,9.3291,0
2012-04-13,8.0733,32.95,,,,,,0
2012-04-13,8.3928,33.1324,6.9991,0.3922,0.0731,9.7274,8.5026,0
2012-04-13,7.6851,33.21,,,,,,0
2012-04-13,7.7852,33.2504,7.07,0.4351,0.1103,9.9121,7.4467,0
2012-04-13,8.3103,33.2158,,,,,,0
2012-04-13,7.6898,33.1936,6.7299,0.4693,0.0532,8.4442,9.9732,0
2012-04-14,9.7495,33.7903,,,,,,0
2012-04-15,13.5235,34.3712,,,,,,0
2012-04-15,13.1542,34.3732,,,,,,0
2012-04-15,12.7342,34.3201,6.2778,0.2419,0.3714,4.3571,4.8929,0
2012-04-15,14.1019,34.4459,,,,,,0
2012-04-16,14.0688,34.421,6.2778,0.0129,0.1,1.65,1.7786,0
2012-04-16,14.203,34.4699,,,,,,0
2012-04-16,15.0323,34.4716,,,,,,0
2012-04-16,15.1029,34.4828,6.2219,0.0194,0.1214,1.0357,2.4821,0
2012-04-16,15.4029,34.4565,,,,,,0
2012-04-16,13.2605,34.3622,5.6411,0.329,0.4214,3.8929,6.5393,0
2012-04-16,13.3622,34.2438,6.0571,0.08900000000000001,0.267,2.949,5.033,0
2012-04-16,14.2397,33.9097,,,,,,0
2012-04-16,15.8438,34.4688,5.9143,0.05,0.10099999999999999,0.84,5.283,0
2012-04-16,15.4203,34.475,5.5429,0.077,0.35200000000000004,1.952,6.452000000000001,0
2012-04-17,15.547,34.4696,,,,,,0
2012-04-17,14.4234,34.4266,6.1714,0.025,0.078,0.72,4.88,0
2012-04-17,12.7461,34.4159,,,,,,0
2012-04-17,12.4654,34.2949,6.1429,0.054000000000000006,0.13699999999999998,0.971,2.436,0
2012-04-17,12.7241,34.2987,,,,,,0
2012-04-17,12.1756,34.156,,,,,,0
2012-04-17,13.4841,34.2772,,,,,,0
2012-04-17,15.8448,34.4705,5.3714,0.064,0.245,1.81,5.605,0
2012-04-17,15.599,34.4558,,,,,,0
2012-04-17,16.575,34.5091,,,,,,0
2012-04-17,16.1047,34.4564,5.5714,0.055,0.174,0.846,4.206,0
2012-04-17,15.6267,34.3947,,,,,,0
2012-04-17,15.4206,34.4257,5.4857,0.162,0.441,3.182,7.141,0
2012-04-17,15.4716,34.441,,,,,,0
2012-04-17,14.0507,34.2126,5.9429,0.165,0.51,3.5460000000000003,7.769,0
2012-04-17,13.239,34.1434,,,,,,0
2012-04-17,12.976,34.1986,,,,,,0
2012-04-17,11.8551,34.0366,,,,,,0
2012-04-17,12.4116,34.0556,5.9429,0.27,0.221,3.432,5.829,0
2012-04-17,13.6913,34.3188,,,,,,0
2012-04-17,14.9376,34.4343,5.9429,0.037000000000000005,0.319,1.574,4.185,0
2012-04-17,15.657,34.3894,,,,,,0
2012-04-17,14.9535,34.425,6.0571,0.024,0.19,0.61,3.935,0
2012-04-23,17.2459,34.3446,5.6286,0.014,0.214,1.273,2.9360000000000004,0
2012-04-23,17.7465,34.4494,,,,,,0
2012-04-23,17.4564,34.4981,5.3143,0.039,0.304,1.035,3.946,0
2012-04-23,17.6524,34.4757,,,,,,0
2012-04-23,19.1639,34.4309,5.2571,0.025,0.182,0.815,2.142,0
2012-04-23,18.674,34.3938,,,,,,0
2012-04-23,18.3333,34.4658,5.4,0.035,0.13699999999999998,0.61,2.208,0
2012-04-23,18.3975,34.4655,,,,,,0
2012-04-24,17.8367,34.4004,5.4857,0.03,0.131,0.496,2.625,0
2012-04-28,16.0443,34.1696,,,,,,0
2012-04-28,15.5025,34.0707,5.6571,0.013,0.155,0.713,1.471,0
2012-04-28,14.8846,33.9705,,,,,,0
2012-04-28,14.385,33.6131,6.2,0.012,0.128,0.413,1.76,0
2012-04-28,12.8942,32.6685,,,,,,0
2012-04-28,12.443,32.6328,,,,,,0
2012-04-28,12.95,33.2059,6.6857,0.028,0.17,0.544,4.296,0
2012-04-28,13.1573,33.4502,,,,,,0
2012-04-28,13.4613,33.7557,6.4857,0.028,0.233,1.087,7.875,0
2012-04-28,13.5446,33.4718,,,,,,0
2012-04-28,13.6758,33.6086,6.8286,0.026,0.135,0.541,0.416,0
2012-04-28,13.9252,33.7294,,,,,,0
2012-04-29,14.9957,34.0688,5.9429,0.034,0.121,0.544,1.7380000000000002,0
2012-04-29,15.4589,34.1511,,,,,,0
2012-04-29,15.2684,34.0718,5.9714,0.039,0.18,1.102,1.341,0
2012-04-29,14.6921,34.0488,,,,,,0
2012-04-29,13.5343,34.0691,6.0286,0.121,0.363,2.8110000000000004,4.731,0
2012-04-29,13.0424,33.9951,,,,,,0
2012-05-10,19.5999,34.1512,5.5049,,0.0286,0.1857,2.25,0
2012-05-10,17.5245,33.5791,5.8428,,,0.2143,4.8929,0
2012-05-10,16.2427,32.482,6.0385,,,1.3643,5.25,0
2012-05-10,16.3604,32.6776,6.0429999999999975,0.0323,0.0071,0.2786,5.8214,0
2012-05-10,16.2454,32.8178,3.6639,,0.0143,,4.5,0
2012-05-10,16.1665,32.9359,6.0968,0.0968,,1.5,2.3571,0
2012-05-10,16.1664,33.049,6.3254,,,0.0714,1.8929,0
2012-05-10,16.1694,33.0764,6.1542,0.0645,0.0429,1.4571,3.2143,0
2012-05-10,14.1171,32.947,6.4651,0.0968,0.0071,1.4929,5.4643,0
2012-05-10,14.3047,32.6962,6.5779,0.129,0.0071,2.9929,7.3929,0
2012-05-11,13.7718,31.5325,6.4659,0.0645,0.4357,3.35,9.5,0
2012-05-11,13.3899,32.8069,6.2418,0.2581,0.3286,2.1714,9.3214,0
2012-05-11,14.2153,32.9426,6.8325,,0.0571,0.3,5.2143,0
2012-05-11,15.5541,32.4957,6.351,,0.0286,0.1143,4.1429,0
2012-05-11,15.7746,32.3878,7.23,,0.0214,0.1929,9.7143,0
2012-05-11,16.0376,32.4084,6.0693,0.0323,0.0143,0.0571,4.1786,0
2012-05-11,15.6227,32.7158,5.93,0.0323,0.0143,0.2,6.2857,0
2012-05-11,18.5,34.0877,5.7894,,,,4.1429,0
2012-05-11,19.2287,34.1775,5.5074,,,0.4286,2.6786,0
2012-05-11,19.2326,34.1436,5.5346,0.0323,,0.2857,2.6429,0
2012-05-12,19.2001,33.8839,5.5645,,0.0071,0.2071,2.4643,0
2012-05-12,19.4401,34.0745,5.3898,,0.0571,0.1571,1.6071,0
2012-05-12,19.6949,34.2169,5.3957,0.0645,0.0286,0.4,2.1429,0
2012-05-12,18.7159,34.1616,5.5064,,,,,0
2012-05-12,18.6576,34.1255,5.5868,0.0645,0.0643,0.4357,4.5,0
2012-05-12,15.6014,32.6396,6.2078,,0.0323,12.3929,0.0357,0
2012-05-12,15.7267,32.5845,6.2109,,0.0286,0.1857,9.2143,0
2012-05-12,16.2496,32.6027,6.0441,,,,,0
2012-05-12,15.4563,32.1678,6.184,,0.0071,0.2786,2.75,0
2012-05-12,15.5654,32.1891,6.2388,0.0323,0.0071,1.2786,5.1071,0
2012-05-12,14.9303,32.673,6.6348,,0.0357,0.1071,10.1786,0
2012-05-12,13.5063,32.2457,6.4624,0.1935,0.2857,1.8571,14.4643,0
2012-06-06,11.720999999999998,31.662,7.0734,0.0401,0.1396,9.6171,0.8339,0
2012-06-06,12.319,31.72,,,,,,0
2012-06-06,19.9618,31.8652,6.9172,0.0229,0.0195,0.9209999999999999,0.7947,0
2012-06-06,20.6744,32.0023,,,,,,0
2012-06-06,18.7939,32.0583,6.5337,0.0119,0.0307,0.8523,0.598,0
2012-06-06,19.4185,32.5497,,,,,,0
2012-06-06,19.8087,32.7004,6.0223,0.1206,0.0191,4.7363,1.9827,0
2012-06-06,20.4278,32.6101,5.9229,,,,,0
2012-06-06,20.8895,32.7622,5.5678,,,,,0
2012-06-06,21.0185,32.8182,5.653,0.4313,0.0531,0.983,1.4356,0
2012-06-07,20.5163,32.7973,,,,,,0
2012-06-07,20.2454,32.3535,6.1786,0.1378,0.1009,0.8677,7.4816,0
2012-06-07,21.0802,32.2196,,,,,,0
2012-06-07,20.0285,32.1479,6.0649,0.0972,0.0353,0.8636,0.3422,0
2012-06-07,19.0063,32.2016,,,,,,0
2012-06-07,18.0459,32.1778,6.8319,0.2396,0.0293,0.9942,0.9331,0
2012-06-07,11.4972,32.0346,,,,,,0
2012-06-07,13.9298,31.8826,7.1160000000000005,0.2909,0.0381,0.8220000000000001,1.2192,0
2012-06-08,15.3956,31.6725,7.0166,0.1264,0.096,7.7604,1.5493,0
2012-06-08,12.2025,31.9819,,,,,,0
2012-06-08,20.4692,32.1686,6.8888,0.2881,0.0336,0.8573,0.8152,0
2012-06-08,20.2078,32.3672,,,,,,0
2012-06-08,21.8897,32.2309,5.653,0.4069,0.0543,1.6009,1.2493,0
2012-06-08,21.5854,32.1761,,,,,,0
2012-06-08,21.9723,32.6716,5.5820000000000025,0.1283,0.1408,0.9392,2.5373,0
2012-06-08,21.8681,32.6733,,,,,,0
2012-06-08,21.5958,32.6864,5.5678,0.0738,0.0325,1.8285,3.3039,0
2012-06-08,21.7141,32.8052,5.44,,,,,0
2012-06-08,21.7093,32.7838,5.5678,,,,,0
2012-06-09,21.825,32.8089,5.6104,0.1152,0.102,1.0055,3.3245,0
2012-06-09,22.0592,32.6024,,,,,,0
2012-06-09,21.75,32.4638,5.5962,0.1689,0.0274,1.0252,2.7764,0
2012-06-09,21.1375,32.5543,,,,,,0
2012-06-09,21.1,32.3696,5.8377,0.1369,0.0204,1.1471,0.7975,0
2012-06-09,19.8442,32.7115,,,,,,0
2012-06-09,17.1097,32.9998,5.5820000000000025,0.3815,0.2898,7.4317,4.1178,0
2012-06-09,13.6406,33.273,,,,,,0
2012-06-09,11.4353,32.8437,7.0734,0.2464,0.1619,5.5933,8.8669,0
2012-06-11,12.3644,32.8106,,,,,,0
2012-06-11,21.3697,32.6922,5.7241,0.1287,0.0413,1.2774,5.4068,0
2012-06-11,21.429,32.5953,,,,,,0
2012-06-11,21.4962,32.6419,5.6814,0.0252,0.253,0.9805,6.0841,0
2012-06-11,21.8351,32.7406,5.8093,,,,,0
2012-06-11,21.7878,32.0419,5.511,,,,,0
2012-06-11,21.6042,32.5026,5.511,0.0526,0.0953,2.9336,7.7358,0
2012-06-11,21.4561,32.4275,,,,,,0
2012-06-11,21.5003,32.2888,5.6814,0.0439,0.0772,1.6332,7.8568,0
2012-06-11,17.9253,32.6952,,,,,,0
2012-06-11,21.037,32.4056,5.7383,0.0728,0.1113,1.7302,5.0706,0
2012-06-11,21.1625,32.3162,,,,,,0
2012-06-12,21.0642,32.496,5.6246,0.0142,0.0218,1.3902,3.1281,0
2012-06-12,21.2032,32.5251,,,,,,0
2012-06-16,21.2439,33.1519,5.0282,,0.0714,0.5,3.9286,0
2012-06-16,20.7174,33.2316,5.2121,,,,,0
2012-06-16,20.7168,33.8043,5.0741,,0.0714,0.6429,4.3214,0
2012-06-16,20.9079,33.5683,5.0332,,,,,0
2012-06-17,21.0704,34.1486,5.0259,,,,,0
2012-06-17,20.9388,34.1175,5.0445,0.0323,0.0714,1.2143,4.2143,0
2012-06-17,20.5399,33.7317,5.0657,,,,,0
2012-06-17,20.9802,33.254,5.0352,,0.1429,0.2857,3.8929,0
2012-06-17,21.2192,33.3077,5.0234,,,,,0
2012-06-17,21.0556,33.2904,5.0519,,,,,0
2012-06-17,19.6796,33.5421,5.3055,,,,,0
2012-06-17,20.5673,33.4931,5.0986,,,,,0
2012-06-17,20.6931,33.7933,5.0764,0.9677,0.1643,19.8357,38.0714,0
2012-06-17,20.2916,33.5848,5.1637,,,,,0
2012-06-17,21.2308,33.154,5.0,0.0413,0.098,1.732,3.073,0
2012-06-17,21.4768,33.0288,,,,,,0
2012-06-17,21.0487,34.1249,5.0293,0.0323,0.0643,1.15,4.0714,0
2012-06-17,21.9325,33.115,4.8857,0.0377,0.076,0.20600000000000002,2.729,0
2012-06-17,20.9928,34.1404,5.0777,,,,,0
2012-06-17,21.3427,34.1478,5.0339,,0.05,0.0214,4.0357,0
2012-06-17,21.5081,33.0046,5.6,0.0199,0.134,0.4320000000000001,2.9530000000000003,0
2012-06-17,21.348000000000006,33.1216,,,,,,0
2012-06-17,21.4956,34.1966,5.0731,,,,,0
2012-06-17,21.4095,33.5389,5.2571,0.0331,0.11800000000000001,0.09,4.57,0
2012-06-17,20.8555,33.5986,,,,,,0
2012-06-17,20.6246,33.5382,5.6571,0.032,0.11,0.125,5.827000000000001,0
2012-06-17,21.4774,34.2195,5.0881,,0.05,0.3786,3.8571,0
2012-06-17,21.156,33.5218,,,,,,0
2012-06-17,20.6322,33.5704,,,,,,0
2012-06-17,21.5697,34.1479,5.0425,,,,,0
2012-06-17,21.3465,33.4502,,,,,,0
2012-06-17,21.5579,33.0936,5.3714,0.0437,0.163,0.22399999999999998,3.342,0
2012-06-17,21.1832,34.4108,5.0594,,0.0571,0.6571,4.2857,0
2012-06-17,22.0426,33.0989,,,,,,0
2012-06-18,21.0134,34.0372,5.0603,,,,,0
2012-06-18,22.2292,33.1397,,,,,,0
2012-06-18,21.2444,33.8909,5.0631,0.0323,0.1286,0.8714,4.1429,0
2012-06-18,22.0034,33.1885,4.5143,0.0345,0.08900000000000001,0.223,3.277,0
2012-06-18,21.004,33.4068,5.1832,,,,,0
2012-06-18,21.425,32.9093,,,,,,0
2012-06-18,20.395,33.4407,6.5069,0.0645,0.2357,2.1214,5.8214,0
2012-06-18,19.3722,33.7073,5.75,,,,,0
2012-06-18,21.8648,33.222,5.1429,0.0356,0.081,0.281,3.181,0
2012-06-18,18.9139,33.726,5.8443,,,,,0
2012-06-18,20.925,33.3003,,,,,,0
2012-06-18,20.6999,33.2569,,0.0323,0.12,0.469,4.001,0
2012-06-18,20.6483,33.2583,,,,,,0
2012-06-18,21.3295,33.5124,,,,,,0
2012-06-18,20.2132,33.3524,,,,,,0
2012-06-18,21.1807,33.0312,5.1429,0.0478,0.106,0.121,3.119,0
2012-06-18,21.4238,32.9396,,,,,,0
2012-06-18,19.9139,33.2726,5.6,0.0566,0.076,0.10800000000000001,4.944,0
2012-06-18,21.2896,33.1098,,,,,,0
2012-06-18,21.5055,32.7396,4.3429,0.0558,0.304,1.1440000000000001,6.045,0
2012-06-22,19.3404,33.8191,5.6443,,,,,0
2012-06-22,19.2198,33.838,5.6329,,,,,0
2012-06-22,20.2747,33.6027,5.422999999999999,,0.0429,0.6714,2.8571,0
2012-06-22,21.2385,33.1428,5.1638,,,,,0
2012-06-23,21.5347,34.0631,5.0544,,0.0643,1.0071,4.0714,0
2012-06-23,20.9278,34.1202,5.1452,,,,,0
2012-06-23,20.7161,34.1375,5.1165,,0.05,0.45,4.2857,0
2012-06-23,21.0724,34.1879,4.6268,,,,,0
2012-06-23,22.635,32.2511,5.0857,0.0468,0.107,0.284,4.234,0
2012-06-23,22.6294,31.9309,,,,,,0
2012-06-23,22.6211,32.0806,4.9714,0.0305,0.07400000000000001,0.14,3.0810000000000004,0
2012-06-23,22.7084,32.0943,,,,,,0
2012-06-23,22.9956,32.7701,4.6857,0.0492,0.135,0.114,2.694,0
2012-06-23,22.4749,31.6425,,,,,,0
2012-06-23,22.5399,31.9882,4.9429,0.0626,0.11,0.252,4.405,0
2012-06-23,22.4535,31.8722,,,,,,0
2012-06-24,18.9628,33.8211,5.5837,,,,,0
2012-06-24,19.6159,33.8867,5.3483,0.0323,0.05,0.6643,2.8929,0
2012-06-24,19.3623,33.7118,5.4328,,,,,0
2012-06-24,19.5677,33.7508,5.3562,,0.0714,0.0714,1.6071,0
2012-06-27,21.0351,33.1148,5.1016,,,,,0
2012-06-27,20.6306,33.7583,5.1681,0.0323,0.1143,0.0286,6.8571,0
2012-06-27,21.0578,34.2275,5.1139,,,,,0
2012-06-27,20.9967,34.225,5.1205,0.129,0.0786,0.0643,4.3571,0
2012-06-27,20.8685,34.1903,5.0976,,,,,0
2012-06-27,21.0139,33.4206,5.0834,0.08,0.0357,0.25,4.0,0
2012-06-27,20.7363,33.9659,5.101,,0.05,0.45,4.3214,0
2012-06-28,20.237,33.9211,5.191,0.0323,0.0429,0.1714,2.7857,0
2012-06-28,21.0177,34.3529,5.0872,,,,,0
2012-06-28,21.1113,34.2881,5.1123,0.0323,0.0357,0.6071,4.25,0
2012-06-28,20.9733,33.2877,5.11,,,,,0
2012-06-28,20.1644,33.7868,5.2331,0.0323,0.0286,0.3286,2.5357,0
2012-06-28,19.7858,33.9761,5.4954,,,,,0
2012-06-28,21.3127,34.1232,5.1758,0.0323,0.0357,0.4643,3.2143,0
2012-06-28,21.0995,33.9513,5.3229,,,,,0
2012-06-28,20.8896,34.0349,5.2288,,,,,0
2012-06-28,20.1763,33.5537,5.4126,,,,,0
2012-06-28,22.3721,31.968000000000004,4.5429,0.023,0.12,0.303,4.121,0
2012-06-28,20.1365,33.5919,5.3386,0.0323,0.0286,0.4,5.8214,0
2012-06-28,22.0192,31.9488,,,,,,0
2012-06-28,20.5988,33.7779,5.3457,,,,,0
2012-06-28,21.0267,33.964,5.1785,0.0323,0.05,0.5214,2.25,0
2012-06-28,21.6946,32.0229,5.2,0.0258,0.106,0.18,4.964,0
2012-06-28,20.6725,33.8173,5.2603,,,,,0
2012-06-28,21.4818,32.0105,,,,,,0
2012-06-29,21.5789,31.5668,5.0286,0.0611,0.08900000000000001,0.166,7.356,0
2012-06-29,20.8731,33.4682,5.1160000000000005,0.0323,0.0286,0.4714,3.25,0
2012-06-29,21.6134,31.5483,,,,,,0
2012-06-29,21.2167,33.2229,5.1975,,,,,0
2012-06-29,21.2183,33.1835,5.1424,0.0323,0.0357,0.25,3.6071,0
2012-06-29,21.0198,30.3638,,,,,,0
2012-06-29,21.7279,30.7299,4.5714,0.0515,0.07400000000000001,0.6679999999999999,6.5,0
2012-06-29,21.3081,31.7849,,,,,,0
2012-06-29,21.2205,32.2967,5.3714,0.0519,0.107,0.138,6.477,0
2012-06-29,20.9069,32.3124,,,,,,0
2012-06-29,21.0933,32.3379,5.2571,0.0615,0.068,0.207,4.845,0
2012-06-29,21.3761,32.2343,,,,,,0
2012-06-29,21.3933,32.1369,5.1143,0.0473,0.147,0.129,5.9529999999999985,0
2012-06-29,22.0774,31.9445,,,,,,0
2012-06-29,22.1959,31.935,4.7143,0.0218,0.14,0.114,2.72,0
2012-06-29,21.5621,32.2717,,,,,,0
2012-06-29,21.5532,32.3414,4.8857,0.036000000000000004,0.1,0.17600000000000002,3.698,0
2012-06-29,21.1182,32.4663,,,,,,0
2012-08-10,21.8698,31.5186,5.6814,0.2948,0.239,1.5409,1.4104,1
2012-08-10,26.124,31.8474,,,,,,1
2012-08-10,27.3231,31.8229,5.1688,0.0915,0.1108,1.9027,2.2336,1
2012-08-10,26.0819,31.9009,,,,,,1
2012-08-11,27.4527,31.8489,5.2542,0.6521,0.0768,1.5257,3.1588,1
2012-08-11,27.1597,30.4797,4.7714,0.001,0.071,1.5430000000000001,4.923,1
2012-08-11,29.0326,31.1401,,,,,,1
2012-08-11,28.816,30.8184,4.8698,0.5135,0.0265,1.9577,1.536,1
2012-08-11,26.719,30.0329,4.9382,0.002,0.10400000000000001,0.755,2.843,1
2012-08-11,28.4901,31.336,4.7986,,,,,1
2012-08-11,27.4754,30.1089,4.5999,,0.098,1.36,2.067,1
2012-08-11,26.8225,29.2986,4.6871,0.002,0.218,1.05,2.694,1
2012-08-11,28.5671,30.2784,4.7416,,,,,1
2012-08-11,28.6138,30.3102,4.5565,0.3751,0.0478,14.3912,1.2373,1
2012-08-11,27.7306,29.9981,4.9405,0.019,0.036000000000000004,0.878,3.4330000000000003,1
2012-08-11,28.6824,30.425,,,,,,1
2012-08-11,27.8811,30.7336,4.6841,0.002,0.027000000000000003,0.008,4.187,1
2012-08-11,28.6661,30.6719,4.7701,0.1956,0.0684,1.7844,0.7869,1
2012-08-11,28.6287,30.6689,,,,,,1
2012-08-11,27.5643,31.6461,5.1918,0.009000000000000001,0.016,0.797,4.773,1
2012-08-11,28.8611,30.8626,4.8555,0.0659,0.0355,2.3847,1.6389,1
2012-08-11,28.2483,31.487,4.7138,0.002,0.10099999999999999,0.052000000000000005,4.369,1
2012-08-11,28.8272,30.3316,,,,,,1
2012-08-11,26.6578,31.4076,5.4821,0.1336,0.1504,2.1015,1.1352,1
2012-08-11,28.458,31.709,4.8287,0.012,0.015,1.083,3.584,1
2012-08-11,24.9589,31.575,,,,,,1
2012-08-11,28.4317,31.6432,4.8539,0.024,0.025,1.111,3.334,1
2012-08-11,25.3466,31.5596,5.5817,0.189,0.0538,8.7346,2.3547,1
2012-08-11,29.2125,31.4438,5.622000000000001,0.031,0.034,3.987,2.1,1
2012-08-12,28.382,31.8211,4.8869,0.002,0.028999999999999998,1.4569999999999999,2.793,1
2012-08-12,28.5396,32.0916,4.631,0.016,0.035,1.005,2.767,1
2012-08-12,28.4484,31.8905,4.942,0.014,0.019,1.253,3.071,1
2012-08-12,28.3442,31.6315,4.8013,0.002,0.017,0.026000000000000002,4.261,1
2012-08-12,28.4239,31.3765,4.6883,0.002,0.022000000000000002,0.927,4.11,1
2012-08-12,28.1441,30.4648,4.8862,0.002,0.033,0.055999999999999994,4.003,1
2012-08-12,27.7767,29.9937,5.1394,0.004,0.016,0.7020000000000001,1.664,1
2012-08-12,27.639,30.3843,4.7982,0.002,0.016,0.040999999999999995,2.635,1
2012-08-12,27.8348,30.2708,5.2527,0.002,0.026000000000000002,1.004,2.813,1
2012-08-12,27.9518,30.5683,4.6593,0.002,0.036000000000000004,0.008,2.94,1
2012-08-12,26.9861,30.6841,4.7164,0.002,0.024,0.632,2.252,1
2012-08-12,27.5181,32.0734,4.7725,0.002,0.047,0.643,0.349,1
2012-08-12,27.5563,31.1973,5.5635,0.002,0.047,0.064,1.348,1
2012-08-13,27.704,31.352,5.6769,0.002,0.039,0.9520000000000001,2.997,1
2012-08-13,28.0571,31.7984,4.6317,0.002,0.026000000000000002,0.135,2.185,1
2012-08-13,28.27,30.7149,4.5751,0.002,0.025,0.578,4.703,1
2012-08-13,27.8471,30.4284,4.6883,0.002,0.028999999999999998,0.055,2.316,1
2012-08-13,28.3786,31.0782,4.6315,0.002,0.028999999999999998,0.848,3.919,1
2012-08-13,28.0592,31.3078,4.9143,0.002,0.011000000000000001,0.024,1.65,1
2012-08-13,28.2566,30.7981,5.1501,0.002,0.04,0.735,4.5310000000000015,1
2012-08-13,28.4815,31.3842,5.1759,0.002,0.023,0.484,3.902,1
2012-08-14,26.4631,30.6344,5.9662,0.4693,0.4479,1.4240000000000002,10.0719,1
2012-08-14,25.7519,31.1196,,,,,,1
2012-08-14,27.0579,30.6456,5.3966,0.3689,0.1376,8.3656,5.4414,1
2012-08-14,28.3856,30.286,,,,,,1
2012-08-14,28.5028,29.5526,4.6135,0.2708,0.04,5.1658,2.3321,1
2012-08-14,28.5935,29.5237,,,,,,1
2012-08-14,28.6564,29.7396,4.5138,0.1744,0.0249,1.1386,3.1161,1
2012-08-14,28.636,29.4328,,,,,,1
2012-08-14,28.6404,29.2522,4.642,0.1955,0.0339,1.5266,4.2914,1
2012-08-14,28.5857,29.4664,4.6277,,,,,1
2012-08-14,28.5456,29.3288,4.6989,,,,,1
2012-08-14,27.943,30.2185,4.7701,0.5208,0.0663,9.2282,4.4224,1
2012-08-15,27.9153,30.0719,,,,,,1
2012-08-15,28.2157,29.493,4.7986,0.1013,0.0627,4.925,2.6046,1
2012-08-15,28.0391,29.8079,,,,,,1
2012-08-15,28.0912,30.1231,4.8983,0.2368,0.1742,9.898,2.5446,1
2012-08-15,28.0112,30.1232,,,,,,1
2012-08-15,27.9136,30.2625,4.9267,0.2537,0.0704,7.4351,2.278,1
2012-08-17,26.8629,30.1086,,,,,,1
2012-08-17,23.9495,30.8798,5.3824,0.2985,0.2377,8.8393,3.7713,1
2012-08-17,25.7411,30.4321,,,,,,1
2012-08-17,27.0875,30.0365,4.9125,0.343,0.1531,10.2051,3.1175,1
2012-08-17,28.2577,29.6477,,,,,,1
2012-08-17,28.1123,29.6748,5.0691,0.3541,0.1518,9.6491,6.9827,1
2012-08-17,28.163,30.2112,4.7416,,,,,1
2012-08-17,27.7076,28.932,4.9125,,,,,1
2012-08-17,27.6744,28.5947,5.1403,0.1753,0.2789,2.8491,2.2552,1
2012-08-17,28.4376,27.9537,,,,,,1
2012-08-18,28.0658,29.621,5.0122,0.2903,0.0639,2.09,2.6538,1
2012-08-18,28.542,29.3254,,,,,,1
2012-08-18,28.7059,29.254,5.0976,0.2553,0.1756,1.8405,3.2834,1
2012-08-18,28.4868,29.2591,,,,,,1
2012-08-18,27.7526,29.8213,5.2115,0.1605,0.055999999999999994,1.3553,2.4297,1
2012-08-18,25.0348,31.2347,,,,,,1
2012-08-21,27.7534,31.9616,6.8571,0.079,0.15,0.45799999999999996,4.083,1
2012-08-21,28.0503,32.0093,,,,,,1
2012-08-21,28.4797,31.8289,4.8571,0.054000000000000006,0.057,0.225,1.462,1
2012-08-21,25.0204,32.9963,4.8529,,,1.4286,2.071,1
2012-08-21,25.0799,33.0095,4.7327,,,,,1
2012-08-21,28.3225,31.6321,5.0,0.04,0.105,0.24100000000000002,3.252,1
2012-08-21,25.5724,33.5517,4.6816,,,0.2857,3.068,1
2012-08-21,28.8558,31.8733,,,,,,1
2012-08-21,25.8521,33.6502,4.6296,,,,,1
2012-08-21,27.0947,32.0615,5.7143,0.084,0.152,0.14,2.128,1
2012-08-21,26.4915,32.0755,,,,,,1
2012-08-21,24.382,33.0059,5.0164,,,0.3571,2.78,1
2012-08-21,27.7814,31.941,4.8,0.054000000000000006,0.09699999999999999,0.204,3.884,1
2012-08-21,28.0402,31.9389,,,,,,1
2012-08-21,23.9172,33.4351,4.9238,,,,,1
2012-08-21,27.6895,31.7018,,,,,,1
2012-08-21,25.3148,33.5961,4.6985,,,0.5,2.5,1
2012-08-21,27.7561,31.4367,,,,,,1
2012-08-21,27.4764,31.5529,4.8286,0.042,0.08900000000000001,0.43,5.077,1
2012-08-21,28.2591,31.396,,,,,,1
2012-08-22,29.3551,32.3356,,,,,,1
2012-08-22,29.5673,32.2585,,,,,,1
2012-08-22,26.9086,32.7396,4.4637,,,0.2143,2.639,1
2012-08-22,29.2495,31.9526,,,,,,1
2012-08-22,26.7838,32.7792,4.4384,,,,,1
2012-08-22,27.2357,31.0619,5.4286,0.053,0.134,0.152,2.048,1
2012-08-22,24.9573,32.6878,4.9356,,,0.2143,1.64,1
2012-08-22,26.4734,31.5942,,,,,,1
2012-08-22,27.4107,32.1601,4.8286,0.14800000000000002,0.142,0.21,3.507,1
2012-08-22,27.2695,32.0205,,,,,,1
2012-08-22,22.1324,32.9439,5.2155,,,,,1
2012-08-22,26.9008,32.1803,,,,,,1
2012-08-22,26.9683,32.0966,,,,,,1
2012-08-22,25.1382,31.9167,4.9714,0.158,0.106,0.106,2.041,1
2012-08-22,23.9089,33.3012,4.8488,,,0.2857,2.067,1
2012-08-22,26.0107,31.4798,,,,,,1
2012-08-22,24.1194,33.4934,4.8355,,,,,1
2012-08-22,26.3229,31.044,5.2571,0.185,0.133,0.095,2.436,1
2012-08-22,23.6135,33.3966,4.8222,0.0323,,0.3571,2.278,1
2012-08-22,23.3612,33.4295,4.9110000000000005,,,,,1
2012-08-22,25.1789,33.3925,4.6923,,,0.4286,2.782,1
2012-08-22,25.0921,33.1118,4.7525,,,,,1
2012-08-23,24.7146,33.1315,4.6181,,,,,1
2012-08-23,24.0896,33.2133,4.7836,,0.0714,0.1429,2.912,1
2012-08-23,24.334,33.3491,4.7185,,,,,1
2012-08-23,22.0593,33.4177,4.9733,,,0.2143,2.826,1
2012-08-23,22.4279,32.9706,5.0317,,,,,1
2012-08-23,23.9314,32.5383,4.84,,,0.5714,2.718,1
2012-08-24,24.6593,32.5437,4.6361,,,,,1
2012-08-24,24.4827,32.5416,4.6654,,,0.2857,1.68,1
2012-08-24,26.2061,32.3576,4.4518,,,,,1
2012-08-24,26.0067,32.6022,4.4643,,,0.3571,1.804,1
2012-08-24,26.2217,32.7811,4.5104,,,,,1
2012-08-24,26.0871,32.688,4.6447,,,0.2857,2.289,1
2012-08-24,26.5262,32.6046,4.5227,,,,,1
2012-08-24,26.5225,33.032,4.4910000000000005,,,,,1
2012-08-24,26.4525,32.7087,4.5236,,,0.2143,1.61,1
2012-08-24,26.121,32.7608,4.5465,,,,,1
2012-08-25,26.3137,32.8558,4.507,,,0.0714,2.017,1
2012-08-25,26.268,32.9295,4.5172,,,,,1
2012-08-25,24.7787,32.2778,4.7177,,,0.1429,1.556,1
2012-08-25,27.0142,32.1263,4.3995,,,,,1
2012-08-25,25.6487,32.1287,4.4981,0.2258,0.0714,1.2857,9.281,1
2012-08-25,19.1156,33.0276,5.1121,,,,,1
2012-08-25,20.567,32.8419,5.3434,,,0.2857,1.805,1
2012-08-25,21.9416,33.0285,4.9919,,,,,1
2012-08-25,21.9433,33.0927,4.9805,,,,,1
2012-09-01,23.0981,31.5756,,,,,,1
2012-09-01,17.8369,33.2849,4.8878,,,,,1
2012-09-01,18.632,33.2824,5.0034,,,,,1
2012-09-01,22.7286,31.9888,5.8,0.166,0.19,1.062,4.672,1
2012-09-01,20.4624,32.783,5.3743,0.0968,0.2143,0.5,6.808,1
2012-09-01,21.5822,32.1708,5.1143,0.061,0.15,2.83,8.212,1
2012-09-01,24.4315,31.836,4.7017,,,,,1
2012-09-01,22.2139,32.044000000000004,,,,,,1
2012-09-01,23.0136,32.7813,5.1585,0.2581,0.0714,1.0714,6.587999999999999,1
2012-09-01,24.0031,32.0604,5.3714,0.023,0.10800000000000001,0.6940000000000001,6.558,1
2012-09-01,23.7917,32.7046,4.6214,,,,,1
2012-09-01,22.9646,32.0875,,,,,,1
2012-09-02,24.783,32.54,4.6694,,,0.3571,3.049,0
2012-09-02,23.1921,33.0571,5.0286,0.08800000000000001,0.233,1.68,3.858,0
2012-09-02,25.4135,33.046,4.5179,,,,,0
2012-09-02,26.404,32.4979,4.4398,,,0.2143,2.553,0
2012-09-02,22.69400000000001,32.9834,,,,,,0
2012-09-02,22.0827,32.9632,5.8286,0.09,0.139,0.218,4.176,0
2012-09-02,26.456,33.4338,4.4121,,,,,0
2012-09-02,21.8078,32.5755,,,,,,0
2012-09-02,26.4408,33.0993,4.405,,,0.4286,2.331,0
2012-09-02,22.8366,32.1941,5.1429,0.076,0.127,0.546,7.544,0
2012-09-02,24.9975,33.2109,4.543,,,,,0
2012-09-02,24.9514,31.8944,4.6374,0.0323,,0.6429,4.3210000000000015,0
2012-09-02,25.2322,31.8844,4.6721,,,,,0
2012-09-02,25.0968,31.6985,4.8073,0.5806,0.2857,1.7857,16.077,0
2012-09-02,22.647,31.9617,5.5008,,,,,0
2012-09-02,21.7703,32.0748,5.6364,,,,,0
2012-09-02,20.2533,32.361999999999995,5.4451,,,,,0
2012-09-02,20.8127,32.0815,5.3667,,,,,0
2012-09-02,25.2002,31.5271,4.9422,0.5161,0.3571,7.8571,14.247,0
2012-09-02,25.5304,31.8117,4.6453,,,,,0
2012-09-02,25.9131,31.975,4.5658,,,1.7857,4.02,0
2012-09-02,25.2361,31.6924,4.6107,,,,,0
2012-09-03,21.039,31.906,,,,,,0
2012-09-03,26.6152,32.5316,4.5144,,,,,0
2012-09-03,26.3438,32.613,4.4099,,,1.2857,3.084,0
2012-09-03,25.7545,32.6441,4.545,,,,,0
2012-09-03,25.1464,31.5586,4.4553,,0.0714,1.6429,7.862999999999999,0
2012-09-03,21.3342,32.5874,,,,,,0
2012-09-03,20.9421,32.2945,6.6,0.059,0.10400000000000001,0.29,8.103,0
2012-09-03,20.9486,32.1289,,,,,,0
2012-09-03,20.9665,30.8136,5.4,0.084,0.19399999999999998,1.661,4.051,0
2012-09-03,22.8099,30.1159,,,,,,0
2012-09-03,22.0,30.5785,,,,,,0
2012-09-03,21.9972,30.6763,8.2571,0.046,0.10400000000000001,0.281,1.3869999999999998,0
2012-09-03,22.6553,29.8435,,,,,,0
2012-09-03,21.9663,30.4565,6.4571,0.03,0.065,0.273,6.025,0
2012-09-03,20.8495,30.9439,,,,,,0
2012-09-03,21.8888,31.3383,6.1429,0.024,0.077,0.392,6.697,0
2012-09-04,20.7381,31.9342,6.3143,0.035,0.057999999999999996,0.235,5.9129999999999985,1
2012-09-04,21.6423,32.4136,,,,,,1
2012-09-04,23.809,31.9315,5.8,0.087,0.08199999999999999,0.525,2.045,1
2012-09-04,23.1845,32.0161,,,,,,1
2012-09-04,21.6001,31.7608,4.8571,0.094,0.5429999999999999,1.123,3.627,1
2012-09-04,20.4715,31.9206,,,,,,1
2012-10-05,19.6588,32.7362,5.346,0.003,0.031,1.7751,1.768,1
2012-10-05,19.8962,33.0424,5.1316,,,,,1
2012-10-05,20.2981,32.9354,5.0568,,0.001,0.3643,2.658,1
2012-10-05,20.2223,32.9043,5.2322,,,,,1
2012-10-05,19.6698,33.1167,5.4951,0.062,0.003,1.5993,5.178,1
2012-10-05,20.1193,32.8049,5.2694,,,,,1
2012-10-05,19.9044,32.7748,5.1639,0.03,,0.7727,2.758,1
2012-10-06,21.1262,32.9285,5.0367,0.084,0.013000000000000001,0.377,3.269,1
2012-10-06,21.1188,32.966,5.0248,,,,,1
2012-10-06,21.9029,32.8982,4.8386,0.128,0.128,0.6731,3.904,1
2012-10-06,21.323,32.6844,5.0364,,,,,1
2012-10-06,21.203000000000007,32.3323,5.1458,0.058,0.019,0.3604,2.677,1
2012-10-06,19.6784,33.0219,5.2341,,,,,1
2012-10-06,19.5655,33.2052,5.2071,0.032,0.019,0.8104,3.144,1
2012-10-06,21.5773,30.7154,4.8331,1.0229,0.4972,5.3968,5.9311,1
2012-10-06,19.9987,33.0035,5.2883,,,,,1
2012-10-06,20.4321,31.0052,,,,,,1
2012-10-06,19.7054,33.0265,5.1431,0.046,0.01,0.6037,3.322,1
2012-10-06,19.6354,32.8124,5.1789,,,,,1
2012-10-06,20.9383,31.0548,5.5317,0.3391,0.0183,1.1557,2.2682,1
2012-10-06,21.1146,31.208,,,,,,1
2012-10-06,20.9793,30.8877,5.9166,0.3175,0.0523,1.4037,2.7392,1
2012-10-06,21.0768,31.2156,,,,,,1
2012-10-06,21.041,31.2369,5.4889,0.6066,0.0374,1.8846,4.0861,1
2012-10-06,21.0492,31.1567,5.4889,,,,,1
2012-10-07,21.471,30.9813,5.3036,,,,,1
2012-10-07,21.2752,31.0737,5.4462,0.6287,0.0297,2.1263,4.9955,1
2012-10-07,20.7956,31.2997,,,,,,1
2012-10-07,20.9234,31.2319,5.546,0.3889,0.0251,2.6139,5.8952,1
2012-10-07,20.7625,31.2904,,,,,,1
2012-10-07,20.8016,31.2915,5.5174,0.6013,0.0697,3.2923,5.6231,1
2012-10-07,20.4192,31.3528,,,,,,1
2012-10-07,19.5545,31.2676,5.1325,1.0868,0.415,9.854,12.4773,1
2012-10-07,20.2246,31.3444,,,,,,1
2012-10-07,20.672,31.1847,5.4319,0.9936,0.23600000000000002,5.2620000000000005,8.463,1
2012-10-08,20.1209,30.7273,5.6458,0.6953,0.0818,6.0092,6.5503,1
2012-10-08,19.9787,31.3198,,,,,,1
2012-10-08,19.9894,30.8909,5.6743,1.0439,0.1801,5.3019,5.0495,1
2012-10-08,19.5597,32.7806,5.2263,,,,,1
2012-10-08,19.5135,32.7833,5.266,0.05,0.094,0.1822,2.505,1
2012-10-08,20.7269,31.1546,,,,,,1
2012-10-08,19.684,33.0456,5.1588,,,,,1
2012-10-08,19.8245,33.0922,5.1799,0.023,0.012,0.2112,3.07,1
2012-10-08,20.7369,31.0966,5.7028,0.8781,0.0072,3.1278,5.5427,1
2012-10-08,20.8776,31.1925,,,,,,1
2012-10-08,20.7726,32.33,5.1018,,,,,1
2012-10-08,21.495,31.3062,5.5887,0.667,0.0438,1.2402,3.5904,1
2012-10-08,21.3239,31.2835,,,,,,1
2012-10-08,21.2934,32.6975,5.1533,0.06,0.031,0.1428,1.149,1
2012-10-08,21.2078,31.2674,5.603,0.7346,0.0114,1.3566,5.4856,1
2012-10-08,22.5817,32.991,4.7994,,,,,1
2012-10-08,21.7328,31.0599,5.4319,,,,,1
2012-10-08,22.6339,33.0001,4.7461,0.037000000000000005,0.027999999999999997,0.129,2.024,1
2012-10-08,20.9927,31.2697,5.6885,,,,,1
2012-10-08,22.499,33.0206,4.7685,,,,,1
2012-10-08,20.7052,31.4127,5.7170000000000005,0.7874,0.0465,3.1515,4.8453,1
2012-10-09,21.1086,31.1439,,,,,,1
2012-10-09,20.6597,32.8023,5.0134,0.063,,0.1218,2.62,1
2012-10-09,20.3289,31.3129,5.9024,0.7476,0.0433,1.8317,5.4572,1
2012-10-09,20.0084,31.4336,,,,,,1
2012-10-09,19.7501,31.2799,6.2731,0.8535,0.1267,6.1123,14.7385,1
2012-10-09,21.6271,32.868,4.9283,0.738,0.08,3.503,13.499,1
2012-10-09,19.4089,31.3718,,,,,,1
2012-10-09,20.1702,31.0316,5.7028,1.0198,0.2098,4.8472,8.177999999999999,1
2012-10-09,21.5175,32.8117,4.8814,,,,,1
2012-10-09,22.5684,33.11,4.6785,0.053,,0.51,0.997,1
2012-10-09,18.7458,31.4432,,,,,,1
2012-10-09,20.8132,32.4861,5.1274,,,,,1
2012-10-09,18.3891,31.7526,5.5317,0.9371,0.1224,9.0156,12.2332,1
2012-10-09,20.7129,32.0891,4.9922,0.157,0.267,0.4856,6.135,1
2012-10-09,20.7617,32.304,5.2261,,,,,1
2012-10-09,20.8736,32.2558,5.1984,0.038,0.02,0.8932,1.473,1
2012-10-09,20.8863,32.2876,5.2294,,,,,1
2012-10-09,20.7536,32.2567,5.3623,,,,,1
2012-10-09,19.7671,31.6873,,,,,,1
2012-10-09,20.5581,31.324,6.0164,0.6103,0.0441,3.4639,6.9742,1
2012-10-10,20.6405,31.3652,,,,,,1
2012-10-10,20.7531,31.2568,5.6172,0.6324,0.0649,2.4261,7.379,1
2012-10-10,20.8693,31.2504,5.5317,,,,,1
2012-10-10,21.2439,30.8454,5.4319,,,,,1
2012-10-10,21.1281,30.9465,5.5174,0.9881,0.1405,2.9645,6.1497,1
2012-10-10,21.1284,30.9032,,,,,,1
2012-10-10,21.169,31.8421,5.7028,0.4987,0.0255,1.7695,6.1232,1
2012-10-10,21.2159,31.544,,,,,,1
2012-10-10,20.788,31.8019,5.5317,0.6681,0.0277,2.0473,8.7872,1
2012-10-10,21.2676,31.2801,,,,,,1
2012-10-10,21.7064,31.795,5.2323,0.6161,0.08199999999999999,2.088,5.3286,1
2012-10-10,21.5703,31.4042,,,,,,1
2012-10-12,20.3829,32.2271,5.178,,,,,1
2012-10-12,20.3754,32.1952,5.2057,,,,,1
2012-10-12,20.6044,32.2648,5.2595,0.02,0.124,0.3374,5.026,1
2012-10-12,20.1516,32.1799,5.2574,,,,,1
2012-10-12,20.825,32.451,5.1941,0.092,0.136,0.4684,5.089,1
2012-10-12,21.7297,33.2567,4.8889999999999985,,,,,1
2012-10-13,21.7959,33.1909,4.8668,0.107,0.06,0.5444,1.582,1
2012-10-13,21.7561,32.9721,4.7926,,,,,1
2012-10-13,21.4308,33.0295,4.8671,0.061,0.008,0.4287,1.67,1
2012-10-13,21.4198,32.9495,4.8129,,,,,1
2012-10-13,21.3144,32.9162,5.0267,0.07200000000000001,0.057,0.2068,1.394,1
2012-10-13,21.9815,33.2586,4.9495,,,,,1
2012-10-13,20.7493,32.2137,5.2067,0.092,0.245,0.2773,8.126,1
2012-10-13,20.8413,32.3216,5.1179,,,,,1
2012-10-13,20.7639,32.2743,5.3903,0.087,0.18600000000000003,0.4757,7.257999999999999,1
2012-10-13,20.4971,32.0986,5.3519,,,,,1
2012-10-13,20.4976,32.0909,5.182,,,,,1
2012-10-14,20.5889,32.2831,5.2109,,,,,1
2012-10-14,20.5072,32.2882,5.3865,,,,,1
2012-10-14,21.5422,32.9099,5.2661,0.463,0.109,0.1672,4.927,1
2012-10-14,23.3697,33.7872,4.6502,,,,,1
2012-10-14,22.6053,33.4736,4.8898,,0.096,0.6451,2.528,1
2012-10-14,21.7751,33.1462,4.8003,,,,,1
2012-10-15,22.4506,33.4851,4.6907,,,,,1
2012-10-15,22.4557,33.4731,4.893,,0.113,1.1778,2.047,1
2012-10-15,23.5576,33.9135,4.5795,,,,,1
2012-10-15,21.9283,33.181,4.8272,0.025,0.327,0.7997,5.9979999999999976,1
2012-10-16,20.797,32.7376,5.26,0.132,0.302,2.2119999999999997,6.801,1
2012-10-16,20.9446,32.7943,,,,,,1
2012-10-16,22.5059,33.3097,5.0571,0.084,0.129,0.718,4.7330000000000005,1
2012-10-17,21.435,32.4686,4.7143,0.079,0.233,1.456,5.881,1
2012-10-17,20.7476,32.6353,,,,,,1
2012-10-17,19.8895,32.1036,4.6286,0.245,0.485,3.437,11.499,1
2012-10-17,19.9859,32.0728,,,,,,1
2012-10-19,20.0701,32.4948,5.0,0.096,0.19899999999999998,1.746,7.95,1
2012-10-19,20.4581,32.4106,,,,,,1
2012-10-19,19.8049,31.8756,,,,,,1
2012-10-19,20.1723,32.3146,,,,,,1
2012-10-19,22.1115,33.3597,3.8286,0.085,0.135,0.633,4.22,1
2012-10-19,23.2796,33.9691,,,,,,1
2012-10-19,23.1419,34.0157,,,,,,1
2012-10-19,23.3937,33.9578,4.8,0.063,0.07200000000000001,0.449,1.974,1
2012-10-19,23.0819,33.9951,,,,,,1
2012-10-20,20.5551,32.8897,4.8857,0.07400000000000001,0.134,1.435,5.671,1
2012-10-20,21.2678,33.0854,,,,,,1
2012-10-20,19.7087,32.3403,4.8571,0.16399999999999998,0.406,2.7230000000000003,6.48,1
2012-10-20,19.755,31.9989,,,,,,1
2012-10-20,19.3259,31.416,,,,,,1
2012-10-20,19.355,31.8203,,,,,,1
2012-10-20,19.3773,31.8475,5.2,0.094,0.253,1.107,8.595,1
2012-10-20,18.8341,32.1133,,,,,,1
2012-10-20,20.0459,33.0224,5.0286,0.136,0.223,3.5580000000000003,7.512,1
2012-10-20,21.5096,33.2854,,,,,,1
2012-10-20,22.298,33.6941,4.7429,0.059,0.09699999999999999,0.624,3.051,1
2012-10-21,22.722,33.8679,4.6857,0.064,0.11900000000000001,0.932,3.657,1
2012-10-21,23.0982,33.8947,,,,,,1
2012-10-21,23.1244,33.903,4.6286,0.065,0.049,0.28,1.041,1
2012-10-21,22.8797,33.7376,,,,,,1
2012-10-21,23.9332,33.8989,4.7429,0.073,0.051,0.434,1.383,1
2012-10-21,23.5053,33.87,,,,,,1
2012-10-21,23.2592,33.9321,4.8,0.08800000000000001,0.067,0.324,2.475,1
2012-10-21,23.0151,33.8859,,,,,,1
2012-10-21,23.2032,33.9135,4.6857,0.092,0.067,0.428,2.5810000000000004,1
2012-10-24,22.8117,33.955,,,,,,0
2012-10-24,22.6315,33.906,4.8,0.098,0.091,0.602,2.952,0
2012-10-24,22.0278,33.2518,,,,,,0
2012-10-24,19.9159,30.9881,5.2286,0.214,0.306,1.714,7.112,0
2012-10-24,20.0904,30.8631,,,,,,0
2012-10-24,19.874,30.8339,,,,,,0
2012-10-24,19.9608,30.8297,5.0857,0.102,0.627,2.884,9.113,0
2012-10-24,19.9067,30.857,,,,,,0
2012-10-24,19.8572,30.8818,5.2286,0.053,0.078,0.6729999999999999,5.0539999999999985,0
2012-10-24,19.7232,30.8382,,,,,,0
2012-10-24,19.7476,30.9006,5.1429,0.054000000000000006,0.14,0.755,4.863,0
2012-10-25,19.7848,30.8606,,,,,,0
2012-10-25,19.549,30.8927,4.6,0.051,0.115,0.885,5.7920000000000025,0
2012-10-25,19.3111,31.395,,,,,,0
2012-10-25,19.1074,31.4624,5.1429,0.042,0.105,0.8959999999999999,6.752999999999999,0
2012-10-25,19.3965,31.4115,,,,,,0
2012-10-25,18.7703,31.5115,4.6,0.062,0.20800000000000002,2.539,7.2639999999999985,0
2012-10-25,16.9396,32.5251,,,,,,0
2012-11-25,17.4287,32.2282,5.2513,0.498,0.053,9.9664,12.2404,0
2012-11-25,17.6481,32.228,5.2231,0.517,0.0592,13.4852,16.5619,0
2012-11-25,17.8287,32.2157,5.1947,0.468,0.0804,8.9775,13.2531,0
2012-11-25,17.9958,32.3803,5.1662,0.417,0.1025,10.2586,13.791,0
2012-11-25,18.3548,32.9626,5.1953,0.375,0.136,6.3288,10.3732,0
2012-11-26,19.4764,33.5988,5.0539,0.329,0.1104,8.3174,10.6299,0
2012-11-27,20.7185,34.0037,4.7707,0.194,0.7694,1.7377,5.2754,0
2012-11-28,20.6136,33.9291,4.7405,0.204,0.9470000000000001,2.8132,5.6005,0
2012-11-28,20.2078,33.8966,4.7447,0.329,0.0813,4.4472,8.6023,0
2012-11-28,19.095,33.0202,4.9991,0.338,0.0954,6.0902,9.8439,0
2012-11-28,18.5815,32.6812,5.0835,0.355,0.0954,7.2429999999999986,11.5228,0
2012-11-28,18.1767,32.472,5.0836,0.33,0.0883,7.3288,10.2716,0
2012-11-28,18.1906,32.4138,5.1384,0.426,0.0724,8.6111,13.6959,0
2012-11-28,18.0135,32.5988,5.1681,0.455,0.0839,8.8799,14.4829,0
2012-11-28,17.9871,32.8882,5.1939,0.56,0.0928,9.5789,16.1715,0
2012-11-28,18.0069,32.9796,5.2217,0.485,0.0822,7.4117,12.6008,0
2012-11-28,17.264,32.3473,5.2244,0.706,0.0751,13.0233,19.7091,0
2012-11-28,17.1125,32.3387,5.2522,0.7140000000000001,0.0477,12.8707,19.415,0
2012-11-28,17.5613,32.6953,5.2248,0.5670000000000001,0.0477,9.6004,14.4327,0
2012-11-28,17.8978,32.5265,5.2241,0.418,0.0813,6.5247,10.5657,0
2012-11-28,18.3876,32.8653,5.1971,0.3720000000000001,0.0724,4.7363,8.0109,0
2012-11-29,18.6716,32.9752,,0.407,0.0813,5.5959,9.5402,0
2012-11-29,19.5374,33.7201,4.8854,0.382,0.1051,3.92,7.566,0
2012-11-29,19.9038,33.9324,4.8856,0.417,0.1749,4.4016,8.5841,0
2012-11-29,20.2866,33.9757,4.8021,0.277,0.7456,2.1759,5.9726,0
2012-11-29,20.5237,33.9461,4.8855,0.231,0.8154,1.3583,5.0102,0
2012-11-29,20.7757,34.2165,4.8301,0.217,0.5539,1.7395,3.3312,0
2012-11-29,20.5574,34.0656,4.8586,0.194,0.742,1.8255,5.0861,0
2012-11-29,20.3191,34.0154,4.8881,0.19,0.6802,1.9405,5.2454,0
2012-11-29,20.0811,33.9973,5.1678,0.18,0.6652,1.9023,5.0412,0
2012-11-29,19.7175,34.0451,4.9424,0.21600000000000005,0.8339,2.2,5.8475,0
2012-11-29,19.7356,34.0957,4.9378,0.218,0.7288,2.3481,5.4978,0
2012-12-12,9.0611,30.5949,6.6723,0.463,0.0764,13.927999999999999,10.1124,0
2012-12-12,11.6046,33.7401,5.6263,0.4324,0.5156,6.2194,10.4634,0
2012-12-12,12.6253,33.7646,5.3924,,,,,0
2012-12-12,12.091,33.7427,5.4812,0.4811,0.5112,7.0826,11.1505,0
2012-12-12,8.8608,31.243,,,,,,0
2012-12-12,8.8465,31.2854,6.4299,0.6279,0.0979,12.782,9.2091,0
2012-12-12,12.5963,33.7373,5.4794,,,,,0
2012-12-12,9.161,31.8946,,,,,,0
2012-12-12,13.5017,33.872,5.2177,0.4995,0.5611,7.1936,10.818,0
2012-12-12,9.2431,31.8038,6.7863,0.0646,0.2666,7.29,4.262,0
2012-12-12,8.9249,31.893,,,,,,0
2012-12-12,12.9695,33.7622,5.3866,,,,,0
2012-12-12,9.5859,31.709,6.658,0.0028,0.2255,7.1610000000000005,3.5696,0
2012-12-12,14.2637,33.8786,5.1293,0.4249,0.6913,6.079,8.2901,0
2012-12-12,9.7861,31.6482,7.3566,,,,,0
2012-12-12,10.4881,31.4725,6.7578,,,,,0
2012-12-12,10.8856,31.5461,6.7008,0.1718,0.3228,6.4510000000000005,4.7038,0
2012-12-12,14.5966,33.87,5.1373,0.3795,0.6369,5.9381,7.2483,0
2012-12-12,9.8484,31.2201,,,,,,0
2012-12-13,10.4442,31.763,6.4584,0.4109,0.2633,5.484,3.8118,0
2012-12-13,13.5547,33.8251,5.3017,,,,,0
2012-12-13,10.1608,31.7354,,,,,,0
2012-12-13,10.2098,31.7289,6.7863,0.1046,0.2557,7.624,4.4926,0
2012-12-13,14.7186,33.8977,5.0831,0.4562,0.5665,6.46,7.6905,0
2012-12-13,9.9514,31.8338,,,,,,0
2012-12-13,10.425999999999998,32.0009,6.7863,0.4443,0.0324,11.037,5.8641,0
2012-12-13,14.8127,33.8994,5.0731,,,,,0
2012-12-13,8.9451,31.5854,,,,,,0
2012-12-13,15.2703,33.9781,5.0373,0.4086,0.5611,5.6891,8.4442,0
2012-12-13,8.315,31.577,6.9717,0.2082,0.053,13.136,7.9848,0
2012-12-13,15.2891,33.9797,5.0325,,,,,0
2012-12-13,8.8365,31.7421,6.8576,0.3326,0.0265,12.595,5.747000000000001,0
2012-12-13,14.4013,33.9533,5.1063,0.5362,0.5335,7.1015,11.5178,0
2012-12-13,10.1298,31.9644,,,,,,0
2012-12-13,14.4778,33.9718,5.1455,,,,,0
2012-12-13,13.5936,33.9075,5.3113,0.5059,0.5103,6.8322,10.8592,0
2012-12-13,10.58,31.986,6.5867,0.2675,0.083,15.607000000000001,5.2879,0
2012-12-13,12.699000000000002,33.8201,5.4869,,,,,0
2012-12-13,10.8672,32.2687,,,,,,0
2012-12-13,10.6634,32.2605,6.1305,0.7682,0.284,10.397,7.9804,0
2012-12-13,12.7187,33.8483,5.4887,,,,,0
2012-12-13,13.1032,33.863,5.4329,0.5114,0.4558,6.9809,11.0239,0
2012-12-13,12.3952,33.801,5.5058,,,,,0
2012-12-13,10.6233,31.786,,,,,,0
2012-12-13,12.4078,33.7479,5.4784,0.4746,0.5504,6.4231,10.5024,0
2012-12-13,10.8384,31.7923,6.4156,0.5258,0.4476,13.202,3.7885,0
2012-12-13,11.0905,31.8,,,,,,0
2012-12-13,15.059,33.9147,5.0562,,,,,0
2012-12-13,11.2143,31.8326,6.0164,0.251,0.4454,4.863,2.9134,0
2012-12-13,11.1589,31.9274,6.9289,,,,,0
2012-12-13,14.5883,33.9473,5.0401,0.5665,0.4728,7.6381,11.4725,0
2012-12-13,15.3954,33.9619,4.9975,,,,,0
2012-12-13,11.2893,31.8865,6.4441,,,,,0
2012-12-13,15.2209,33.9412,5.0536,0.4249,0.6609999999999999,5.7875,8.9001,0
2012-12-14,11.4541,31.8594,6.6152,0.4483,0.4035,8.871,5.3119,0
2012-12-14,11.3065,32.0553,,,,,,0
2012-12-14,14.625,33.8879,5.0949,,,,,0
2012-12-14,10.8914,32.1806,6.5012,0.3218,0.3674,10.280999999999999,5.5586,0
2012-12-14,14.6428,33.8609,5.1356,0.3611,0.612,5.7413,7.2662,0
2012-12-14,10.8721,32.0214,,,,,,0
2012-12-14,11.1102,32.1714,6.0164,0.4685,0.2194,22.95300000000001,6.5119,0
2012-12-14,10.8339,32.1895,,,,,,0
2012-12-14,13.556,33.813,5.2811,0.3445,0.5638,5.4416,7.0804,0
2012-12-14,8.1859,31.6493,6.8719,0.5016,0.3116,6.7620000000000005,7.6781,0
2012-12-14,14.6511,33.8682,5.1544,,,,,0
2012-12-14,14.4601,33.8292,5.2118,0.3943,0.6673,5.9133,7.7496,0
2012-12-14,9.1973,31.7414,,,,,,0
2012-12-14,10.8511,32.2246,6.216,0.6362,0.2952,10.046,5.1043,0
2012-12-14,15.775,34.021,4.9493,,,,,0
2012-12-16,13.1064,33.8869,5.3372,,,,,0
2012-12-16,13.1714,33.8941,5.3294,,,,,0
2012-12-17,13.1365,33.8819,5.347,0.4898,0.4781,7.4144,11.8651,0
2012-12-17,12.814,33.8961,5.3217,,,,,0
2012-12-17,14.8472,34.0916,4.7916,0.5833,0.37200000000000005,8.7657,13.2879,0
2012-12-17,15.4236,34.0845,4.9804,0.5152,0.5459,7.9128,12.4678,0
2012-12-17,14.6384,34.0141,4.9671,,,,,0
2012-12-17,14.4798,34.0027,4.9852,0.627,0.446,8.8791,13.3207,0
2012-12-17,14.9612,34.021,4.9606,,,,,0
2012-12-17,14.9162,34.0219,4.9277,,,,,0
2012-12-20,10.5268,32.3695,,,,,,0
2012-12-20,11.4392,32.4326,6.0877,0.8502,0.6629,13.169,7.4511,0
2012-12-20,11.1299,32.1979,,,,,,0
2012-12-20,11.2687,32.1495,6.1447,0.8472,0.6364,11.292,6.879,0
2012-12-20,10.5487,32.2131,6.4299,,,,,0
2012-12-20,11.9,32.2033,6.0592,,,,,0
2012-12-20,11.7278,32.2388,6.0877,0.8073,0.4284,7.306,4.9269,0
2012-12-20,15.5966,34.1072,5.022,,,,,0
2012-12-20,12.0464,32.3907,,,,,,0
2012-12-20,11.9397,32.4159,5.9737,1.2555,0.4391,11.53,8.0263,0
2012-12-20,13.754,33.8708,5.3134,0.3953,0.5263,6.2507,7.9407,0
2012-12-20,12.5359,32.7632,,,,,,0
2012-12-20,11.7857,33.8347,5.6498,,,,,0
2012-12-20,12.233,32.7403,5.7863,0.6369,0.3277,10.72,6.1166,0
2012-12-20,13.444,33.8885,5.5058,0.3465,0.4523,5.0337,7.9354,0
2012-12-20,10.9011,32.4715,,,,,,0
2012-12-20,15.8621,33.9618,5.714,0.9771,0.4059,10.264000000000001,7.0842,0
2012-12-20,15.0966,33.7213,,,,,,0
2012-12-20,14.0965,33.8705,5.266,,,,,0
2012-12-20,14.5633,33.923,5.1835,0.3587,0.5798,6.0038,7.9291,0
2012-12-20,14.8893,33.9772,5.1674,,,,,0
2012-12-21,16.1736,34.1472,4.852,0.4268,0.5745,6.5036,10.1129,0
2012-12-21,14.915,34.12,4.9292,,,,,0
2012-12-21,15.0964,34.1426,5.0915,0.8679,0.2649,13.0338,19.6232,0
2012-12-21,14.9484,34.1358,5.1065,,,,,0
2012-12-21,14.2351,34.0687,5.1127,,,,,0
2012-12-21,14.3897,34.1183,5.0228,,,,,0
2012-12-21,14.362,34.1131,5.0039,,,,,0
2012-12-21,15.3932,34.1054,4.9442,0.7134,0.4799,11.163,15.9605,0
2012-12-21,16.3749,34.1952,4.8792,,,,,0
2012-12-21,16.0366,34.1304,4.98,0.3852,0.6271,5.8488,8.8389,0
2012-12-21,16.2443,34.1243,4.9655,,,,,0
2012-12-21,16.7782,34.1854,4.8973,,,,,0
2012-12-21,16.9145,34.2022,4.8108,0.3699,0.727,5.1667,8.1486,0
2012-12-21,14.0981,33.9724,5.0683,,,,,0
2012-12-21,14.134,33.9487,5.1283,0.5955,0.4924,7.8148,13.0325,0
2012-12-26,13.0021,33.6684,5.6286,0.531,0.508,5.517,7.582000000000002,0
2012-12-26,14.9104,34.0353,,,,,,0
2012-12-26,15.7013,34.1162,5.1429,0.355,0.488,4.1080000000000005,7.3679999999999986,0
2012-12-26,15.1558,34.0435,5.2857,0.363,0.45799999999999996,6.032,10.31,0
2012-12-26,15.9113,34.1672,,,,,,0
2012-12-26,12.9552,33.8194,5.6286,0.495,0.39299999999999996,9.256,14.418,0
2012-12-26,11.2697,33.5822,,,,,,0
2012-12-26,11.5662,33.5293,5.7143,0.545,0.602,8.834,11.859000000000002,0
2012-12-27,10.9955,33.4443,,,,,,0
2012-12-27,12.1082,33.6023,,,,,,0
2012-12-27,13.9094,33.9639,,,,,,0
2012-12-27,16.0695,34.2461,5.0857,0.434,0.442,6.314,10.978,0
2012-12-27,16.385,34.229,,,,,,0
2012-12-27,16.9421,34.2388,,,,,,0
2012-12-27,17.2422,34.3097,5.2,0.277,0.517,3.335,5.496,0
2012-12-27,16.7126,34.2343,,,,,,0
2012-12-27,14.6071,34.0562,5.3429,0.471,0.156,7.558,12.564,0
2012-12-27,13.1563,33.7604,,,,,,0
2012-12-27,11.4459,33.3714,6.0571,0.6779999999999999,0.249,9.127,13.564,0
2012-12-27,12.2388,33.5776,,,,,,0
2012-12-27,11.3779,33.4281,,,,,,0
2012-12-27,10.0168,33.2891,,,,,,0
2012-12-27,9.4695,33.1251,6.9429,0.7759999999999999,0.381,8.559,12.667,0
2012-12-27,12.6663,33.6521,,,,,,0
2012-12-27,17.1953,34.2409,5.2286,0.5710000000000001,0.507,3.736,6.876,0
2012-12-27,16.9621,34.2194,,,,,,0
2012-12-27,16.8174,34.2011,5.1714,0.58,0.342,4.521,8.365,0
2013-01-04,16.6987,34.2233,5.1714,0.34600000000000003,0.35200000000000004,6.067,8.72,0
2013-01-04,16.6194,34.3053,,,,,,0
2013-01-04,16.4393,34.2283,5.6857,0.36200000000000004,0.272,5.237,8.577,0
2013-01-04,16.4284,34.224000000000004,,,,,,0
2013-01-05,17.3219,34.3474,5.6,0.301,0.332,4.498,7.1610000000000005,0
2013-01-05,17.168,34.254,,,,,,0
2013-01-05,16.9749,34.2506,5.4,0.374,0.289,5.216,8.611,0
2013-01-05,16.734,34.1264,,,,,,0
2013-01-05,16.4368,34.154,5.2571,0.392,0.234,5.5870000000000015,9.228,0
2013-01-07,16.1887,34.1807,,,,,,0
2013-01-07,16.0717,34.1863,6.0,0.38299999999999995,0.287,6.5889999999999995,10.327,0
2013-01-07,15.9762,34.1523,,,,,,0
2013-01-07,15.4067,33.9172,6.2,0.35200000000000004,0.07400000000000001,6.09,10.768,0
2013-01-07,14.4724,33.5543,,,,,,0
2013-01-07,13.3914,33.3322,,,,,,0
2013-01-07,13.8996,33.4897,5.8,0.24600000000000002,0.156,6.625,11.459,0
2013-01-07,14.4334,33.7087,,,,,,0
2013-01-07,15.0129,33.9033,5.6,0.348,0.079,6.345,11.196,0
2013-01-07,15.0378,33.9711,,,,,,0
2013-01-07,15.2701,34.0089,6.1429,0.33799999999999997,0.076,6.205,10.945,0
2013-01-07,15.5067,34.1354,,,,,,0
2013-01-07,15.373,34.1333,5.8,0.33399999999999996,0.099,6.0070000000000014,10.303,0
2013-01-08,15.4505,34.2074,,,,,,0
2013-01-08,14.7428,33.9901,6.1429,0.541,0.181,6.077999999999999,10.994000000000002,0
2013-01-08,14.2267,33.9489,,,,,,0
2013-01-08,12.6796,33.9464,5.9714,0.446,0.207,6.864,11.268,0
2013-01-08,10.0416,33.3176,,,,,,0
2013-01-29,10.7706,32.4457,6.1249,0.7144,0.0877,15.3317,21.2097,0
2013-01-29,10.4425,32.247,6.2383,0.7767,0.0671,15.6492,21.9338,0
2013-01-29,10.1434,32.0677,6.2695,0.7256,0.06,13.8857,22.7407,0
2013-01-29,9.9339,32.0723,6.296,0.6267,0.0842,11.75,17.5,0
2013-01-30,11.7005,32.7668,6.0156,0.5533,0.0797,9.7357,14.9152,0
2013-01-30,12.9375,33.0229,5.9307,0.4411,0.0761,7.3485,11.6412,0
2013-01-30,13.534,33.2453,5.8176,0.4078,0.0904,7.0958,11.5596,0
2013-01-30,14.5111,33.6165,5.6484,0.4833,0.094,6.4633,10.5428,0
2013-01-30,15.9126,33.9105,5.4459,0.3344,0.1191,4.7564,7.5201,0
2013-01-30,17.6757,34.4778,5.1941,0.2411,0.35,3.1503,5.4262,0
2013-01-30,16.9871,34.4309,5.1408,0.3231,0.2835,4.1122,6.5403,0
2013-01-30,17.3654,34.47,5.1961,0.25,0.2856,3.1818,5.247000000000001,0
2013-01-30,16.1458,33.9354,,,,,,0
2013-01-30,15.6596,33.8093,5.5351,0.3711,0.0967,5.0315,7.9898,0
2013-01-30,15.1339,33.7729,5.5913,0.4333,0.0645,5.6656,9.4678,0
2013-01-30,13.4407,33.2666,5.8318,0.44,0.0689,7.1836,11.4822,0
2013-01-30,12.7135,32.9764,5.9598,0.49,0.0689,8.158999999999999,12.6559,0
2013-01-30,10.0202,31.9916,6.3254,0.6167,0.0591,11.5036,16.954,0
2013-01-30,9.3259,31.787,6.4113,0.5833,0.0564,11.1527,16.7112,0
2013-01-30,9.0331,31.4127,6.4396,0.5778,0.0582,10.8364,15.6457,0
2013-01-31,9.5203,31.7512,6.3261,0.7956,0.0501,15.3859,23.3132,0
2013-01-31,8.8419,31.7168,6.4089,0.5,0.0828,8.3534,12.195,0
2013-01-31,9.323,32.0706,6.296,0.4825,0.0648,8.1679,11.5233,0
2013-01-31,9.6167,32.1912,6.3522,0.5753,0.0801,9.8729,15.0415,0
2013-01-31,11.4454,32.832,6.1261,0.5273,0.0981,7.8495,11.6085,0
2013-01-31,13.0363,33.3774,5.9294,0.4716,0.1107,6.8452,11.1326,0
2013-01-31,15.0399,33.8578,5.6478,0.4607,0.1485,5.8916,9.5689,0
2013-02-03,15.3483,33.9394,5.5304,0.4083,0.117,5.6697,9.4805,0
2013-02-03,15.8245,34.0585,5.3943,0.4181,0.081,5.4437,9.0867,0
2013-02-03,16.6387,34.3168,5.2242,0.3635,0.2304,4.5738,7.376,0
2013-02-03,16.6993,34.2954,5.3402,0.2587,0.1746,3.4077,5.4514,0
2013-02-03,16.7997,34.3659,5.2258,0.2629,0.2927,3.8964,6.4689999999999985,0
2013-02-16,11.6019,33.8703,6.0286,0.2517,0.603,6.921,9.052,0
2013-02-16,14.3731,34.3345,,,,,,0
2013-02-16,14.524,34.3419,5.5714,0.1296,0.333,4.742,7.822999999999999,0
2013-02-16,13.2377,34.2027,5.8286,0.2611,0.37,3.4219999999999997,8.954,0
2013-02-16,14.0435,34.2904,,,,,,0
2013-02-16,13.4832,34.2595,5.7714,0.3202,0.335,5.012,8.285,0
2013-02-16,10.975,34.0777,,,,,,0
2013-02-16,6.32,33.983000000000004,6.59,0.3964,8.6538,5.5426,0.2099,0
2013-02-16,11.1403,34.1109,6.1429,0.2045,0.365,4.2139999999999995,6.474,0
2013-02-16,8.01,34.09,6.3,,,,,0
2013-02-16,10.9541,34.1175,,,,,,0
2013-02-16,9.9,34.189,6.0,0.4725,9.5162,7.159,0.3369,0
2013-02-17,11.9398,34.073,,,,,,0
2013-02-17,9.36,34.144,6.06,,,,,0
2013-02-17,11.509,34.0354,,,,,,0
2013-02-17,13.531,34.2327,5.8,0.1509,0.314,5.48,8.702,0
2013-02-17,5.96,33.854,6.58,0.33399999999999996,5.6253,3.855,0.1458,0
2013-02-17,14.3331,34.2891,,,,,,0
2013-02-17,9.71,34.146,5.99,,,,,0
2013-02-17,15.1286,34.4072,,,,,,0
2013-02-17,11.12,34.204,5.78,0.4852,8.6272,6.4733,0.4729,0
2013-02-17,15.1717,34.4008,5.3714,0.1753,0.362,4.7860000000000005,7.694,0
2013-02-17,15.2041,34.3646,,,,,,0
2013-02-17,13.8709,34.2636,5.7143,0.2186,0.3720000000000001,5.276,8.738999999999999,0
2013-02-17,10.0583,33.8625,,,,,,0
2013-02-17,9.396,33.855,6.2857,0.1501,0.481,3.529,7.482,0
2013-02-17,7.05,34.006,6.45,0.4567,8.6548,6.315,0.2059,0
2013-02-17,10.4316,33.9291,,,,,,0
2013-02-17,8.4688,33.7552,,,,,,0
2013-02-17,7.4797,33.584,,,,,,0
2013-02-17,10.45,34.089,5.87,,,,,0
2013-02-17,8.9753,33.7085,6.4857,0.2249,0.383,5.742999999999999,10.661,0
2013-02-17,12.559,34.2212,,,,,,0
2013-02-17,10.6,34.104,5.88,0.4556,8.7154,6.9403,0.2227,0
2013-02-17,14.4273,34.2933,5.2286,0.1871,0.386,5.136,8.648,0
2013-02-17,15.5686,34.3756,,,,,,0
2013-02-17,10.59,34.131,5.91,,,,,0
2013-02-17,15.2419,34.2698,5.2571,0.1296,0.391,4.479,7.747000000000001,0
2013-02-17,10.98,34.203,5.84,0.4884,9.0313,6.7174,0.4345,0
2013-02-17,10.37,34.181999999999995,5.93,,,,,0
2013-02-18,10.2,34.181999999999995,5.96,0.5,9.6576,6.9921,0.3172,0
2013-02-18,10.51,34.158,5.85,,,,,0
2013-02-18,10.05,34.159,5.92,0.5085,9.9341,6.9673,0.2759,0
2013-02-18,9.69,34.167,6.01,,,,,0
2013-02-21,15.7813,34.4319,6.2857,0.0296,0.434,5.206,7.138,0
2013-02-21,15.2976,34.4448,,,,,,0
2013-02-21,14.974,34.4169,5.2,0.0635,0.514,4.635,7.377999999999999,0
2013-02-21,15.0188,34.3713,,,,,,0
2013-02-21,15.772,34.4912,5.3714,0.0226,0.446,4.309,6.796,0
2013-02-21,15.6539,34.4274,,,,,,0
2013-02-21,16.1749,34.4766,5.2857,0.0407,0.382,2.783,5.101,0
2013-02-21,16.4273,34.526,,,,,,0
2013-02-21,16.0936,34.4432,5.4286,0.0887,0.335,3.0810000000000004,5.466,0
2013-02-24,14.5132,34.1862,,,,,,0
2013-02-24,12.9924,33.9111,6.1429,0.1974,0.251,6.2360000000000015,10.027,0
2013-02-24,12.635,33.8015,,,,,,0
2013-02-24,12.2212,33.5719,5.7143,0.1769,0.209,6.6770000000000005,10.977,0
2013-02-24,10.9766,33.2053,,,,,,0
2013-02-24,10.678,33.3462,,,,,,0
2013-02-24,10.5359,33.3311,6.4286,0.1982,0.195,7.005,10.693,0
2013-02-24,11.0449,33.4868,,,,,,0
2013-02-24,11.3816,33.6405,6.0,0.2147,0.182,5.8370000000000015,11.068,0
2013-02-24,9.1,34.168,6.09,,,,,0
2013-02-24,9.4,34.19,6.09,0.5211,9.9894,7.0987,0.33,0
2013-02-24,11.2238,33.6901,,,,,,0
2013-02-24,6.94,34.042,6.33,,,,,0
2013-02-24,11.3223,33.7419,6.1143,0.2297,0.231,6.102,10.934,0
2013-02-25,9.74,34.196,6.06,0.4926,9.9128,6.5146,0.3143,0
2013-02-25,12.0279,33.8671,,,,,,0
2013-02-25,12.5933,33.9445,6.0286,0.4029,0.29600000000000004,4.4510000000000005,10.236,0
2013-02-25,10.06,34.203,5.96,,,,,0
2013-02-25,13.9794,34.1741,,,,,,0
2013-02-25,10.61,34.131,5.97,0.4355,8.1689,6.2184,0.2483,0
2013-02-25,10.12,34.148,5.96,,,,,0
2013-02-25,12.9975,34.0708,5.8,0.2336,0.273,5.4270000000000005,9.561,0
2013-02-25,12.362,34.0683,,,,,,0
2013-02-25,10.28,34.033,5.91,0.4757,8.1285,7.0245,0.1084,0
2013-02-25,9.5076,33.5437,6.0286,0.3249,0.252,8.517000000000001,12.602,0
2013-02-25,8.5293,33.2895,,,,,,0
2013-02-25,10.28,34.051,5.91,,,,,0
2013-02-25,10.37,34.114000000000004,5.91,0.5133,8.2261,6.7277,0.2476,0
2013-02-25,5.93,33.98,6.62,,,,,0
2013-02-25,6.54,34.021,6.62,0.4528,8.2826,5.7851,0.1618,0
2013-02-25,8.0,34.087,6.35,,,,,0
2013-02-25,11.23,34.221,5.8,,,,,0
2013-02-25,10.89,34.209,5.88,0.4249,6.8452,5.2649,0.3314,0
2013-02-25,10.26,34.102,5.9,,,,,0
2013-02-26,10.18,34.085,5.94,0.5048,8.3539,6.5803,0.2225,0
2013-02-26,10.24,34.038000000000004,5.9,,,,,0
2013-02-26,10.22,34.04,5.91,0.4879,8.6244,7.5358,0.1069,0
2013-02-26,10.26,34.065,5.9,,,,,0
2013-02-26,10.21,34.061,5.93,0.5,8.4295,7.1099,0.1522,0
2013-02-26,10.33,34.167,6.0,,,,,0
2013-02-26,11.43,34.208,5.86,0.4649,8.52,6.3729999999999976,0.395,0
2013-02-26,10.9,34.188,5.94,,,,,0
2013-02-26,10.77,34.187,5.99,,,,,0
2013-02-26,11.2796,33.9241,,,,,,0
2013-02-26,8.0927,32.5693,6.8149,0.85,0.2626,11.036,11.6388,0
2013-02-26,5.1485,32.0452,,,,,,0
2013-02-26,6.1164,32.323,7.39,0.5444,0.1127,15.055,14.6602,0
2013-02-26,8.0056,32.1137,,,,,,0
2013-02-26,11.08,34.2,5.95,,,,,0
2013-02-26,11.17,34.206,5.95,,,,,0
2013-02-26,7.4169,32.5395,7.524,0.8290000000000001,0.1246,12.575999999999999,14.9218,0
2013-02-26,11.49,34.213,5.9,0.5,8.9353,7.0881,0.447,0
2013-02-26,7.256,32.4836,,,,,,0
2013-02-26,11.75,34.139,5.8,,,,,0
2013-02-26,8.1651,32.6389,7.3377,0.9714,0.0833,13.074000000000002,13.1413,0
2013-02-26,11.22,34.158,5.86,0.546,9.654,7.1129999999999995,0.475,0
2013-02-26,9.1416,32.8261,7.4093,,,,,0
2013-02-26,12.4,34.196,5.72,,,,,0
2013-02-27,9.98,34.181999999999995,6.09,0.3632,7.6693,5.5564,0.2909,0
2013-02-27,7.502000000000002,32.3071,7.1371,,,,,0
2013-02-27,9.76,34.16,6.08,,,,,0
2013-02-27,7.8619,32.5048,7.0224,0.8174,0.1433,14.045,11.9076,0
2013-02-27,10.11,34.062,5.97,0.4177,8.2496,6.8527,0.1175,0
2013-02-27,7.3684,32.0379,6.9221,0.7455,0.0797,14.814,11.6013,0
2013-02-27,6.3967,32.263000000000005,,,,,,0
2013-02-27,9.77,34.159,6.07,,,,,0
2013-02-27,12.33,34.189,5.69,0.3875,8.6144,6.0551,0.4408,0
2013-02-27,12.18,34.247,5.75,,,,,0
2013-02-27,12.17,34.244,5.8,0.4322,8.1474,5.9221,0.4682,0
2013-02-27,12.31,34.154,5.77,,,,,0
2013-02-27,5.4753,32.0146,7.4237,0.6239,0.0959,12.647,8.951,0
2013-02-27,12.02,34.118,5.67,0.4903,10.0256,6.8644,0.4326,0
2013-02-27,10.64,34.168,5.91,,,,,0
2013-02-27,5.0348,31.8931,,,,,,0
2013-02-27,10.66,34.173,5.94,,,,,0
2013-02-27,12.1,34.132,5.79,,,,,0
2013-02-27,11.94,34.13,5.78,,,,,0
2013-02-27,13.04,34.246,5.76,0.3434,7.2671,4.9471,0.3672,0
2013-02-27,4.409,31.6685,7.1514,0.7294,0.1475,15.237,14.01,0
2013-02-27,12.82,34.225,5.7,,,,,0
2013-02-27,6.0941,32.2282,,,,,,0
2013-02-27,6.6801,32.3561,7.352,0.9765,0.1383,13.614,11.1358,0
2013-02-27,12.98,34.274,5.68,0.3271,7.2225,4.942,0.5042,0
2013-02-27,6.9126,32.4066,,,,,,0
2013-02-27,11.89,34.232,5.77,,,,,0
2013-02-27,7.1261,32.4211,6.8074,0.8197,0.2976,11.82,11.5419,0
2013-02-27,6.8536,32.2645,,,,,,0
2013-02-27,6.9226,32.167,7.2087,0.7556,0.4384,15.334000000000001,7.7802,0
2013-02-27,13.72,34.288000000000004,5.53,,,,,0
2013-02-28,6.9432,32.1788,7.1227,,,,,0
2013-02-28,13.74,34.289,5.58,0.3921,8.2433,5.2558,0.4054,0
2013-02-28,14.3,34.367,5.56,,,,,0
2013-02-28,12.77,34.203,5.67,0.4084,8.657,5.9522,0.4744,0
2013-02-28,6.3972,32.0234,7.352,,,,,0
2013-02-28,6.4135,32.0586,7.18,0.8746,0.1885,9.664,8.9496,0
2013-02-28,6.0546,32.0619,,,,,,0
2013-02-28,6.0848,32.1599,7.1084,0.898,0.2359,12.773,8.4467,0
2013-02-28,6.1522,32.2886,,,,,,0
2013-02-28,5.9484,32.2127,6.9507,0.6358,0.13,13.155,9.9425,0
2013-02-28,5.5822,32.0959,,,,,,0
2013-02-28,5.2202,32.0729,7.223,0.9174,0.1312,12.227,8.6064,0
2013-02-28,4.6518,31.8895,,,,,,0
2013-02-28,4.0308,31.6123,7.6387,0.9191,0.0878,15.603,9.6277,0
2013-03-03,3.8164,31.5719,7.08,0.8292,0.0969,19.259,14.5026,0
2013-03-03,3.9835,31.4959,,,,,,0
2013-03-03,4.3151,31.8538,7.8823,0.7406,0.1269,18.180999999999997,12.5433,0
2013-03-03,3.8907,31.7658,,,,,,0
2013-03-03,4.3189,31.8889,7.9826,0.9805,0.1491,18.381,10.9309,0
2013-03-03,4.8888,32.0803,,,,,,0
2013-03-03,6.2573,32.2399,7.2374,0.8495,0.1417,13.466,8.6581,0
2013-03-03,6.2685,31.7882,,,,,,0
2013-03-03,6.1918,32.1975,7.1944,0.9294,0.1597,13.65,10.0005,0
2013-03-03,6.1677,32.0881,7.4093,,,,,0
2013-03-03,5.852,32.0929,7.309,,,,,0
2013-03-03,5.9375,32.1856,7.35,0.8195,0.0951,13.549000000000001,6.7228,0
2013-03-04,5.8069,32.1882,,,,,,0
2013-03-04,4.5847,32.0339,7.78,0.574,0.1081,16.2,7.5869,0
2013-03-04,3.156,31.5945,,,,,,0
2013-03-04,2.6089,31.3934,8.07,0.6832,0.2082,17.096,9.8805,0
2013-03-04,2.365,31.2983,,,,,,0
2013-03-04,2.3021,31.0893,8.46,0.7408,0.1049,23.1,12.6631,0
2013-04-04,4.9194,31.1792,7.9754,0.177,0.1909,18.197,5.1286,0
2013-04-04,5.8106,31.3425,,,,,,0
2013-04-04,5.42,31.5181,7.891,0.4913,0.1565,14.732000000000001,3.8625,0
2013-04-04,5.9891,31.6995,,,,,,0
2013-04-04,5.7875,32.1146,7.8348,0.203,0.0786,8.1,5.4737,0
2013-04-05,6.5748,32.2052,,,,,,0
2013-04-05,6.2819,32.1891,7.5394,0.5955,0.079,9.5,5.9482,0
2013-04-05,6.6708,32.0747,7.3143,,,,,0
2013-04-05,7.1334,32.1222,7.3706,,,,,0
2013-04-05,7.1779,32.229,7.7363,0.3398,0.0997,9.785,5.955,0
2013-04-05,7.3827,32.2964,,,,,,0
2013-04-05,7.1893,32.2941,8.1161,0.0654,0.042,4.683,2.1784,0
2013-04-05,6.5967,31.9902,,,,,,0
2013-04-05,6.3408,31.8274,8.088,0.6213,0.0597,12.302999999999999,6.8045,0
2013-04-05,6.739,31.942,,,,,,0
2013-04-05,6.1368,31.8317,7.7082,0.8131,0.1229,15.967,6.3149,0
2013-04-05,5.8569,31.6667,,,,,,0
2013-04-05,6.4318,31.585,8.2146,0.5331,0.0671,11.308,5.6042,0
2013-04-12,10.51,34.16,6.27,0.0854,1.7858,0.6092,0.1016,0
2013-04-12,5.9851,31.7196,7.6379,0.5133,0.0632,15.705,4.6564,0
2013-04-12,11.79,34.274,5.94,,,,,0
2013-04-12,11.71,34.236999999999995,5.93,0.2043,3.1741,2.472,0.2708,0
2013-04-12,5.9033,31.8919,,,,,,0
2013-04-12,11.49,34.265,6.02,,,,,0
2013-04-12,6.2106,32.078,7.6519,0.4019,0.0863,14.935,4.2297,0
2013-04-12,6.5361,32.2919,,,,,,0
2013-04-12,11.76,34.198,6.03,0.1849,3.2959,2.055,0.2004,0
2013-04-12,6.3588,32.28,7.5394,0.3612,0.0667,14.856,4.0726,0
2013-04-12,6.4473,32.2665,,,,,,0
2013-04-12,11.71,34.319,5.98,,,,,0
2013-04-12,6.9223,32.3346,8.3271,0.2821,0.1087,5.3260000000000005,2.0805,0
2013-04-12,6.8931,32.2976,,,,,,0
2013-04-12,12.18,34.284,5.88,0.2422,3.8995,2.3963,0.2845,0
2013-04-12,8.0185,32.2758,7.5957,0.63,0.076,10.05,4.7459,0
2013-04-12,7.3938,32.1966,7.6379,,,,,0
2013-04-12,8.0708,32.3316,7.6801,,,,,0
2013-04-12,8.26,34.039,6.46,0.213,6.1370000000000005,2.427,0.1327,0
2013-04-12,7.8785,32.3635,7.5816,0.6042,0.0837,12.665999999999999,4.7856,0
2013-04-12,7.7433,32.385,,,,,,0
2013-04-12,11.42,34.277,5.88,,,,,0
2013-04-12,7.2397,32.357,7.4128,0.5966,0.109,11.447000000000001,4.6453,0
2013-04-12,12.27,34.291,5.82,0.2497,4.194,2.5192,0.3303,0
2013-04-12,7.517,32.3931,,,,,,0
2013-04-13,6.8097,32.3115,7.4269,0.6173,0.1649,15.037,5.4136,0
2013-04-13,12.13,34.292,5.85,,,,,0
2013-04-13,6.654,32.1763,,,,,,0
2013-04-13,7.2111,31.6617,7.3706,0.257,0.0141,6.108,1.1837,0
2013-04-13,12.66,34.312,5.75,0.2638,3.5925,2.4143,0.3394,0
2013-04-13,12.66,34.255,5.93,,,,,0
2013-04-13,11.39,34.198,6.05,0.1719,2.6819,1.7681,0.1683,0
2013-04-13,7.0989,32.0643,,,,,,0
2013-04-13,7.2244,32.2392,7.3143,0.5024,0.0379,14.115,5.6888,0
2013-04-13,10.6,34.188,6.32,,,,,0
2013-04-13,11.0,34.203,6.28,0.0659,1.5309,0.7661,0.0759,0
2013-04-13,10.48,34.108000000000004,6.4,,,,,0
2013-04-15,10.67,34.109,5.95,,,,,0
2013-04-15,10.64,34.125,6.57,0.0865,0.8513,0.7077,0.0924,0
2013-04-15,11.34,34.242,6.33,,,,,0
2013-04-15,11.67,34.273,6.28,0.0692,0.6473,0.4982,0.0613,0
2013-04-15,12.63,34.187,5.85,,,,,0
2013-04-15,14.03,34.343,5.72,0.293,7.6699,3.0821,0.3934,0
2013-04-15,12.67,34.336,5.79,,,,,0
2013-04-15,11.71,34.253,5.96,0.2412,4.4276,2.47,0.2337,0
2013-04-15,9.47,34.125,6.4,,,,,0
2013-04-15,11.98,34.275,5.89,0.2467,4.1257,2.8495,0.2734,0
2013-04-15,11.66,34.22,6.03,0.1996,5.2048,2.6327,0.2443,0
2013-04-16,11.14,34.169000000000004,5.9,,,,,0
2013-04-16,11.17,34.161,6.05,0.21600000000000003,5.4759,3.0551,0.2848,0
2013-04-16,13.47,34.342,5.79,,,,,0
2013-04-16,14.28,34.401,5.43,0.2807,7.2882,3.1642,0.3748,0
2013-04-16,13.91,34.342,5.65,,,,,0
2013-04-16,12.3,34.149,5.99,0.159,4.7048,1.3589,0.2363,0
2013-04-16,12.01,34.15,6.15,0.2007,4.7305,1.8526,0.2857,0
2013-04-16,11.97,34.143,6.08,,,,,0
2013-04-17,12.31,34.064,5.54,,,,,0
2013-04-17,12.86,34.103,5.6,,,,,0
2013-04-17,13.43,34.164,5.76,0.1623,7.5151,3.8507,0.6314,0
2013-04-17,7.8958,32.3316,,,,,,0
2013-04-17,8.2312,32.4919,7.3425,0.7125,0.0571,12.917,3.0822,0
2013-04-17,8.3509,32.5265,,,,,,0
2013-04-17,8.7755,32.5695,7.3847,0.5606,0.0732,14.027000000000001,5.5233,0
2013-04-17,9.0531,32.4529,8.0317,,,,,0
2013-04-18,14.13,34.277,5.59,,,,,0
2013-04-18,8.8168,32.6308,7.3143,,,,,0
2013-04-18,11.13,34.168,5.97,0.2643,5.8189,3.0284,0.2169,0
2013-04-18,11.19,34.163000000000004,5.88,,,,,0
2013-04-18,11.08,34.155,5.99,0.2215,5.3476,2.9338,0.2549,0
2013-04-18,9.0161,32.6742,7.4831,0.4735,0.0881,15.123,6.8112,0
2013-04-18,9.6408,33.0115,,,,,,0
2013-04-18,11.33,34.192,6.04,,,,,0
2013-04-18,9.9668,33.1115,6.9627,0.2465,0.0918,11.312000000000001,5.6824,0
2013-04-18,11.63,34.231,5.96,0.2259,4.9481,2.9215,0.2707,0
2013-04-18,10.3941,33.2119,,,,,,0
2013-04-18,11.4628,33.6167,6.8502,0.6903,0.1751,8.894,2.2305,0
2013-04-18,11.17,34.16,6.17,,,,,0
2013-04-18,9.4677,32.6904,,,,,,0
2013-04-18,10.6995,33.2152,7.03,0.479,0.0508,12.659,4.5322,0
2013-04-18,10.87,34.148,6.28,0.1513,5.7028,2.2483,0.1702,0
2013-04-18,11.3384,33.3834,,,,,,0
2013-04-18,11.18,34.153,6.1,,,,,0
2013-04-18,13.76,34.177,5.88,0.2544,6.6906,2.8852,0.5106,0
2013-04-18,13.9533,34.2212,5.77,,,,,0
2013-04-19,14.34,34.324,6.32,0.2982,8.3797,4.1583,0.4418,0
2013-04-19,13.51,34.153,5.78,0.2127,6.8303,2.9515,0.4515,0
2013-04-19,13.25,34.129,5.79,,,,,0
2013-04-19,12.59,34.064,5.54,,,,,0
2013-04-19,13.5,34.181,5.56,,,,,0
2013-04-19,14.13,34.284,5.54,0.2741,8.8017,3.8663,0.4365,0
2013-04-19,14.87,34.41,5.2,,,,,0
2013-04-19,14.18,34.332,5.54,0.2171,7.4525,2.7377,0.3942,0
2013-04-20,13.05,34.294000000000004,5.94,0.0252,3.2467,1.6411,0.2478,0
2013-04-20,14.75,34.397,5.42,,,,,0
2013-04-20,15.42,34.485,5.16,0.2599,8.277000000000001,3.5415,0.4118,0
2013-04-20,15.27,34.465,5.15,,,,,0
2013-04-20,13.23,34.135,5.56,0.2873,8.9393,3.965,0.754,0
2013-04-21,13.8073,34.2857,24.0,0.249,0.46,3.3569999999999998,8.245,0
2013-04-21,15.9022,34.5765,,,,,,0
2013-04-21,16.1156,34.6109,5.9714,0.115,0.161,0.985,6.0920000000000005,0
2013-04-22,13.5873,34.2097,6.1143,0.242,0.436,3.2769999999999997,7.5470000000000015,0
2013-04-22,12.3993,33.9809,,,,,,0
2013-04-22,12.4556,34.099000000000004,6.1429,0.228,0.248,1.882,6.346,0
2013-04-22,12.2524,34.0313,,,,,,0
2013-04-22,11.9732,33.7762,6.3429,0.324,0.365,4.703,9.726,0
2013-04-22,12.0339,33.7516,,,,,,0
2013-04-22,12.8533,34.0049,,,,,,0
2013-04-22,14.3733,34.3715,,,,,,0
2013-04-22,14.6175,34.3685,5.8571,0.185,0.5429999999999999,2.765,7.239,0
2013-04-22,15.7305,34.551,,,,,,0
2013-04-22,16.2387,34.5448,,,,,,0
2013-04-22,17.8627,34.6336,6.2571,0.013000000000000001,0.087,0.494,2.886,0
2013-04-22,16.2656,34.5322,,,,,,0
2013-04-22,13.3093,34.0426,6.1143,0.18,0.405,4.051,7.9220000000000015,0
2013-04-22,14.1916,34.2263,,,,,,0
2013-04-22,12.7719,33.8383,6.6286,0.223,0.431,4.234,8.515,0
2013-04-22,12.6013,33.6621,,,,,,0
2013-04-22,12.1831,33.702,,,,,,0
2013-04-22,12.4969,33.6004,,,,,,0
2013-04-22,12.3959,33.6659,6.2857,0.22,0.341,5.279,9.851,0
2013-04-23,12.1508,33.5702,,,,,,0
2013-04-23,14.9244,34.4365,5.6857,0.046,0.659,1.361,5.78,0
2013-04-23,15.8864,34.5416,,,,,,0
2013-04-23,15.6406,34.5085,5.6571,0.009000000000000001,0.395,0.893,5.553,0
2013-04-26,14.9456,34.3455,,,,,,0
2013-04-26,14.3524,34.1332,6.0571,0.059000000000000004,1.035,1.479,5.2,0
2013-04-26,13.8319,33.928000000000004,,,,,,0
2013-04-26,13.6543,33.8505,5.9714,0.19399999999999998,0.701,3.3539999999999996,6.606,0
2013-04-26,13.961,33.9977,,,,,,0
2013-04-26,12.6998,33.5638,6.3429,0.303,0.264,4.9719999999999995,9.687,0
2013-04-26,11.4986,33.2589,,,,,,0
2013-04-26,11.0951,33.1031,6.6,0.266,0.315,4.997,12.254,0
2013-04-26,11.0078,33.0198,,,,,,0
2013-04-27,12.1631,33.2947,,,,,,0
2013-04-27,13.3168,33.7131,6.3143,0.13,0.297,3.423,8.668,0
2013-04-27,13.6131,33.8184,,,,,,0
2013-04-27,14.9964,34.2681,5.9714,0.146,1.141,1.892,6.827000000000001,0
2013-04-27,15.2065,34.3255,,,,,,0
2013-04-27,15.2304,34.2644,5.8,0.078,0.708,1.367,5.742000000000001,0
2013-04-28,17.2628,34.5418,,,,,,0
2013-04-28,17.5151,34.5545,5.8,0.013999999999999999,0.085,0.182,4.916,0
2013-04-28,18.5109,34.6038,,,,,,0
2013-04-28,18.5632,34.6241,5.9143,0.01,0.065,0.015,3.861,0
2013-04-28,18.4572,34.6173,,,,,,0
2013-04-28,17.1405,34.5598,5.9714,0.031,0.052000000000000005,0.096,4.0360000000000005,0
2013-04-28,18.1016,34.5961,,,,,,0
2013-04-28,16.715,34.5199,5.6,0.078,0.206,0.11199999999999999,6.4529999999999985,0
2013-04-29,14.6084,34.1369,6.1143,0.032,0.633,1.37,5.385,0
2013-04-29,14.6841,34.2171,,,,,,0
2013-04-29,13.9186,34.1488,5.9143,0.11,0.526,2.864,6.7879999999999985,0
2013-04-29,13.4163,34.0148,,,,,,0
2013-05-24,17.0602,31.7664,7.0565,,,1.2302,0.7274,0
2013-05-24,16.8377,32.3454,6.7762,,0.1851,2.9932,5.7579,0
2013-05-24,16.7472,32.2206,6.5501,,0.028,1.8330000000000002,9.5001,0
2013-05-24,16.8425,31.9126,6.5495,,0.0409,3.786,13.2391,0
2013-05-24,15.5869,31.9591,6.3808,,0.018000000000000002,2.0,7.9871,0
2013-05-24,16.8604,31.916,6.4625,,0.0424,2.1636,10.4222,0
2013-05-24,17.3524,32.869,5.6751,,0.0388,2.214,5.0268,0
2013-05-25,19.3413,33.7996,5.5345,,0.1157,2.8560000000000003,7.5558,0
2013-05-25,20.4192,33.2271,5.5346,,0.0625,2.4393,6.2135,0
2013-05-25,20.3876,32.4008,5.6753,,0.0093,0.642,4.7369,0
2013-05-25,21.4035,32.3616,5.5907,,0.0611,2.0401,3.3986,0
2013-05-30,20.7991,31.8501,5.5326,,0.2374,6.1877,5.5125,0
2013-05-30,19.5662,32.3478,5.6484,,0.0488,3.6261,7.7928,0
2013-05-30,18.1456,31.9459,5.8741,,,0.5037,11.9928,0
2013-05-30,18.7345,31.9432,5.9587,,0.0273,2.4239,10.9979,0
2013-05-30,17.469,31.8247,5.9583,,0.0151,3.202,10.1713,0
2013-05-30,18.8693,31.9075,5.8178,,,,,0
2013-05-30,18.8398,32.1645,5.7897,,0.0717,3.554,13.1049,0
2013-05-30,18.7234,32.2275,5.7899,,0.0782,3.4324,13.0217,0
2013-05-30,19.2989,32.1853,5.9578,,0.0402,2.1085,8.2146,0
2013-05-30,19.2995,32.1467,5.8727,,0.0251,2.4443,6.1938,0
2013-05-30,18.1977,31.2216,5.8977,,0.1714,4.8369,6.32,0
2013-05-30,15.5213,31.4791,5.5071,0.0744,0.2288,8.731,6.2008,0
2013-05-30,15.2427,31.7602,5.9301,0.0793,0.2009,8.4544,5.1758,0
2013-05-31,17.3875,32.015,6.3253,,0.0352,2.6466,7.1035,0
2013-05-31,17.9519,32.0288,5.79,,0.0014,2.0138,11.5019,0
2013-05-31,17.7967,31.9896,5.8995,,0.0129,4.33,13.706,0
2013-05-31,17.5581,31.9116,5.8452,,,,,0
2013-05-31,17.5241,31.9324,,,0.0308,3.0438,11.5479,0
2013-05-31,18.6084,32.3953,5.5361,,0.0237,2.9545,7.0033,0
2013-05-31,19.3428,32.3724,4.6039,0.2821,0.0954,10.2142,10.3507,0
2013-05-31,20.3958,31.6496,4.4894,0.2684,0.0509,9.1228,11.3115,0
2013-06-07,17.48,33.833,5.94,0.0467,0.4119,0.7829,0.0376,0
2013-06-07,17.62,34.529,6.5,,,,,0
2013-06-07,17.85,34.176,6.09,0.1369,1.2219,0.5792,0.033,0
2013-06-07,17.53,34.405,5.95,,,,,0
2013-06-07,18.54,33.827,5.68,0.1328,3.8198,0.6114,0.0367,0
2013-06-07,11.5838,31.2211,7.308,0.3024,0.0428,6.5001,1.888,0
2013-06-07,18.89,34.164,5.36,,,,,0
2013-06-07,12.1778,31.2499,,,,,,0
2013-06-07,19.01,34.087,5.26,0.1266,2.7477,0.4697,0.0312,0
2013-06-07,16.5149,31.7071,7.5912,0.4648,0.0364,1.7857,1.94,0
2013-06-07,19.3717,31.7701,,,,,,0
2013-06-07,19.0689,31.7193,6.2293,0.6479,0.0359,3.3572,1.2522,0
2013-06-08,17.7441,31.9117,,,,,,0
2013-06-08,18.2957,31.7671,6.526,0.8831,0.0612,2.7143,1.6989,0
2013-06-08,18.48,34.244,5.41,0.1183,2.8868,0.505,0.0394,0
2013-06-08,16.8594,31.9102,5.9327,,,,,0
2013-06-08,18.97,34.215,5.16,,,,,0
2013-06-08,19.21,34.219,5.11,0.1587,3.073,0.4952,0.0376,0
2013-06-08,17.2316,32.0449,6.1754,,,,,0
2013-06-08,19.18,33.718,5.59,,,,,0
2013-06-08,18.5022,31.9399,6.135,0.5719,0.084,2.4286,0.8645,0
2013-06-08,17.5478,31.9463,,,,,,0
2013-06-08,19.77,34.225,5.14,0.1286,3.7203,0.6262,0.0422,0
2013-06-08,17.2916,31.8581,6.4586,0.7902,0.04,2.0,0.6122,0
2013-06-08,19.18,33.945,5.34,,,,,0
2013-06-08,16.855,31.9703,,,,,,0
2013-06-08,18.1781,32.0499,6.5529,0.5458,0.0365,1.6429,1.2388,0
2013-06-08,18.87,33.902,5.49,0.1286,4.296,0.6737,0.0422,0
2013-06-08,17.2716,31.9645,,,,,,0
2013-06-08,17.21,34.034,5.61,,,,,0
2013-06-08,15.7139,31.5389,7.0653,0.7412,0.0426,2.7143,1.9384,0
2013-06-08,17.56,34.039,5.5,0.0768,0.3135,0.6037,0.0376,0
2013-06-08,15.165,31.376,,,,,,0
2013-06-08,17.7,34.118,6.0,,,,,0
2013-06-08,14.9318,31.3442,7.0249,0.3516,0.0358,2.0715,1.2458,0
2013-06-09,16.38,33.677,5.62,,,,,0
2013-06-09,16.2,34.104,6.01,0.1587,0.2878,0.5015,0.0623,0
2013-06-09,16.43,34.025,5.67,,,,,0
2013-06-09,17.61,33.899,5.93,0.1846,3.1907,0.7597,0.055,0
2013-06-09,18.4,33.874,5.36,,,,,0
2013-06-09,18.7,33.707,5.71,0.1598,2.2855,0.6741,0.0495,0
2013-06-09,19.8,33.665,5.31,,,,,0
2013-06-09,20.45,34.184,5.09,0.1483,4.0488,0.6093,0.0504,0
2013-06-09,19.57,34.069,5.21,,,,,0
2013-06-09,19.62,34.187,5.08,0.1556,2.9738,0.4912,0.0455,0
2013-06-10,19.72,34.298,5.02,0.2053,3.4530000000000003,0.561,0.0455,0
2013-06-10,19.42,34.135,5.09,,,,,0
2013-06-10,19.67,34.214,5.15,0.1831,2.6394,0.8125,0.0603,0
2013-06-10,20.03,34.64,5.15,,,,,0
2013-06-10,19.1272,30.7695,6.499,0.7507,0.0424,3.4286,1.7446,0
2013-06-10,20.41,33.601,5.1,0.2074,5.3398,0.4052,0.051,0
2013-06-10,15.0789,31.5033,,,,,,0
2013-06-10,19.94,31.7113,6.3102,0.3904,0.0408,2.8572,2.3233,0
2013-06-10,17.62,33.804,6.1,,,,,0
2013-06-10,18.7687,31.7952,,,,,,0
2013-06-10,17.45,33.985,5.83,1.2011,19.5819,15.1357,0.0566,0
2013-06-10,16.79,34.058,6.0,,,,,0
2013-06-10,20.9119,31.9784,6.4451,0.6542,0.0381,2.7858,0.8765,0
2013-06-10,17.04,34.06,5.41,,,,,0
2013-06-10,19.1883,31.923,,,,,,0
2013-06-10,19.8976,31.8679,6.6743,0.413,0.0348,6.9287,0.6692,0
2013-06-10,20.3955,31.8774,,,,,,0
2013-06-10,18.5152,31.948,6.0675,0.3385,0.038,6.143,0.4012,0
2013-06-10,21.0135,32.1044,6.0271,,,,,0
2013-06-10,20.6987,32.1488,5.8383,,,,,0
2013-06-11,20.7959,31.977,5.9327,0.4887,0.062,6.2858,0.7573,0
2013-06-11,20.6511,31.9243,,,,,,0
2013-06-11,20.6708,31.9631,6.0271,0.4722,0.0462,1.8572,0.4665,0
2013-06-11,20.3002,31.9634,,,,,,0
2013-06-11,20.2216,32.0297,6.3237,0.4045,0.0423,1.5715,1.0941,0
2013-06-11,19.6684,32.0777,,,,,,0
2013-06-11,16.5024,32.1453,5.8518,0.5112,0.0551,6.0001,6.9066,0
2013-06-11,14.7015,32.9016,,,,,,0
2013-06-11,12.0848,32.5664,6.7822,0.5079,0.0419,4.2858,4.4891,0
2013-06-11,19.36,33.552,5.16,,,,,0
2013-06-11,19.51,33.446,5.28,,,,,0
2013-06-11,19.9,33.365,5.09,0.1513,5.3913,0.4854,0.0668,0
2013-06-11,19.22,33.773,5.46,,,,,0
2013-06-11,20.18,34.229,4.95,0.1735,3.0489,0.5542,0.0464,0
2013-06-11,20.31,34.081,5.0,,,,,0
2013-06-11,19.85,34.101,5.15,0.1058,1.8032,0.5965,0.0612,0
2013-06-12,19.97,34.13,5.08,,,,,0
2013-06-12,20.06,34.117,5.02,0.1894,2.2727,0.5196,0.0733,0
2013-06-12,20.82,34.094,4.95,,,,,0
2013-06-12,20.93,34.125,5.0,0.1915,3.7114,0.9147,0.0492,0
2013-06-12,20.25,34.159,5.14,,,,,0
2013-06-12,20.49,33.727,4.93,0.2042,5.3645,0.7196,0.0408,0
2013-06-12,20.13,33.976,5.21,,,,,0
2013-06-12,19.7,33.297,5.16,0.1884,6.0635,0.6382,0.0399,0
2013-06-12,19.9,33.225,5.15,,,,,0
2013-06-12,19.96,33.323,5.23,,,,,0
2013-06-13,13.2594,32.57,,,,,,0
2013-06-13,20.0895,32.0063,6.081,0.5261,0.0395,2.0,1.0914,0
2013-06-13,20.0784,32.1234,,,,,,0
2013-06-13,20.4261,32.2236,5.6496,0.3322,0.0693,2.2143,1.172,0
2013-06-13,19.9616,32.3918,5.4338,,,,,0
2013-06-13,19.4802,31.014,5.7574,,,,,0
2013-06-13,19.8375,31.4868,5.5552,0.4127,0.0432,5.2858,4.9218,0
2013-06-13,19.34,32.2799,,,,,,0
2013-06-13,18.1824,32.4684,6.2563,0.2727,0.0425,2.0,2.8504,0
2013-06-13,20.21,33.181999999999995,5.16,,,,,0
2013-06-13,19.95,33.196,5.14,,,,,0
2013-06-13,16.2078,32.448,,,,,,0
2013-06-13,20.54,34.172,5.04,0.1376,5.2970000000000015,0.5209,0.038,0
2013-06-13,14.6307,32.8017,6.7822,0.3975,0.0491,3.1429,4.9419,0
2013-06-13,20.54,34.172,5.04,,,,,0
2013-06-13,16.3521,32.9456,,,,,,0
2013-06-14,20.9,34.16,5.08,0.1651,3.6535,0.6812,0.0473,0
2013-06-14,18.3649,32.8039,6.0271,0.4115,0.0367,2.0715,7.1294,0
2013-06-14,21.07,34.031,5.25,,,,,0
2013-06-14,18.7206,32.8832,,,,,,0
2013-06-14,19.9,33.321,5.22,,,,,0
2013-06-14,20.84,32.953,4.95,0.1746,5.2283,0.7755,0.0557,0
2013-06-14,20.95,32.924,5.08,,,,,0
2013-06-14,19.8,33.186,5.13,0.1386,6.2393,0.8067,0.0594,0
2013-06-17,19.8802,33.4032,5.5429,0.0411,0.068,0.373,6.725,0
2013-06-17,20.8816,32.9392,,,,,,0
2013-06-17,21.4674,32.6593,5.2,0.0252,0.084,0.525,5.424,0
2013-06-17,21.3822,32.9801,5.7143,0.0426,0.08900000000000001,0.308,5.033,0
2013-06-17,20.9316,33.1604,,,,,,0
2013-06-17,20.0975,33.3587,5.3429,0.0396,0.09,0.349,6.733,0
2013-06-17,20.4599,33.1566,,,,,,0
2013-06-20,20.3692,32.9367,5.2286,0.0404,0.204,0.713,6.9170000000000025,0
2013-06-20,20.5772,32.8614,,,,,,0
2013-06-20,20.4883,32.9305,,,,,,0
2013-06-20,20.6685,32.8343,,,,,,0
2013-06-20,20.7338,32.2205,5.6286,0.0449,0.097,0.4970000000000001,6.9060000000000015,0
2013-06-20,20.5587,32.1402,,,,,,0
2013-06-20,21.9255,32.1425,,,,,,0
2013-06-20,22.213,32.0686,5.2571,0.0305,0.09,0.446,6.369,0
2013-06-20,20.7788,32.4036,,,,,,0
2013-06-20,20.5567,31.7927,5.4286,0.0404,0.099,0.7290000000000001,6.013,0
2013-06-20,20.5988,32.8538,,,,,,0
2013-06-20,20.4744,32.7666,5.2857,0.0525,0.247,0.607,8.177999999999999,0
2013-06-22,20.752,32.9505,,,,,,0
2013-06-22,21.8383,32.9154,,,,,,0
2013-06-22,21.6542,33.1215,,,,,,0
2013-06-22,21.143,33.1161,5.6,0.0464,0.14400000000000002,0.77,6.109,0
2013-06-22,19.1792,33.2635,,,,,,0
2013-06-22,20.8349,32.2628,5.5714,0.0267,0.08800000000000001,0.534,7.434,0
2013-06-22,20.6072,32.3789,,,,,,0
2013-06-23,21.229,31.9884,5.3714,0.0457,0.099,0.428,9.341,0
2013-06-23,21.024,31.7772,6.2857,0.0434,0.069,0.33799999999999997,10.628,0
2013-06-23,22.5472,32.4396,,,,,,0
2013-06-23,22.7679,32.8507,5.3714,0.0457,0.093,0.435,4.776,0
2013-06-23,22.6643,32.5464,,,,,,0
2013-06-23,24.5721,33.7595,4.7143,0.0669,0.087,0.315,0.915,0
2013-06-23,22.5931,32.3701,,,,,,0
2013-06-23,22.2917,32.0819,5.7143,0.0328,0.086,0.319,5.944,0
2013-06-23,22.1336,31.8547,,,,,,0
2013-06-23,21.41,31.8155,5.4286,0.0616,0.07,0.27899999999999997,11.605,0
2013-06-24,20.7774,31.7387,,,,,,0
2013-06-24,21.2906,31.7511,5.3429,0.0335,0.084,0.358,9.668,0
2013-06-24,21.6091,31.618,,,,,,0
2013-06-24,21.5541,31.6379,5.9143,0.0518,0.07400000000000001,0.474,7.349,0
2013-06-24,21.8545,31.3438,,,,,,0
2013-06-24,22.9018,29.8355,,,,,,0
2013-06-24,22.8822,29.5984,4.7714,0.0206,0.138,0.807,4.097,0
2013-06-24,23.1278,30.0586,,,,,,0
2013-06-24,21.7839,31.281,5.4,0.0229,0.081,0.63,5.43,0
2013-06-25,22.5157,31.1335,,,,,,0
2013-06-25,21.9901,30.9627,5.1714,0.0259,0.084,0.51,5.724,0
2013-06-25,21.5944,30.8205,,,,,,0
2013-06-25,21.8372,31.207,5.8,0.0252,0.069,0.584,5.039,0
2013-06-25,20.8926,31.8603,,,,,,0
2013-06-25,21.0618,31.9935,5.3714,0.0358,0.101,1.923,8.712,0
2013-06-25,19.728,32.0784,,,,,,0
2013-06-25,15.6141,33.1387,5.6857,0.0578,0.477,3.6189999999999998,8.878,0
2013-06-25,15.3837,33.1982,,,,,,0
2013-08-07,29.0263,30.6648,4.6846,,0.0878,0.4418,3.7352,1
2013-08-07,29.2897,30.184,4.7164,0.0078,0.0421,0.6085,2.9594,1
2013-08-07,28.8469,29.5748,4.5752,,0.1001,1.0711,1.8067,1
2013-08-08,28.6391,29.6416,4.7731,0.0071,0.0606,0.3006,2.5529,1
2013-08-08,28.8289,29.6622,4.8576,,0.101,0.6798,1.4479,1
2013-08-08,28.3617,29.4724,4.5752,,0.1308,0.8104,2.0195,1
2013-08-08,28.632,31.3047,4.462,0.0312,0.0562,,0.634,1
2013-08-08,28.2741,32.4054,4.4623,,0.0597,0.2843,1.1907,1
2013-08-08,27.9377,31.7976,5.0828,,0.0395,0.0442,0.4138,1
2013-08-08,28.6075,28.1933,5.3988,0.0142,0.4399,0.614,0.8098,1
2013-08-08,28.0826,30.611,6.119,,0.0641,0.4615,0.5398,1
2013-08-08,28.5188,29.8926,4.8287,,0.1624,1.3255,0.7155,1
2013-08-08,28.3717,28.9684,4.8852,0.005,0.3775,2.2806,1.7866,1
2013-08-08,28.8711,28.4708,4.7984,0.0128,0.1168,0.3432,1.7326,1
2013-08-08,29.1586,29.0452,4.8015,,0.0817,0.6578,1.8268,1
2013-08-09,28.7687,28.9525,4.688,0.0159,0.1038,0.4369,2.2914,1
2013-08-09,28.5919,29.012,4.9699,0.008,0.0923,0.3001,1.8186,1
2013-08-09,28.7357,29.4304,4.5166,,0.0399,0.2486,1.0302,1
2013-08-09,29.3134,29.982,4.7445,,0.0577,0.6717,2.1534,1
2013-08-09,29.3307,30.0664,4.829,,0.087,1.2749,3.1279,1
2013-08-09,29.3897,29.9391,4.6599,,0.0559,0.7531,3.435,1
2013-08-11,28.3484,30.6064,5.0533,,0.0479,0.2433,0.8312,1
2013-08-11,29.2469,30.1153,4.7997,,0.0257,0.11900000000000001,2.2893,1
2013-08-11,28.8136,29.0018,4.5449,,0.2209,0.9844,2.4433,1
2013-08-11,29.0246,28.8344,4.5186,,0.0568,0.3939,1.3436,1
2013-08-11,29.575,29.3261,4.5733,,0.0204,0.1045,0.8547,1
2013-08-11,29.7697,29.8438,4.7143,0.0545,0.0248,,0.6761,1
2013-08-11,29.7216,30.2667,4.5727,,0.0266,0.1838,0.016,1
2013-08-11,29.5275,29.2515,4.9122,,0.0396,0.231,1.4234,1
2013-08-11,30.0378,30.0268,4.6586,,0.0387,0.1426,1.2286,1
2013-08-11,30.2414,30.0909,4.7126,,0.0504,0.7557,4.1160000000000005,1
2013-08-11,30.6636,30.0079,4.6903,0.0254,0.0108,0.4092,1.9563,1
2013-08-13,23.7395,30.762,5.7328,0.0489,0.4128,0.8069,2.8555,1
2013-08-13,24.587,30.89,,,,,,1
2013-08-13,28.2108,30.9633,5.6895,,0.0635,0.6897,2.204,1
2013-08-13,28.2529,30.9844,,,,,,1
2013-08-13,28.4469,30.9385,5.5018,0.1954,0.0571,0.6931,3.0088,1
2013-08-13,29.1405,30.9629,,,,,,1
2013-08-13,29.1174,30.908,5.3718,0.2222,0.0174,0.3842,1.9057,1
2013-08-13,28.9187,30.7832,5.4296,,,,,1
2013-08-14,28.7972,30.117,5.1697,,,,,1
2013-08-14,28.7811,30.5622,6.0217,0.2106,0.0368,0.3842,8.8069,1
2013-08-14,29.0198,30.8627,,,,,,1
2013-08-14,29.0498,31.053,5.2274,0.1844,0.003,0.3523,3.0677,1
2013-08-14,28.9203,31.2387,,,,,,1
2013-08-14,28.9875,31.035,4.8231,0.1948,0.0041,0.6586,1.4075,1
2013-08-14,29.2582,30.9003,,,,,,1
2013-08-14,29.1811,30.8636,4.9675,0.0136,0.0348,0.5024,2.952,1
2013-08-14,27.5349,30.8832,,,,,,1
2013-08-14,27.4379,30.7759,5.7184,0.5858,0.0396,1.0801,3.9712,1
2013-08-16,25.79,31.563,5.0,,0.6415,0.6497,0.0419,1
2013-08-16,25.64,31.487,5.0,,,,,1
2013-08-16,26.65,31.818,4.85,,1.62,0.8131,0.0061,1
2013-08-16,27.51,31.931,4.62,,,,,1
2013-08-16,28.04,32.855,4.83,,0.8289,0.3988,0.0087,1
2013-08-16,28.48,33.544000000000004,4.05,,,,,1
2013-08-16,28.68,33.571,4.68,,1.6006,0.3788,0.0138,1
2013-08-16,26.77,33.214,4.94,,4.2194,0.4505,0.0422,1
2013-08-17,26.58,33.386,4.67,,,,,1
2013-08-17,25.9,32.969,4.9,0.0515,5.1972,0.7627,0.0258,1
2013-08-17,26.16,32.217,5.33,,,,,1
2013-08-17,27.97,32.97,4.48,0.0126,1.3306,0.6273,0.0336,1
2013-08-17,27.92,32.921,4.47,,,,,1
2013-08-17,27.76,32.441,4.59,,1.8312,0.5277,0.0086,1
2013-08-17,27.81,32.457,4.57,,,,,1
2013-08-17,27.98,31.74,4.61,,0.7642,0.6487,0.0164,1
2013-08-17,25.71,31.839,5.04,0.0032,0.5952,0.7557,0.0095,1
2013-08-18,29.0792,31.2702,5.2274,0.259,0.033,0.4143,3.5566,1
2013-08-18,29.3535,31.0531,,,,,,1
2013-08-18,29.57800000000001,31.0495,4.8375,0.0549,0.0582,0.4936,3.5084,1
2013-08-18,29.5821,31.0511,,,,,,1
2013-08-18,29.7111,31.1071,5.1408,0.0552,0.0306,0.848,2.1346,1
2013-08-18,29.382,30.6527,,,,,,1
2013-08-18,29.4053,30.9832,5.0541,0.1056,0.016,0.3394,2.1175,1
2013-08-18,29.2664,30.7593,,,,,,1
2013-08-18,29.0937,30.8461,4.9675,0.0272,0.0252,1.1313,2.0338,1
2013-08-18,28.6547,30.7671,5.083,,,,,1
2013-08-19,29.132,30.5171,5.1119,,,,,1
2013-08-19,29.5092,30.5041,4.9675,0.1004,0.0239,0.7191,3.6187,1
2013-08-19,29.5045,30.5691,,,,,,1
2013-08-19,29.429,30.5641,4.9242,0.3536,0.0041,0.6872,2.8186,1
2013-08-19,29.3938,30.3622,,,,,,1
2013-08-19,29.8554,30.69,4.7942,0.2227,0.0377,0.5539999999999999,2.4962,1
2013-08-19,29.8103,30.8425,,,,,,1
2013-08-19,29.8389,31.0496,4.7509,0.038,0.0387,0.33299999999999996,2.8098,1
2013-08-19,27.2536,31.3327,,,,,,1
2013-08-19,26.4535,31.3757,5.4152,0.1518,0.0591,0.6485,6.5345,1
2013-08-19,25.27,32.085,5.3,,,,,1
2013-08-19,25.48,32.038000000000004,5.34,,0.322,0.6658,0.0345,1
2013-08-19,26.97,32.033,5.19,,,,,1
2013-08-19,27.44,32.282,4.54,,1.4943,0.495,0.0233,1
2013-08-19,26.9,32.058,4.79,,,,,1
2013-08-19,28.01,32.346,4.49,,0.9215,0.5529,0.0207,1
2013-08-19,27.82,32.113,4.5,,,,,1
2013-08-19,29.6132,31.0244,,,,,,1
2013-08-19,25.38,32.86,10.76,0.0294,5.6308,0.7927,0.0267,1
2013-08-19,29.61,30.8332,4.8953,0.0982,0.0077,0.7465,4.1392,1
2013-08-20,29.4399,30.56,,,,,,1
2013-08-20,26.57,33.15,4.76,,,,,1
2013-08-20,29.8104,30.8447,5.0108,0.0707,0.0122,0.5038,3.555,1
2013-08-20,26.91,33.28,4.68,,,,,1
2013-08-20,29.617,30.5566,4.6065,,,,,1
2013-08-20,29.4642,31.0487,4.8809,,,,,1
2013-08-20,29.6312,31.1378,4.6931,0.1609,0.0663,0.5416,3.1178,1
2013-08-20,27.28,33.006,5.08,,,,,1
2013-08-20,28.4939,31.2745,,,,,,1
2013-08-20,26.69,33.126,4.57,0.0095,3.892,0.8598,0.0224,1
2013-08-20,25.823,31.5407,5.704,0.2103,0.0443,0.6937,7.7285,1
2013-08-20,27.04,33.147,4.5,,,,,1
2013-08-20,27.8465,31.6083,,,,,,1
2013-08-20,26.9831,31.375,5.5884,0.1837,0.0182,0.7518,7.0144,1
2013-08-20,22.8925,31.7281,,,,,,1
2013-08-20,18.0715,32.2233,5.4585,0.2758,0.0288,0.6292,6.7107,1
2013-08-20,26.1631,31.7719,,,,,,1
2013-08-20,28.08,33.599000000000004,4.52,,,,,1
2013-08-20,27.63,33.544000000000004,4.45,,1.421,0.4175,0.0607,1
2013-08-20,27.46,33.271,4.58,,,,,1
2013-08-20,26.79,33.25,4.73,,1.9404,0.381,0.044,1
2013-08-21,24.75,32.946,5.13,,,,,1
2013-08-21,25.25,32.834,5.31,,4.5695,0.3859,0.0185,1
2013-08-21,25.63,32.811,5.3,,,,,1
2013-08-21,24.42,32.431,5.16,,4.2874,0.4778,0.0255,1
2013-08-21,22.2,33.013000000000005,5.94,,,,,1
2013-08-21,25.34,33.376999999999995,6.44,,5.6935,0.6445,0.0345,1
2013-08-21,25.21,32.963,6.05,0.0063,2.8994,0.9084,0.0388,1
2013-08-21,25.95,32.532,5.67,,,,,1
2013-08-23,25.78,33.244,5.87,,,,,1
2013-08-23,25.81,33.394,6.37,,,,,1
2013-08-23,23.49,33.393,6.53,,5.8712,0.8075,0.0413,1
2013-08-23,24.45,32.098,5.29,,,,,1
2013-08-23,27.35,31.392,4.63,,3.7009,0.4370000000000001,0.0475,1
2013-08-23,26.43,32.565,4.67,,,,,1
2013-08-23,25.07,33.289,4.78,,3.29,1.0077,0.0677,1
2013-08-23,22.98,33.385,4.93,,,,,1
2013-08-23,26.97,33.181,4.68,,3.2155,0.7656,0.0405,1
2013-08-23,28.41,30.977,4.44,,,,,1
2013-08-24,29.26,30.728,4.27,,4.0213,0.6992,0.0317,1
2013-08-24,28.65,30.983,4.31,,,,,1
2013-08-24,25.32,31.614,4.87,,1.703,0.501,0.0493,1
2013-08-24,23.95,31.96,4.57,,,,,1
2013-08-24,22.13,32.802,5.92,,1.2751,0.3718,0.0677,1
2013-08-24,22.5,32.856,6.21,,1.7233,0.6098,0.0449,1
2013-08-24,22.82,33.3,5.97,,,,,1
2013-08-25,19.49,33.103,6.09,,,,,1
2013-08-25,25.41,31.31900000000001,5.01,,,,,1
2013-08-25,27.46,30.734,4.49,,1.7839,0.5147,0.0334,1
2013-08-25,28.41,30.31,4.37,,,,,1
2013-08-25,28.45,30.50800000000001,4.4,,1.4433,0.5348,0.006999999999999999,1
2013-08-26,28.39,31.728,4.33,,2.6312,0.5158,,1
2013-08-26,29.16,30.674,4.23,,,,,1
2013-08-26,28.81,30.728,4.23,,1.1378,0.3185,0.0062,1
2013-08-26,27.23,30.866,4.43,,,,,1
2013-08-26,21.12,32.446,4.97,0.0118,2.0213,1.0163,0.0413,1
2013-08-26,23.9947,31.9847,5.1714,0.040999999999999995,0.124,1.5230000000000001,3.591,1
2013-08-26,28.016,30.5592,,,,,,1
2013-08-26,29.0054,30.1327,4.5429,0.004,0.07,0.313,1.959,1
2013-08-26,28.3854,30.3912,4.5714,0.006999999999999999,0.064,0.38299999999999995,1.144,1
2013-08-26,26.85,30.9212,,,,,,1
2013-08-26,23.4254,32.3397,5.5143,0.026000000000000002,0.126,0.888,4.351,1
2013-08-26,19.468,33.3721,,,,,,1
2013-08-26,24.4364,31.9609,5.7429,0.013999999999999999,0.093,0.578,3.709,1
2013-08-26,23.6093,32.7712,,,,,,1
2013-08-26,25.1446,31.7488,,,,,,1
2013-08-26,28.1791,30.3451,,,,,,1
2013-08-26,29.3212,29.7032,4.7143,0.008,0.181,0.778,3.14,1
2013-08-26,29.9763,30.6457,,,,,,1
2013-08-27,29.7729,30.91800000000001,,,,,,1
2013-08-27,29.8833,31.2857,4.6286,0.026000000000000002,0.083,0.377,3.66,1
2013-08-27,30.002,30.7374,,,,,,1
2013-08-27,27.8356,30.3193,4.8571,0.008,0.102,0.51,3.266,1
2013-08-27,24.7379,31.2423,,,,,,1
2013-08-27,23.875,32.44,5.5429,0.049,0.093,0.35600000000000004,7.617000000000001,1
2013-08-27,23.2539,32.2103,,,,,,1
2013-08-27,22.4997,32.5567,,,,,,1
2013-08-27,22.6063,32.5406,,,,,,1
2013-08-27,21.6527,32.1992,4.8571,0.155,0.306,1.419,9.898,1
2013-08-27,22.123,31.8982,,,,,,1
2013-08-27,27.877,30.3082,5.1714,0.025,0.101,0.754,3.144,1
2013-08-27,28.47300000000001,30.115,,,,,,1
2013-08-27,28.3455,30.4968,5.6,0.013000000000000001,0.08900000000000001,0.336,2.301,1
2013-08-27,28.118,30.5557,5.0286,0.011000000000000001,0.097,0.6459999999999999,2.6,1
2013-08-27,29.9071,29.7657,,,,,,1
2013-08-27,29.688,30.0955,4.6571,0.004,0.101,1.185,1.774,1
2013-08-27,29.9799,30.1469,,,,,,1
2013-08-28,29.8384,31.1879,4.6857,0.024,0.108,0.4270000000000001,2.962,1
2013-08-28,29.8054,31.2075,,,,,,1
2013-08-28,29.7213,31.4768,4.4286,0.002,0.077,0.45399999999999996,3.455,1
2013-08-28,29.9023,30.1738,,,,,,1
2013-08-28,29.9022,29.6308,4.5143,0.006,0.076,0.429,1.235,1
2013-08-28,29.9802,29.6272,,,,,,1
2013-09-01,28.3994,30.1381,4.9714,0.002,0.24,0.932,2.454,0
2013-09-01,28.4468,30.1241,,,,,,0
2013-09-02,28.0127,30.2366,4.8,0.004,0.141,2.78,1.328,0
2013-09-02,27.3911,30.4528,,,,,,0
2013-09-02,26.9686,30.3815,,,,,,0
2013-09-02,26.5855,29.9054,4.9143,0.025,0.314,3.1689999999999996,0.601,0
2013-09-02,26.6448,30.8775,,,,,,0
2013-09-02,26.9201,30.8726,4.6857,,,,,0
2013-09-02,27.1379,30.6184,,,,,,0
2013-09-02,27.387,30.5163,4.8571,0.004,0.166,0.9359999999999999,2.488,0
2013-09-02,27.5457,30.0377,,,,,,0
2013-09-02,28.0629,30.2813,4.4857,0.006,0.251,0.629,1.998,0
2013-09-02,27.968000000000004,30.066,,,,,,0
2013-09-02,27.6214,30.2276,5.1714,0.021,0.145,0.355,1.3159999999999998,0
2013-09-02,27.9389,30.1034,,,,,,0
2013-09-02,25.4034,31.216,5.0286,0.047,0.123,0.503,4.553,0
2013-09-02,23.4095,31.5908,,,,,,0
2013-10-09,19.2396,31.2223,5.7259,0.4473,0.3887,5.3573,5.0802,0
2013-10-09,18.1778,31.3344,,,,,,0
2013-10-09,19.3514,31.3513,6.6729,0.0791,0.0603,1.7858,1.304,0
2013-10-09,19.4354,30.9501,,,,,,0
2013-10-09,21.2783,31.2521,6.0464,0.0094,0.0205,2.0,1.602,0
2013-10-09,20.3872,31.2122,,,,,,0
2013-10-09,21.118,31.1092,5.7405,0.0536,0.1895,1.7143,1.9957,0
2013-10-09,21.1711,31.0576,6.0318,,,,,0
2013-10-10,22.4738,31.0169,5.7696,,,,,0
2013-10-10,22.3292,31.0385,5.551,0.0016,0.0196,2.7858,2.4597,0
2013-10-10,21.6718,31.0288,,,,,,0
2013-10-10,21.4484,31.266,5.8861,0.11800000000000001,0.101,4.2858,2.4335,0
2013-10-10,21.7891,31.2762,,,,,,0
2013-10-10,20.8565,31.3863,5.8279,0.0189,0.0043,1.7858,2.0466,0
2013-10-10,18.5421,31.6736,,,,,,0
2013-10-10,20.8225,31.3987,5.8279,0.0171,0.0184,2.1429,2.4464,0
2013-10-10,17.9521,31.6954,,,,,,0
2013-10-10,18.5294,31.6278,6.0464,1.8781,0.4919,3.7144,5.6024,0
2013-10-12,19.417,31.5317,5.7259,0.2744,0.3722,5.0715,7.2744,0
2013-10-12,19.9638,31.7517,6.2504,0.0464,0.0339,5.5715,5.1091,0
2013-10-12,20.999,31.3634,,,,,,0
2013-10-12,20.9465,31.4443,5.7113,0.1502,0.1136,1.5,1.8138,0
2013-10-12,21.1319,31.4504,,,,,,0
2013-10-12,21.2072,31.4288,5.9153,0.0778,0.1525,2.5715,3.7842,0
2013-10-12,21.6304,31.2287,,,,,,0
2013-10-12,21.8649,31.173,5.7696,0.0509,0.0609,1.4286,2.451,0
2013-10-12,21.8877,31.0754,5.5948,,,,,0
2013-10-13,22.3292,31.193,5.4636,,,,,0
2013-10-13,22.292,31.0961,5.6967,0.2176,0.1032,2.2858,2.3846,0
2013-10-13,21.8029,31.1838,,,,,,0
2013-10-13,20.391,31.1361,5.8133,0.1317,0.112,1.1429,3.1916,0
2013-10-13,20.2864,31.1305,,,,,,0
2013-10-13,19.4738,31.6448,6.0901,0.6817,0.1287,1.2143,10.9252,0
2013-10-13,18.3927,31.8569,,,,,,0
2013-10-13,19.3412,31.7449,5.7696,0.6649,0.6229,8.9288,13.9091,0
2013-10-13,18.003,32.1477,,,,,,0
2013-10-13,17.8678,32.2613,6.2941,0.3622,0.3464,5.5001,9.8157,0
2013-10-14,20.0384,31.2676,,,,,,0
2013-10-14,21.5512,31.1826,5.5948,0.2807,0.0419,1.5715,2.9923,0
2013-10-14,21.5199,31.3671,,,,,,0
2013-10-14,21.6554,31.2322,5.857,0.1527,0.313,0.3572,3.0259,0
2013-10-14,21.4603,31.4483,5.6385,,,,,0
2013-10-14,21.705,31.5582,6.0173,,,,,0
2013-10-14,21.7218,31.4411,5.7696,0.0461,0.4181,5.7144,3.6293,0
2013-10-14,21.8449,31.8865,,,,,,0
2013-10-14,21.4301,31.6232,5.9153,0.2077,0.6417,2.5715,4.9944,0
2013-10-14,19.2322,32.3202,,,,,,0
2013-10-14,21.4561,32.0159,5.7405,0.1801,0.2038,8.642999999999999,3.2129,0
2013-10-14,21.7454,32.0689,,,,,,0
2013-10-15,18.0939,32.2043,6.061,0.1527,0.07,6.0716,5.2993,0
2013-10-15,21.8763,32.8332,,,,,,0
2013-10-19,19.4,32.625,4.5988,0.6623,0.7331,7.273,12.3618,0
2013-10-19,20.34,33.149,,,,,,0
2013-10-19,20.01,32.861999999999995,6.3289,0.129,0.1372,1.7439,5.4076,0
2013-10-19,17.74,33.18,,,,,,0
2013-10-19,17.6,33.197,5.8712,0.0109,,0.6374,1.9353,0
2013-10-19,20.71,33.196,,,,,,0
2013-10-19,20.64,32.915,5.3801,0.0863,0.1205,1.6699,3.3095,0
2013-10-19,21.15,32.976,5.8824,,,0.6321,0.3478,0
2013-10-19,22.7,33.515,,,,,,0
2013-10-20,20.19,32.968,5.2685,0.0142,0.0222,1.0321,0.933,0
2013-10-20,20.97,32.998000000000005,,,,,,0
2013-10-20,21.26,32.986,5.8043,0.023,0.0269,0.8568,0.9676,0
2013-10-20,21.71,33.248000000000005,,,,,,0
2013-10-20,22.1485,33.2914,5.4857,0.038,0.579,2.91,7.062,0
2013-10-20,23.2083,33.7859,,,,,,0
2013-10-20,23.2238,33.6813,4.6286,0.027999999999999997,0.127,0.6970000000000001,2.994,0
2013-10-20,20.77,33.129,5.3913,0.0579,0.1223,1.5267,4.0859,0
2013-10-20,20.56,33.335,,,,,,0
2013-10-20,20.64,33.292,6.061,1.2186,0.0204,13.8831,18.8128,0
2013-10-20,20.28,33.15,,,,,,0
2013-10-20,23.4515,33.8863,4.7143,0.032,0.08800000000000001,0.579,2.525,0
2013-10-20,23.4907,33.8884,,,,,,0
2013-10-20,23.5773,33.7896,4.9143,0.047,0.136,0.976,4.009,0
2013-10-20,21.1735,32.7938,,,,,,0
2013-10-20,22.2952,33.0787,4.9143,0.068,0.653,1.818,6.841,0
2013-10-20,21.8483,33.0254,,,,,,0
2013-10-20,21.7153,32.8745,,,,,,0
2013-10-20,21.5721,33.1604,,,,,,0
2013-10-20,21.1042,32.9692,5.4286,0.037000000000000005,0.19,1.331,3.867,0
2013-10-20,23.0156,33.7142,,,,,,0
2013-10-20,24.0759,33.9185,,,,,,0
2013-10-21,24.4586,33.9989,4.8,0.04,0.16399999999999998,0.509,3.75,0
2013-10-21,23.9808,33.8481,,,,,,0
2013-10-21,21.4889,33.2047,5.1429,0.09699999999999999,0.389,1.9669999999999999,6.164,0
2013-10-21,21.2216,33.1589,,,,,,0
2013-10-21,21.4278,32.9394,5.0571,0.061,0.764,3.648,7.882999999999999,0
2013-10-21,21.5194,33.0709,,,,,,0
2013-10-21,21.0664,32.5042,,,,,,0
2013-10-21,21.0466,32.3785,,,,,,0
2013-10-21,21.3906,32.876999999999995,4.9429,0.053,0.858,2.186,6.936,0
2013-10-21,21.0404,32.7816,,,,,,0
2013-10-21,21.9548,33.6574,5.1429,0.07200000000000001,0.179,0.797,2.704,0
2013-10-21,22.4638,33.7921,,,,,,0
2013-10-21,23.4175,33.882,5.0286,0.017,0.031,0.48200000000000004,2.712,0
2013-10-27,21.42,33.468,,,,,,0
2013-10-27,22.6956,34.1024,4.8,0.009000000000000001,0.162,1.185,2.884,0
2013-10-27,23.1944,34.1549,,,,,,0
2013-10-27,19.6,33.141,,,,,,0
2013-10-27,19.78,33.149,5.3131,0.1235,0.4411,2.2773,6.8870000000000005,0
2013-10-27,24.0083,34.2498,4.8571,0.009000000000000001,0.026,0.139,1.6569999999999998,0
2013-10-27,20.44,33.324,,,,,,0
2013-10-27,21.37,33.484,6.4293,0.1967,0.8007,2.3515,6.7252,0
2013-10-27,24.1865,34.2341,,,,,,0
2013-10-27,20.87,33.238,,,,,,0
2013-10-27,20.37,33.016,5.101,0.0262,0.0639,1.3433,1.3154,0
2013-10-27,24.3335,34.1844,4.9429,0.021,0.07200000000000001,0.9279999999999999,2.787,0
2013-10-27,23.9633,34.2375,,,,,,0
2013-10-27,19.72,32.759,5.4247,0.0284,0.0399,1.4145,2.0225,0
2013-10-27,19.88,32.973,,,,,,0
2013-10-27,19.87,33.048,6.2507,,0.0148,0.8795,0.7719,0
2013-10-28,21.29,33.514,5.1569,0.0078,0.08800000000000001,0.8471,1.3819,0
2013-10-28,21.02,33.337,5.0006,,0.0769,1.0983,1.6628,0
2013-10-28,22.5737,33.8581,4.6857,0.027999999999999997,0.102,1.156,2.454,0
2013-10-28,22.8821,34.1424,,,,,,0
2013-10-28,20.41,33.167,,,,,,0
2013-10-28,23.209,34.074,4.6286,0.03,0.051,0.871,2.507,0
2013-10-28,20.69,33.234,5.3466,0.0268,0.0973,1.1952,1.3547,0
2013-10-28,20.59,33.145,,,,,,0
2013-10-28,21.8,33.691,5.0006,0.0826,0.3114,1.2087,2.1997,0
2013-10-28,21.53,33.761,,,,,,0
2013-10-28,21.1,33.558,,,,,,0
2013-10-28,20.23,33.049,,,,,,0
2013-10-29,22.7026,34.0341,,,,,,0
2013-10-29,20.76,33.48,,,,,,0
2013-10-29,20.83,33.512,,,,,,0
2013-10-29,20.73,33.49,5.2796,0.1752,0.8582,2.1572,6.456,0
2013-10-29,20.179,32.8229,4.7429,0.034,0.78,6.422999999999999,10.807,0
2013-10-29,21.57,33.718,,,,,,0
2013-10-29,19.47,32.4741,,,,,,0
2013-10-29,20.74,33.38,5.3913,0.0737,0.278,1.3932,2.4191,0
2013-10-29,19.6499,32.5334,5.0857,0.055,0.405,3.38,8.9,0
2013-10-29,20.3081,32.452,,,,,,0
2013-10-29,21.06,33.437,5.715,0.0089,0.0741,0.9704,1.3161,0
2013-10-29,20.24,33.221,,,,,,0
2013-10-29,20.22,33.434,5.7596,0.0424,0.0491,0.8496,1.0079,0
2013-10-29,19.98,33.136,,,,,,0
2013-10-30,19.52,32.927,5.7261,0.0391,0.0862,1.2686,1.5730000000000002,0
2013-10-30,19.58,33.052,,,,,,0
2013-10-30,19.3081,31.8096,,,,,,0
2013-10-30,20.0302,32.694,5.4857,0.031,0.251,2.1790000000000003,6.996,0
2013-10-30,21.94,33.756,5.1792,0.0636,0.1335,1.3591,3.0562,0
2013-10-30,19.6237,32.7616,,,,,,0
2013-10-30,21.83,33.71,,,,,,0
2013-10-30,19.4779,32.7594,5.2286,0.02,0.316,2.589,6.824,0
2013-10-30,20.57,33.46,5.4471,0.2846,0.9944,3.3499,8.1178,0
2013-10-30,19.5481,32.8922,,,,,,0
2013-10-30,20.13,33.248000000000005,,,,,,0
2013-10-30,19.71,33.158,,,,,,0
2013-10-30,18.5679,32.889,5.4,0.048,0.231,3.387,7.4220000000000015,0
2013-10-30,21.19,33.545,,,,,,0
2013-10-30,21.11,33.691,,,,,,0
2013-10-30,20.29,33.41,,,,,,0
2013-10-30,21.69,33.655,5.0452,0.0681,0.2456,1.7021,3.2452,0
2013-10-30,20.7807,33.3326,4.7143,0.084,0.52,5.041,8.44,0
2013-10-30,22.52,33.874,,,,,,0
2013-10-30,21.9428,33.9193,,,,,,0
2013-10-30,20.99,33.547,5.4024,0.0078,0.1816,1.4132,2.1078,0
2013-10-30,21.262,33.5948,4.7143,0.077,0.425,3.911,7.034,0
2013-10-30,19.49,33.181999999999995,,,,,,0
2013-10-30,20.6091,33.5551,,,,,,0
2013-10-30,18.7913,33.3331,5.0571,0.077,0.433,5.63,8.363999999999999,0
2013-10-30,22.21,33.798,,,,,,0
2013-10-30,18.077,32.9727,,,,,,0
2013-10-30,22.27,33.809,5.4024,0.0435,0.2169,1.5104,3.1398,0
2013-10-30,21.34,33.529,,,,,,0
2013-10-30,20.78,33.39,5.3466,0.1875,0.7322,2.7224,7.6614,0
2013-11-08,24.2282,34.2733,4.746,0.107,0.0577,1.6031,1.5838,0
2013-11-08,23.713,34.102,4.8001,0.1142,0.0279,1.0967,2.3318,0
2013-11-08,23.408,34.0358,4.8869,0.1121,0.0058,1.0959,1.5681,0
2013-11-08,22.7259,34.1583,4.7997,0.1533,0.17600000000000002,0.7390000000000001,2.7957,0
2013-11-08,22.1404,33.9063,5.0791,0.1965,0.2548,1.8548,4.0357,0
2013-11-08,22.0303,33.8342,4.854,0.1852,0.2202,1.4654,2.2315,0
2013-11-08,22.1252,34.0093,4.8838,0.1636,0.1625,1.4863,3.5081,0
2013-11-08,21.8348,33.8221,4.8256,0.2881,0.5125,2.9326,6.6298,0
2013-11-08,20.456,32.7849,4.7678,0.2881,0.0962,6.8764,3.6972,0
2013-11-08,21.1042,33.2306,4.972,0.3467,0.0548,5.4327,5.7292,0
2013-11-08,20.8371,33.1348,4.9414,0.6718,0.1,10.5015,17.195999999999998,0
2013-11-09,21.1686,33.4888,4.8577,0.6502,0.1395,18.6662,15.9944,0
2013-11-09,21.2462,33.4286,4.9421,0.4853,0.132,6.6129999999999995,10.3855,0
2013-11-09,21.028,32.8492,4.9695,0.3613,0.1263,8.0746,9.1243,0
2013-11-09,20.5732,32.8022,4.7426,0.3519,0.099,9.2993,6.7966,0
2013-11-09,22.1775,33.9016,4.6865,0.4149,0.0914,7.7917,7.8205,0
2013-11-09,22.0325,34.018,4.7141,0.3771,0.4025,7.1415,8.0361,0
2013-11-09,22.4068,34.0673,4.9389,0.1576,0.2846,2.0533,2.023,0
2013-11-13,22.1498,34.1027,4.6587,0.1891,0.2055,5.0316,3.2718,0
2013-11-13,22.1899,34.0802,4.8864,0.2048,0.2705,2.7168,3.3724,0
2013-11-13,23.3637,34.2512,4.9695,0.1345,0.0839,2.2556,1.9702,0
2013-11-13,23.393,34.2765,4.7446,0.1626,0.0644,2.0099,2.9691,0
2013-11-13,22.6228,34.1205,4.9144,0.187,0.3412,3.0364,3.0376,0
2013-11-13,22.0219,34.061,5.0008,0.3162,0.7154,7.0993,6.8235,0
2013-11-14,21.7702,34.0046,4.7174,0.3792,0.4251,8.2762,7.9013,0
2013-11-14,21.9832,33.9411,4.7444,0.4317,0.0688,1.9552,8.3086,0
2013-11-14,22.0093,33.8837,4.9705,0.3403,0.0462,2.2166,6.6110000000000015,0
2013-11-14,21.8168,33.8991,4.9424,0.2805,0.0462,3.0637,6.24,0
2013-11-14,20.4398,33.194,5.0549,0.396,0.099,8.7201,10.0943,0
2013-11-14,20.4107,33.1313,5.1666,0.4254,0.1122,8.3492,11.139,0
2013-11-14,20.6674,33.4879,5.2248,0.45899999999999996,0.0952,11.800999999999998,11.1576,0
2013-11-14,20.8705,33.7079,5.2486,0.4212,0.0566,4.3672,7.6775,0
2013-12-05,10.2873,31.3395,6.9515,0.6324,0.0495,15.3794,5.8882,0
2013-12-05,11.98,33.947,5.58,0.4245,0.3261,5.0611,9.7452,0
2013-12-05,15.63,33.976,,,,,,0
2013-12-05,9.7868,31.3503,,,,,,0
2013-12-05,9.1614,31.7618,6.6342,1.2978,0.1469,11.9962,6.9854,0
2013-12-05,14.92,33.979,5.4471,0.3439,0.4077,4.7211,7.2773,0
2013-12-05,9.0009,31.8038,,,,,,0
2013-12-05,13.68,34.001,,,,,,0
2013-12-05,8.8067,31.9207,7.0092,0.2664,0.2596,10.4549,5.3208,0
2013-12-05,15.31,34.129,5.3243,0.4085,0.4602,5.1463,9.3683,0
2013-12-05,9.5588,31.7706,,,,,,0
2013-12-05,10.7979,31.5098,6.9082,0.4806,0.457,4.4002,2.1755,0
2013-12-05,15.89,33.891,,,,,,0
2013-12-05,10.2257,31.5874,6.6053,,,,,0
2013-12-05,16.04,33.867,5.3355,0.2843,0.5670000000000001,3.2401,4.4430000000000005,0
2013-12-05,12.6149,31.2465,6.6774,,,,,0
2013-12-05,11.2308,31.3128,6.9226,0.1921,0.4695,5.9592,4.5873,0
2013-12-05,15.77,33.863,5.2573,0.2554,0.5134,3.9022,4.374,0
2013-12-05,10.09,31.7911,,,,,,0
2013-12-06,9.5954,31.8789,6.8217,0.2583,0.3618,7.6384,4.8797,0
2013-12-06,16.09,33.871,,,,,,0
2013-12-06,9.6405,31.9503,,,,,,0
2013-12-06,9.587,32.0007,6.7351,0.3352,0.1377,7.6482,4.4285,0
2013-12-06,15.68,33.867,5.2238,0.3207,0.565,4.0689,5.4818,0
2013-12-06,9.9736,32.0217,,,,,,0
2013-12-06,10.5851,32.0161,6.3889999999999985,0.2943,0.418,7.1536,4.2642,0
2013-12-06,16.77,33.745,,,,,,0
2013-12-06,10.5524,31.9539,,,,,,0
2013-12-06,10.1629,31.9118,6.4611,0.1801,0.1784,9.1789,5.9114,0
2013-12-07,11.4064,32.283,6.4755,0.3561,0.0885,10.4831,7.2935,0
2013-12-07,10.4756,31.9845,6.9947,0.4234,0.1848,9.8154,4.3896,0
2013-12-07,10.8423,32.0453,,,,,,0
2013-12-07,11.382,32.0697,6.7639999999999985,0.4274,0.7595,10.7407,5.2369,0
2013-12-07,11.1332,32.1004,,,,,,0
2013-12-07,10.8893,32.0744,6.2015,0.0602,0.2024,7.7978,3.5075,0
2013-12-07,11.0689,32.1768,,,,,,0
2013-12-07,10.7582,31.6718,6.9803,0.0293,0.2362,5.3353,3.2456,0
2013-12-07,16.38,33.805,5.15,0.2911,0.6968,4.1805,5.5938,0
2013-12-07,11.1203,31.5759,,,,,,0
2013-12-07,10.9084,31.7417,6.5909,0.0629,0.0803,6.4913,3.5072,0
2013-12-07,16.3,33.792,5.13,,,,,0
2013-12-07,10.9315,31.7083,7.1101,,,,,0
2013-12-07,15.96,33.677,5.3,0.2227,0.5127,2.8639,4.4125,0
2013-12-07,15.83,34.001999999999995,5.24,,,,,0
2013-12-07,14.82,34.069,5.22,0.3996,0.4752,5.94,8.3723,0
2013-12-07,11.5308,31.936,6.9226,,,,,0
2013-12-07,14.84,34.041,5.22,,,,,0
2013-12-08,11.5113,32.3488,,,,,,0
2013-12-08,15.09,33.999,5.25,,,,,0
2013-12-08,15.25,33.994,5.23,0.2819,0.3991,4.4762,6.8924,0
2013-12-08,11.6039,32.4103,6.4755,0.18,0.0623,10.5093,6.5013,0
2013-12-08,15.53,33.813,5.23,,,,,0
2013-12-08,11.7793,32.4488,,,,,,0
2013-12-08,15.67,33.848,5.3,0.1736,0.3558,2.5501,4.1998,0
2013-12-08,11.9768,32.3943,6.2881,0.6181,0.3601,10.9258,7.0957,0
2013-12-08,15.96,33.782,5.23,,,,,0
2013-12-08,12.0901,32.2963,,,,,,0
2013-12-08,10.2657,31.962,6.7207,0.6496,0.1249,8.2324,8.4801,0
2013-12-08,15.59,33.846,5.15,0.2605,0.659,4.3209,5.572,0
2013-12-08,15.56,33.895,5.06,,,,,0
2013-12-08,11.8203,32.2208,,,,,,0
2013-12-08,16.17,33.846,5.31,0.1941,0.4525,3.1336,3.8762,0
2013-12-08,12.4099,32.4127,6.1438,0.4365,0.0176,12.5541,8.4891,0
2013-12-08,15.56,33.909,5.08,,,,,0
2013-12-08,15.23,33.967,4.99,0.3381,0.4968,5.02,6.5066,0
2013-12-08,17.51,34.06,5.08,0.2329,0.718,2.4414,5.1758,0
2013-12-08,16.48,33.808,5.06,,,,,0
2013-12-08,15.71,33.891,5.26,0.2206,0.5161,3.0407,5.3397,0
2013-12-08,16.68,33.971,5.17,,,,,0
2013-12-09,16.26,34.035,5.1,0.3544,0.6065,4.524,7.8871,0
2013-12-09,15.76,33.853,5.22,,,,,0
2013-12-09,15.74,34.004,5.13,0.3044,0.4433,4.138,7.1611,0
2013-12-09,14.97,34.089,5.16,,,,,0
2013-12-09,14.97,34.078,5.25,,,,,0
2013-12-15,12.0031,32.5313,,,,,,0
2013-12-15,12.4283,32.5357,6.1006,0.3956,0.3819,16.6899,9.1183,0
2013-12-15,12.2651,32.402,,,,,,0
2013-12-15,11.5516,32.2192,6.4179,0.2289,0.242,8.4725,4.8119,0
2013-12-15,11.8845,32.1198,6.8361,,,,,0
2013-12-15,14.0347,32.7703,5.9708,,,,,0
2013-12-15,13.7901,32.851,5.7833,0.7827,0.2035,12.011,8.0412,0
2013-12-16,14.1045,33.0051,,,,,,0
2013-12-16,14.1002,33.0151,5.6823,0.4172,0.1429,10.8573,8.414,0
2013-12-16,15.1479,33.5631,,,,,,0
2013-12-16,14.5237,33.3254,5.8121,0.5184,0.1806,10.1768,7.7532,0
2013-12-16,14.41,34.103,5.23,,,,,0
2013-12-16,12.4437,32.6837,,,,,,0
2013-12-16,14.62,34.079,5.33,,,,,0
2013-12-16,13.69,34.176,5.41,0.4821,0.4664,6.5947,10.8827,0
2013-12-16,11.7599,32.5067,6.2448,0.382,0.1668,11.1191,7.4593,0
2013-12-16,15.6865,33.8222,,,,,,0
2013-12-16,14.75,34.059,5.23,,,,,0
2013-12-16,14.56,34.203,5.39,0.4658,0.7023,5.303,10.9709,0
2013-12-16,13.71,34.156,5.47,,,,,0
2013-12-16,15.96,34.209,5.07,0.33399999999999996,0.2885,2.8819999999999997,4.6001,0
2013-12-16,16.16,34.172,5.09,,,,,0
2013-12-16,16.43,34.278,4.96,0.4637,0.6525,5.5752,9.8268,0
2013-12-16,16.63,34.216,5.04,,,,,0
2013-12-16,16.22,34.181,4.99,0.5199,0.8986,5.2947,10.0799,0
2013-12-16,16.35,34.194,5.05,,,,,0
2013-12-16,16.3,34.275,4.9,0.5291,0.4876,6.5735,11.7706,0
2013-12-17,13.77,34.141,5.43,,,,,0
2013-12-17,14.09,34.129,5.43,0.3779,0.5733,4.7423,8.8061,0
2013-12-17,14.0,34.122,5.26,,,,,0
2013-12-17,14.06,34.125,5.3,,,,,0
2013-12-22,16.1781,34.3358,5.5143,0.442,0.345,6.349,10.331,0
2013-12-22,16.6433,34.387,,,,,,0
2013-12-22,17.8225,34.4383,5.2286,0.304,0.735,4.607,7.338999999999999,0
2013-12-22,15.962,34.3305,5.1429,0.508,0.4370000000000001,8.117,13.078,0
2013-12-22,15.7223,34.2684,,,,,,0
2013-12-22,14.1462,34.0646,5.6286,0.609,0.345,10.064,17.422,0
2013-12-22,12.4472,33.8666,,,,,,0
2013-12-22,12.3757,33.7858,6.0286,0.757,0.229,12.164000000000001,19.852,0
2013-12-22,11.678,33.7232,,,,,,0
2013-12-23,10.9149,33.5449,,,,,,0
2013-12-23,13.7883,33.9718,,,,,,0
2013-12-23,16.0514,34.3055,5.2,0.447,0.485,7.1960000000000015,11.847,0
2013-12-23,17.7225,34.4631,,,,,,0
2013-12-23,18.5655,34.4248,,,,,,0
2013-12-23,18.7363,34.4133,5.1143,0.207,0.8059999999999999,3.094,6.147,0
2013-12-23,17.3409,34.3729,,,,,,0
2013-12-23,16.6659,34.356,6.0571,0.298,0.848,4.5089999999999995,8.237,0
2013-12-23,12.6737,33.6515,,,,,,0
2013-12-23,13.2182,33.784,5.6857,0.66,0.189,11.013,15.526,0
2013-12-23,12.0999,33.5673,,,,,,0
2013-12-23,11.3443,33.4587,,,,,,0
2013-12-23,10.7762,33.3769,,,,,,0
2013-12-23,10.5783,33.3341,6.2571,0.7979999999999999,0.172,13.892999999999999,16.935,0
2013-12-23,11.6887,33.4202,,,,,,0
2013-12-23,15.7551,34.225,6.2571,0.42100000000000004,0.32299999999999995,5.4910000000000005,8.416,0
2013-12-23,14.07,34.276,5.27,,,,,0
2013-12-23,16.8139,34.359,,,,,,0
2013-12-23,14.06,34.27,5.25,,,,,0
2013-12-23,15.51,34.213,5.11,0.5802,0.8599,5.4932,12.0496,0
2013-12-23,15.89,34.288000000000004,5.08,,,,,0
2013-12-23,16.03,34.284,5.15,0.4678,0.9742,3.9975,9.6214,0
2013-12-23,16.13,34.288000000000004,5.12,,,,,0
2013-12-24,17.07,34.414,5.03,,,,,0
2013-12-24,16.2,34.37,5.11,0.3882,0.4645,4.6447,9.165,0
2013-12-24,16.05,34.339,4.99,,,,,0
2013-12-24,15.34,34.312,5.04,0.6486,0.659,6.5285,14.5068,0
2013-12-24,17.9052,34.3764,5.4286,0.268,0.616,4.027,7.058,0
2013-12-24,18.0464,34.3905,5.0286,0.259,0.64,3.864,7.939,0
2013-12-24,18.1857,34.4059,,,,,,0
2013-12-24,17.8921,34.3958,5.3143,0.256,0.662,3.5439999999999996,7.84,0
2013-12-25,18.0801,34.436,,,,,,0
2013-12-25,18.5925,34.477,5.2571,0.223,0.762,3.3819999999999997,6.364,0
2013-12-25,18.5794,34.4285,,,,,,0
2013-12-25,18.0328,34.3831,5.2,0.247,0.88,3.47,6.53,0
2013-12-25,18.1256,34.379,,,,,,0
2013-12-25,17.7286,34.3749,5.4286,0.23399999999999999,0.79,4.284,7.68,0
2013-12-25,17.7185,34.3575,,,,,,0
2013-12-25,17.7677,34.3294,5.1429,0.311,0.385,5.048,8.628,0
2013-12-25,17.6508,34.2939,,,,,,0
2013-12-25,17.5492,34.241,5.4857,0.271,0.07,3.887,8.282,0
2013-12-25,16.3913,33.8815,,,,,,0
2013-12-25,15.4295,33.91,,,,,,0
2013-12-25,15.6829,33.9461,5.4286,0.37,0.135,7.6679999999999975,12.112,0
2013-12-25,15.7454,33.841,,,,,,0
2013-12-25,16.1771,33.9557,5.3714,0.389,0.112,6.795,11.044,0
2013-12-26,16.9731,34.2149,,,,,,0
2013-12-26,17.0868,34.2857,5.2857,0.395,0.127,6.37,10.935,0
2013-12-26,16.9918,34.2701,,,,,,0
2013-12-26,17.0605,34.3066,5.2286,0.43200000000000005,0.134,6.853,11.485,0
2013-12-26,17.3783,34.3368,,,,,,0
2013-12-26,16.5819,34.3308,5.4,0.462,0.154,7.05,11.66,0
2013-12-26,16.5132,34.3406,,,,,,0
2013-12-26,14.8243,34.0821,5.5714,0.47700000000000004,0.411,7.782999999999999,11.313,0
2013-12-26,12.6475,33.3691,,,,,,0
2014-02-05,3.8649,31.4101,8.2389,1.3757,0.055,20.7265,14.1349,0
2014-02-05,3.8761,31.5106,,,,,,0
2014-02-05,4.7987,31.77,7.029,1.02,0.165,12.7124,9.1659,0
2014-02-05,4.7197,31.7809,,,,,,0
2014-02-05,5.8921,32.0439,7.5907,0.7208,0.0396,11.9217,11.2129,0
2014-02-05,6.3916,32.0083,,,,,,0
2014-02-05,6.551,32.0513,7.0866,1.0817,0.0851,11.0958,11.3292,0
2014-02-05,6.8359,31.9043,7.172999999999999,,,,,0
2014-02-06,6.9883,32.0954,6.9137,,,,,0
2014-02-06,7.0008,32.1201,6.7409,0.4001,0.0014,10.4935,9.2703,0
2014-02-06,6.9024,32.1101,,,,,,0
2014-02-06,6.7655,32.1145,7.7636,1.0623,0.0654,13.5237,11.3202,0
2014-02-06,6.2638,32.047,,,,,,0
2014-02-06,5.6069,31.9961,7.4035,1.0536,0.0915,10.224,8.4181,0
2014-02-06,4.8745,31.7887,,,,,,0
2014-02-06,5.2898,31.8414,7.7203,0.3989,0.0161,9.2382,8.0389,0
2014-02-06,4.784,31.6654,,,,,,0
2014-02-06,4.3081,31.6562,7.6339,0.9137,0.1897,10.06,7.8165,0
2014-02-11,4.8263,31.7983,7.9508,0.6213,0.1835,10.9441,8.4755,0
2014-02-11,5.4534,31.949,,,,,,0
2014-02-11,6.005,32.0646,7.5331,0.6251,0.1275,8.8796,9.1038,0
2014-02-11,6.4543,32.1071,,,,,,0
2014-02-11,6.6696,32.1281,7.3747,0.1142,0.0958,11.6991,13.2033,0
2014-02-11,6.4567,32.1011,,,,,,0
2014-02-11,7.0878,32.269,7.3026,0.5924,0.0252,11.5766,12.2878,0
2014-02-11,7.3859,32.297,,,,,,0
2014-02-11,7.4792,32.3203,7.4611,0.7629,0.3046,11.3671,12.2381,0
2014-02-11,7.3952,32.2404,7.3459,,,,,0
2014-02-11,7.9973,32.4,7.3603,,,,,0
2014-02-12,8.031,32.3872,7.5619,0.4224,0.2344,10.5106,10.2701,0
2014-02-12,8.0437,32.4627,,,,,,0
2014-02-12,7.8428,32.4279,7.4323,0.4454,0.0071,10.4755,9.7624,0
2014-02-12,7.6654,32.4693,,,,,,0
2014-02-12,7.3659,32.3416,7.3026,0.5399,0.046,11.5899,9.0303,0
2014-02-12,6.7943,32.1722,,,,,,0
2014-02-12,5.497000000000001,32.0685,7.8068,0.6563,0.2998,17.1825,9.6678,0
2014-02-12,4.5025,32.1494,,,,,,0
2014-02-12,5.6994,32.1222,7.9076,0.7207,0.0035,11.8286,9.3164,0
2014-02-15,7.336,32.4261,,,,,,0
2014-02-15,8.3989,32.6481,7.0434,0.6785,0.0596,13.0893,11.3654,0
2014-02-15,7.9563,32.7199,,,,,,0
2014-02-15,9.0157,33.1505,7.4899,1.7058,0.0168,11.5375,10.9289,0
2014-02-15,8.9601,32.82,7.1154,,,,,0
2014-02-15,10.4224,33.604,6.7841,,,,,0
2014-02-15,17.1654,34.548,5.513,0.264,0.386,4.817,2.715,0
2014-02-15,12.1111,34.187,7.0146,0.6838,0.0014,10.4624,8.7913,0
2014-02-15,17.59,34.5812,5.2639999999999985,0.17,0.129,2.259,1.089,0
2014-02-15,12.529000000000002,34.309,,,,,,0
2014-02-15,12.5843,34.3167,7.3314,2.9225,0.0728,9.2336,10.2052,0
2014-02-15,16.4742,34.4521,5.206,0.293,0.188,5.685,4.474,0
2014-02-16,12.4547,34.2047,,,,,,0
2014-02-16,15.6528,34.3268,5.627000000000002,0.222,0.46,4.738,5.0139999999999985,0
2014-02-16,9.9002,33.4403,6.8705,4.523,0.0583,12.4157,11.9446,0
2014-02-16,13.9312,34.1601,5.994,0.21,0.121,5.636,4.933,0
2014-02-16,9.2897,33.2865,,,,,,0
2014-02-16,11.4424,33.9424,7.4323,0.7101,0.1948,10.7969,10.7163,0
2014-02-16,13.1665,34.1325,5.877000000000002,0.317,0.032,8.081,8.68,0
2014-02-16,11.7453,34.1717,,,,,,0
2014-02-16,11.7843,33.7277,6.245,0.201,,6.225,5.081,0
2014-02-16,9.9576,32.8287,6.386,0.279,,9.767999999999999,8.671,0
2014-02-16,9.4127,32.4026,6.641,0.217,,8.127,9.362,0
2014-02-16,9.1045,32.2956,6.58,0.256,,12.017999999999999,11.515,0
2014-02-16,8.8078,31.9046,6.5820000000000025,0.138,,8.202,8.677,0
2014-02-16,9.6388,32.3804,6.641,,,9.6503,10.2793,0
2014-02-16,9.9346,32.5168,6.444,0.0361,,16.4565,16.2574,0
2014-02-16,9.9117,32.4277,6.4670000000000005,,,6.4643,6.7051,0
2014-02-16,10.01,32.5319,6.525,,,6.282,5.4119,0
2014-02-16,11.8367,33.6612,6.247000000000001,,,5.5354,3.3853,0
2014-02-16,13.2779,34.1238,6.135,,,7.7948,4.5616,0
2014-02-17,14.159,34.1809,6.051,,0.081,14.321,2.457,0
2014-02-20,13.8972,34.4908,5.7714,0.307,0.188,7.166,9.004,0
2014-02-20,13.7806,34.508,,,,,,0
2014-02-20,14.1122,34.5188,5.8857,0.32,0.324,4.499,6.405,0
2014-02-20,9.0324,32.4451,6.494,0.435,0.107,15.206,10.168,0
2014-02-20,9.3674,32.6463,6.634,0.439,0.104,13.29,11.845,0
2014-02-20,13.8336,34.5025,5.7714,0.317,0.489,5.343999999999999,8.272,0
2014-02-20,13.3354,34.4678,,,,,,0
2014-02-20,10.4524,33.2807,6.415,0.5670000000000001,0.104,10.166,13.635,0
2014-02-20,11.4707,34.3682,5.9714,0.375,0.486,5.72,9.03,0
2014-02-20,10.704,34.3183,,,,,,0
2014-02-20,12.6953,34.1012,6.244,0.451,0.142,7.501,10.433,0
2014-02-20,11.9956,34.4421,6.1429,0.309,0.376,4.707,8.231,0
2014-02-21,14.8226,34.3014,5.686,0.39,0.324,7.077999999999999,7.018,0
2014-02-21,10.6268,34.3424,,,,,,0
2014-02-21,12.0771,34.433,,,,,,0
2014-02-21,15.1262,34.3308,5.625,0.349,0.348,5.46,4.309,0
2014-02-21,12.2857,34.4271,,,,,,0
2014-02-21,16.0173,34.4546,5.884,0.405,0.463,5.725,7.059,0
2014-02-21,12.4693,34.4344,5.8571,0.361,0.5820000000000001,5.769,9.058,0
2014-02-21,12.9698,34.4647,,,,,,0
2014-02-21,15.5066,34.4207,5.769,0.39,0.531,5.572,6.234,0
2014-02-21,15.9358,34.4448,5.517,0.383,0.47,5.124,5.271,0
2014-02-21,14.6066,34.5536,,,,,,0
2014-02-21,15.944,34.4647,5.627999999999999,0.414,0.547,4.51,4.829,0
2014-02-21,14.3551,34.4703,6.1714,0.339,0.336,5.769,9.333,0
2014-02-21,16.0245,34.5137,5.066,0.482,0.604,5.11,6.812,0
2014-02-21,14.2899,34.4648,,,,,,0
2014-02-21,14.1081,34.484,5.7714,0.289,0.416,5.218,8.964,0
2014-02-21,12.9565,34.422,,,,,,0
2014-02-21,12.4612,34.4408,6.0,0.316,0.393,5.5020000000000024,9.146,0
2014-02-21,12.0008,34.4235,,,,,,0
2014-02-21,11.3858,34.4018,,,,,,0
2014-02-21,11.7348,34.3893,,,,,,0
2014-02-21,12.2219,34.3813,6.2857,0.339,0.324,5.484,9.36,0
2014-02-21,15.1962,34.3208,5.71,,0.459,5.9570000000000025,2.68,0
2014-02-21,12.7569,34.3879,,,,,,0
2014-02-21,16.3828,34.4656,5.573,,0.194,7.077000000000001,4.023,0
2014-02-21,16.7687,34.5263,5.738,,0.391,4.168,3.994,0
2014-02-22,13.223,34.4224,5.8857,0.336,0.22,5.194,7.8279999999999985,0
2014-02-22,14.0868,34.4489,,,,,,0
2014-02-22,13.9702,34.455,5.8857,0.334,0.27,5.522,8.378,0
2014-02-22,14.7541,34.4638,5.7714,0.29100000000000004,0.27,3.998,7.1,0
2014-02-22,14.142,34.4597,,,,,,0
2014-02-22,15.0799,34.5437,5.7714,0.28800000000000003,0.522,4.725,7.84,0
2014-02-22,14.8849,34.4923,,,,,,0
2014-02-22,15.558,34.5392,5.5429,0.313,0.512,7.077999999999999,7.492000000000001,0
2014-02-23,15.7585,34.5416,,,,,,0
2014-02-23,15.2469,34.4835,5.4857,0.275,0.3,4.539,7.303,0
2014-02-23,15.4052,34.504,,,,,,0
2014-02-23,15.5935,34.5129,5.5143,0.258,0.38,4.415,6.824,0
2014-02-24,15.1938,34.396,,,,,,0
2014-02-24,15.0184,34.3695,5.7429,0.274,0.297,4.59,6.8260000000000005,0
2014-02-24,14.0445,34.2113,,,,,,0
2014-02-24,13.69,34.1962,5.7429,0.322,0.171,4.955,8.081,0
2014-02-24,13.4935,34.1784,,,,,,0
2014-02-24,12.7351,34.3982,5.78,0.3502,0.4048,5.2731,8.0126,0
2014-02-24,12.8721,34.3995,5.73,,,,,0
2014-02-24,13.8892,34.5059,5.71,0.2682,0.4652,4.2379,7.1032,0
2014-02-24,11.7132,33.9502,,,,,,0
2014-02-24,14.0395,34.5191,5.59,,,,,0
2014-02-24,12.5507,34.1885,6.0571,0.381,0.16399999999999998,6.085,10.056,0
2014-02-24,12.4434,34.0834,,,,,,0
2014-02-25,13.0217,34.2516,5.8286,0.338,0.136,5.4570000000000025,9.268,0
2014-02-25,13.2804,34.4398,5.64,,,,,0
2014-02-25,13.2737,34.2543,,,,,,0
2014-02-25,13.6974,34.472,5.55,0.3479,0.4828,4.8747,7.5098,0
2014-02-25,13.3138,34.2717,5.7143,0.331,0.316,5.178999999999999,9.085,0
2014-02-25,13.8435,34.3467,,,,,,0
2014-02-25,13.7056,34.4766,5.53,,,,,0
2014-02-25,14.0262,34.324,5.8,0.321,0.181,4.792,8.066,0
2014-02-25,13.1594,34.4392,5.73,0.3524,0.3723,5.0519,8.2268,0
2014-02-25,12.7623,34.4517,5.72,,,,,0
2014-02-25,14.3974,34.3512,,,,,,0
2014-02-25,12.8235,34.4747,5.69,,,,,0
2014-02-25,12.8305,34.4366,5.65,,,,,0
2014-02-25,12.8865,34.441,5.65,,,,,0
2014-02-25,13.9445,34.4247,5.9143,0.322,0.185,5.218,8.287,0
2014-02-25,12.621,34.449,5.7,0.3737,0.3993,4.4384,7.4302,0
2014-02-25,13.9241,34.4294,,,,,,0
2014-02-25,13.226,34.4772,5.76,,,,,0
2014-02-25,13.2836,34.4001,5.9143,0.359,0.201,5.405,8.942,0
2014-02-25,13.2006,34.4642,5.64,0.3805,0.4596,5.3592,8.5982,0
2014-02-25,10.3872,34.0355,,,,,,0
2014-02-25,11.274,34.3096,5.97,,,,,0
2014-02-25,10.4576,34.2499,6.09,0.4074,0.2906,6.43,8.982000000000003,0
2014-02-25,11.1114,34.2026,5.93,,,,,0
2014-02-25,11.291,34.2139,5.9,0.4242,0.1439,6.6998,8.5578,0
2014-02-25,10.9749,34.1976,5.9,,,,,0
2014-02-25,11.086,34.2055,5.93,0.4299,0.1532,6.773,8.4771,0
2014-02-26,11.0569,34.1832,5.84,,,,,0
2014-02-26,11.0157,34.1824,5.84,0.4613,0.1328,6.8895,8.4906,0
2014-02-26,13.1666,34.4435,5.61,,,,,0
2014-02-26,12.9915,34.4695,5.71,0.3648,0.4531,5.181,8.592,0
2014-02-26,12.3003,34.431999999999995,5.82,,,,,0
2014-02-26,12.1885,34.4382,5.82,,,,,0
2014-02-26,11.0948,34.3728,6.01,,,,,0
2014-02-26,11.1991,34.3979,6.02,,,,,0
2014-02-26,12.0195,34.426,5.85,0.4097,0.3092,5.0264,8.3468,0
2014-02-26,13.0439,34.4454,5.68,,,,,0
2014-02-26,12.9716,34.4505,5.74,0.4355,0.3779,5.6215,9.5107,0
2014-02-26,11.0269,34.187,5.92,,,,,0
2014-02-26,11.0065,34.1929,5.93,0.4557,0.1188,6.4358,8.0106,0
2014-02-26,11.0508,34.1869,5.89,,,,,0
2014-02-26,11.3852,34.3214,6.05,0.3715,0.1866,4.8212,8.1016,0
2014-02-26,10.8016,34.222,6.03,,,,,0
2014-02-27,10.0436,34.2103,6.42,0.1571,0.1829,3.6925,4.8707,0
2014-02-27,9.8978,34.249,6.41,,,,,0
2014-02-27,10.841,34.226,5.91,,,,,0
2014-02-27,10.9568,34.2172,5.93,0.4602,0.1513,6.7164,8.6892,0
2014-02-27,10.9719,34.2066,5.87,,,,,0
2014-02-27,12.5216,34.4041,5.46,0.3883,0.2488,5.1833,8.7916,0
2014-02-27,12.4343,34.4092,5.93,,,,,0
2014-02-27,11.482,34.3804,6.06,0.3715,0.2145,4.8089,9.1579,0
2014-02-27,11.5913,34.3481,6.05,,,,,0
2014-02-27,8.8045,34.174,6.56,0.3535,0.2136,4.5927,8.4244,0
2014-02-27,9.7482,34.1841,6.26,,,,,0
2014-02-27,11.1452,34.3296,6.03,0.4141,0.2368,5.6338,9.88,0
2014-02-27,10.7977,34.3564,6.17,,,,,0
2014-02-27,9.6541,34.2483,6.27,0.3715,0.2563,4.8842,8.4327,0
2014-02-27,8.8716,34.1577,6.51,,,,,0
2014-03-01,8.2069,34.1367,6.37,,,,,0
2014-03-01,9.6864,34.2681,6.17,0.3969,0.2635,5.1218,9.1064,0
2014-03-01,9.8771,34.2375,6.09,,,,,0
2014-03-01,9.5425,34.168,6.11,0.4025,0.3315,5.3401,7.6584,0
2014-03-01,9.6026,34.1668,6.11,,,,,0
2014-03-01,9.5159,34.203,6.14,0.3625,0.3278,5.3853,7.7643,0
2014-03-01,7.4985,34.117,6.72,,,,,0
2014-03-01,10.7477,34.2535,5.95,0.3962,0.2321,5.7917,7.9774,0
2014-03-01,10.5661,34.2891,6.06,,,,,0
2014-03-01,12.2633,34.4486,5.81,0.4074,0.2693,5.447,8.8299,0
2014-03-03,8.1688,34.1504,6.76,0.25,0.1955,3.7785,8.242,0
2014-03-03,9.3698,34.2613,6.27,,,,,0
2014-03-03,7.1209,34.0855,6.77,0.2522,0.149,3.6101,7.0197,0
2014-03-03,7.4833,34.1728,6.64,,,,,0
2014-03-03,9.6288,34.2454,6.18,0.4193,0.2896,5.8865,9.8897,0
2014-03-03,9.4174,34.2426,6.15,,,,,0
2014-03-04,8.1746,34.1608,6.35,0.3901,0.1974,5.5178,9.8325,0
2014-04-01,6.0329,31.4124,7.9579,0.4594,0.0894,11.7314,4.288,0
2014-04-01,6.529,31.3992,,,,,,0
2014-04-01,6.7677,31.5837,7.7405,0.5906,0.1343,11.2592,4.8317,0
2014-04-01,6.8344,31.653,,,,,,0
2014-04-01,7.5384,31.761,7.755,0.4655,0.0662,10.6471,4.0163,0
2014-04-01,7.8982,32.05,,,,,,0
2014-04-01,8.1483,32.0611,7.9724,0.267,0.1536,9.6978,3.9556,0
2014-04-01,8.5921,31.985,7.8564,,,,,0
2014-04-02,8.756,32.048,7.7695,,,,,0
2014-04-02,8.6643,32.1096,7.6825,0.5791,0.0512,13.5827,5.0848,0
2014-04-02,8.5984,32.2023,,,,,,0
2014-04-02,8.5696,32.1823,7.8419,0.7472,0.1413,3.9006,9.7926,0
2014-04-02,8.3061,32.1185,,,,,,0
2014-04-02,8.1901,32.0209,7.8854,0.4346,0.0611,6.2874,1.6563,0
2014-04-02,7.3919,31.9426,,,,,,0
2014-04-02,6.5846,31.8496,7.8854,0.3393,0.0481,8.4832,2.2231,0
2014-04-02,6.7003,31.6314,,,,,,0
2014-04-02,7.355,31.6122,8.6247,0.3853,0.0254,6.568,1.2867,0
2014-04-07,7.8099,31.6558,8.5667,0.4202,0.0683,6.0979,0.9847,0
2014-04-07,7.1378,31.8073,,,,,,0
2014-04-07,7.3784,31.9574,8.1028,0.4466,0.0995,15.6217,7.9011,0
2014-04-07,7.0013,32.0561,,,,,,0
2014-04-07,7.609,32.0737,7.667999999999997,0.7168,0.2017,15.1005,10.3565,0
2014-04-07,8.1212,32.1724,,,,,,0
2014-04-07,8.63,32.2603,7.8564,0.4358,0.0649,11.6044,3.8298,0
2014-04-07,8.6217,32.2598,,,,,,0
2014-04-07,8.7213,32.2488,7.667999999999997,0.3065,0.1216,8.4227,3.984,0
2014-04-07,8.6992,32.1842,7.9289,,,,,0
2014-04-07,9.292,32.4726,7.7405,,,,,0
2014-04-07,9.2934,32.4935,7.6825,0.5802,0.1079,11.123,8.1996,0
2014-04-08,9.0227,32.4184,,,,,,0
2014-04-08,8.8846,32.3488,7.3491,0.7714,0.0951,12.5866,8.3737,0
2014-04-08,8.1392,32.2457,,,,,,0
2014-04-08,7.9643,32.1761,7.6245,0.527,0.0142,14.4494,8.3821,0
2014-04-08,7.6816,32.1103,,,,,,0
2014-04-08,7.9155,31.823,8.4362,0.2864,0.052000000000000005,5.5258,2.5928,0
2014-04-08,9.4302,31.9917,,,,,,0
2014-04-08,8.7664,32.3446,7.6389999999999985,0.6684,0.0262,12.5371,7.1168,0
2014-04-09,9.8216,32.9693,,,,,,0
2014-04-09,10.3523,33.1055,7.2766,0.3465,0.064,9.6776,3.0376,0
2014-04-09,10.4201,32.8087,,,,,,0
2014-04-09,10.2653,32.6761,7.523,0.5899,0.1264,10.5393,8.7698,0
2014-04-09,9.9978,32.6081,7.2331,,,,,0
2014-04-09,11.0127,33.2635,7.2186,,,,,0
2014-04-09,10.9195,32.9335,7.4796,0.4709,0.0502,9.6677,7.7477,0
2014-04-09,11.7339,33.6329,,,,,,0
2014-04-09,12.3426,33.9752,6.8418,0.5611,0.0536,8.2218,7.588999999999999,0
2014-04-09,11.9814,33.933,,,,,,0
2014-04-09,11.7034,33.6407,6.8273,0.5253,0.0034,7.2304,5.2732,0
2014-04-09,12.0425,33.5574,,,,,,0
2014-04-09,12.5801,33.8022,6.9432,0.3849,0.0446,6.9932,3.3043,0
2014-04-09,12.9106,34.1218,,,,,,0
2014-04-11,14.3928,34.4168,6.4,0.017,0.18600000000000005,0.7709999999999999,1.018,0
2014-04-11,14.4964,34.4463,,,,,,0
2014-04-11,14.8679,34.4911,6.3429,0.006999999999999999,0.156,0.34700000000000003,1.036,0
2014-04-11,15.5797,34.5607,6.0,0.039,0.259,0.634,3.429,0
2014-04-11,14.3778,34.4567,,,,,,0
2014-04-11,14.1465,34.4501,6.0571,0.019,0.154,0.337,1.934,0
2014-04-11,13.2416,34.3756,,,,,,0
2014-04-11,13.1361,34.3323,6.5714,0.061,0.099,0.466,4.242,0
2014-04-11,12.5851,34.3096,,,,,,0
2014-04-12,14.408,34.4511,,,,,,0
2014-04-12,14.495,34.4599,,,,,,0
2014-04-12,15.8971,34.597,5.6286,0.157,0.449,2.541,8.219,0
2014-04-12,16.0828,34.6148,,,,,,0
2014-04-12,16.2247,34.6262,,,,,,0
2014-04-12,16.3745,34.6319,5.7143,0.172,0.452,2.51,6.839,0
2014-04-12,16.2358,34.6231,,,,,,0
2014-04-12,15.0615,34.515,6.0,0.073,0.214,0.642,3.723,0
2014-04-12,13.4869,34.3271,,,,,,0
2014-04-12,13.8607,34.3413,6.6,0.005,0.145,0.40700000000000003,1.685,0
2014-04-12,12.9659,34.1698,,,,,,0
2014-04-12,12.9639,34.1386,,,,,,0
2014-04-12,12.9343,34.1855,,,,,,0
2014-04-12,13.2538,34.2633,6.2571,0.207,0.5489999999999999,1.868,5.847,0
2014-04-12,13.2729,34.2907,,,,,,0
2014-04-12,15.8188,34.5661,6.4286,0.035,0.341,0.28800000000000003,2.449,0
2014-04-12,15.5588,34.5372,,,,,,0
2014-04-12,15.8593,34.561,6.3429,0.019,0.231,0.386,2.147,0
2014-04-15,16.4023,34.6286,5.6857,0.113,0.281,1.6340000000000001,6.817,0
2014-04-15,16.5381,34.6162,,,,,,0
2014-04-15,17.3036,34.6753,5.7429,0.012,0.08,0.47,4.08,0
2014-04-15,12.2147,34.0124,6.7,0.3601,0.1812,3.7694,5.6047,0
2014-04-15,13.0259,34.3623,6.39,,,,,0
2014-04-15,16.9657,34.6517,,,,,,0
2014-04-15,10.8128,34.1961,6.67,0.0531,,0.5526,4.7117,0
2014-04-15,11.9885,34.2887,6.6,,,,,0
2014-04-15,17.9184,34.6602,5.8571,0.038,0.134,0.738,3.556,0
2014-04-15,12.3246,34.3226,6.49,0.0553,,0.6757,5.7477,0
2014-04-15,11.492,34.274,6.48,,,,,0
2014-04-15,17.7184,34.6603,,,,,,0
2014-04-15,17.861,34.6517,5.7714,0.064,0.121,0.46799999999999997,4.313,0
2014-04-15,9.7051,34.1374,6.8,0.0629,,0.4886,5.3208,0
2014-04-16,13.0174,34.4157,6.11,0.0868,0.0519,0.9951,3.8567,0
2014-04-16,17.1697,34.6464,,,,,,0
2014-04-16,16.6229,34.6381,5.7429,0.056,0.142,0.972,5.744,0
2014-04-16,11.1196,34.2213,6.49,,,,,0
2014-04-16,10.8576,34.2065,6.51,0.0195,,0.6282,5.6664,0
2014-04-16,11.5321,34.2656,6.5,,,,,0
2014-04-16,12.3761,34.3137,6.47,0.0553,,0.5885,3.3366,0
2014-04-16,13.7062,34.3852,6.41,,,,,0
2014-04-16,12.6786,34.3374,6.47,0.0672,,0.6234,3.9879,0
2014-04-16,13.691,34.3805,6.51,,,,,0
2014-04-16,13.630999999999998,34.3533,6.86,0.0369,,0.4954,,0
2014-04-16,13.6372,34.3876,6.44,0.0607,,0.5099,0.7878,0
2014-04-16,13.6589,34.3957,6.37,,,,,0
2014-04-16,13.7542,34.3879,6.3,0.0282,,0.5041,1.0728,0
2014-04-16,13.459,34.3709,6.81,,,,,0
2014-04-16,13.6349,34.3856,6.47,0.0011,,0.6108,,0
2014-04-17,14.5586,34.3984,6.1,,,,,0
2014-04-17,14.3149,34.4053,5.89,0.0965,0.0284,0.7801,2.6972,0
2014-04-17,14.8518,34.4927,5.91,,,,,0
2014-04-17,14.7531,34.4797,5.89,0.0326,0.0281,0.9161,2.0048,0
2014-04-17,14.7438,34.4978,5.84,,,,,0
2014-04-17,13.8814,34.448,5.82,0.1034,0.15,1.2757,3.625,0
2014-04-17,14.5334,34.4552,5.95,0.2133,0.508,2.0049,5.3467,0
2014-04-17,12.6391,34.2298,6.67,,,,,0
2014-04-17,12.7569,34.1946,6.62,,,0.518,2.0847,0
2014-04-17,12.3725,34.2012,6.65,,,,,0
2014-04-18,14.3188,34.4686,6.14,,,0.5229,0.6567,0
2014-04-18,14.4831,34.485,5.96,,,,,0
2014-04-18,14.1089,34.3852,6.01,,,0.4815,0.3597,0
2014-04-18,13.9073,34.3706,6.01,0.0261,,0.4903,1.1903,0
2014-04-18,14.0054,34.3616,5.21,,,,,0
2014-04-21,14.1827,34.3907,6.08,,,,,0
2014-04-21,14.2795,34.3771,6.01,,,,,0
2014-04-21,14.5307,34.438,5.77,0.0511,0.0647,0.8548,1.3221,0
2014-04-21,14.7571,34.4901,5.91,,,,,0
2014-04-21,13.0653,34.3798,6.33,,,0.6038,1.7347,0
2014-04-21,13.5685,34.3641,6.2,,,,,0
2014-04-21,13.808,34.4099,6.15,0.0011,,0.5525,1.7088,0
2014-04-21,13.9446,34.4625,6.09,,,,,0
2014-04-21,14.3866,34.4545,5.92,0.0359,,0.5604,3.289,0
2014-04-21,13.3198,34.3438,6.22,,,,,0
2014-04-22,13.4298,34.408,6.04,,,0.586,4.1251,0
2014-04-22,12.7323,34.306999999999995,6.31,,,,,0
2014-04-22,14.6542,34.4839,5.86,0.0305,,0.5387,1.7671,0
2014-04-22,15.8806,34.5875,5.85,,,,,0
2014-04-22,15.4495,34.543,5.77,,,0.517,0.62,0
2014-04-22,15.0888,34.4713,5.92,,,0.5032,0.6632,0
2014-04-22,14.7339,34.4136,6.06,,,,,0
2014-04-22,16.3172,34.5913,,,,,,0
2014-04-22,15.9014,34.5293,6.0286,0.059,0.16399999999999998,0.83,6.489,0
2014-04-22,15.3687,34.3472,,,,,,0
2014-04-22,14.5359,34.0655,6.1429,0.036000000000000004,0.141,0.508,5.704,0
2014-04-22,14.9865,34.4333,6.07,,,,,0
2014-04-22,14.9221,34.4233,5.9,,,,,0
2014-04-22,15.4942,34.5404,6.07,0.0033,,0.5861,1.1136,0
2014-04-22,12.1649,32.3599,,,,,,0
2014-04-22,15.9348,34.5797,5.93,,,,,0
2014-04-22,16.0095,34.5642,6.21,0.0185,,0.6036,1.0067,0
2014-04-23,15.5835,34.5448,6.03,,,0.6146,1.2908,0
2014-04-23,13.1807,33.5235,,,,,,0
2014-04-23,13.5693,33.6512,6.4,0.012,0.116,0.49,8.057,0
2014-04-23,15.3916,34.5379,5.83,,,,,0
2014-04-23,14.0456,33.9682,,,,,,0
2014-04-23,15.536,34.5397,5.75,0.049,0.0684,0.7179,1.2854,0
2014-04-23,14.6705,34.346,5.8857,0.051,0.15,0.44,4.4,0
2014-04-23,15.9518,34.5998,5.8,,,,,0
2014-04-23,14.833,34.4233,5.69,0.062,0.1546,1.1338,2.1376,0
2014-04-23,15.0046,34.4355,,,,,,0
2014-04-23,15.2157,34.4748,6.0857,0.032,0.136,0.465,4.978,0
2014-04-23,15.2787,34.4925,,,,,,0
2014-04-23,15.5656,34.5128,5.8,0.068,0.22,0.655,4.338,0
2014-04-23,16.1255,34.5546,,,,,,0
2014-04-23,15.4495,34.4638,5.7429,0.068,0.304,0.344,2.853,0
2014-04-23,14.7715,34.3695,,,,,,0
2014-04-23,14.0694,34.1954,6.0286,0.301,0.462,3.886,5.162000000000001,0
2014-04-23,13.1662,34.0753,,,,,,0
2014-05-02,17.4529,34.3485,5.647,,,3.0166,2.4198,0
2014-05-02,17.3854,34.3681,5.71,,,,,0
2014-05-02,16.3181,33.744,5.768,,,1.7014,4.2982,0
2014-05-02,14.6872,32.4773,6.398,,,,,0
2014-05-02,14.5106,31.9991,6.7810000000000015,,,1.9658,5.6494,0
2014-05-02,14.466,31.9604,7.127999999999999,,,1.6215,3.2693,0
2014-05-02,14.445,31.9846,6.935,,,0.4141,8.0121,0
2014-05-02,13.8929,32.0852,7.0760000000000005,,,0.6025,1.3909,0
2014-05-02,13.6198,32.5837,6.117000000000001,0.0318,,6.4126,7.2563,0
2014-05-03,13.1083,32.7371,5.9060000000000015,0.152,0.1365,7.9763,10.9908,0
2014-05-03,12.682,32.2987,5.956,0.3401,,6.6783,8.2185,0
2014-05-03,12.4978,32.1828,5.988,0.3792,,9.3701,14.2077,0
2014-05-03,13.3472,32.0153,6.44,0.0014,,7.1086,9.2617,0
2014-05-03,13.5913,31.8732,6.558,,,1.5030000000000001,6.9689,0
2014-05-03,14.8118,32.8199,6.117000000000001,,,2.3575,1.4354,0
2014-05-03,15.1901,33.1072,6.068,,,0.7902,6.4941,0
2014-05-03,14.8734,32.6724,6.261,,,3.5312,7.0820000000000025,0
2014-05-03,17.2725,34.4156,5.574,0.021,,3.1082,3.3397,0
2014-05-03,18.173,34.5264,5.509,0.036000000000000004,,0.972,3.149,0
2014-05-03,18.1693,34.4883,4.593,0.075,0.0888,4.641,2.787,0
2014-05-03,19.2842,34.5987,5.307,0.102,0.016,5.144,1.005,0
2014-05-04,19.221,34.5941,5.279,0.28300000000000003,0.23,3.4339999999999997,3.208,0
2014-05-04,18.2231,34.5375,5.379,0.276,0.187,1.2990000000000002,2.21,0
2014-05-04,17.9818,34.5769,5.42,0.264,0.221,2.255,4.148,0
2014-05-04,17.6527,34.5096,5.468,0.248,0.163,2.248,4.722,0
2014-05-05,15.139,33.4712,5.979,0.201,0.147,1.61,5.118,0
2014-05-06,15.3881,33.7806,5.867000000000001,0.179,0.301,1.0190000000000001,3.807,0
2014-05-06,16.4165,34.3081,5.651,0.168,0.264,0.863,3.979,0
2014-05-06,13.6703,32.4854,6.3,0.124,0.118,0.9079999999999999,7.905,0
2014-05-06,13.6167,32.0081,6.474,0.127,0.052000000000000005,1.473,2.342,0
2014-05-06,13.3558,31.7794,6.782,0.095,0.04,1.217,8.387,0
2014-05-06,13.2306,31.7915,6.522,0.21,0.171,5.647,13.075,0
2014-06-05,13.0232,31.3594,7.4226,0.7293,0.0983,6.6997,1.5111,0
2014-06-05,14.0396,31.442,,,,,,0
2014-06-05,15.6344,31.5432,7.2052,0.1195,0.0151,2.923,4.1659,0
2014-06-05,17.3582,31.6104,,,,,,0
2014-06-05,17.0872,31.5663,7.2341,0.2209,0.0092,3.4284,2.5077,0
2014-06-05,18.642,31.5777,,,,,,0
2014-06-05,17.7692,31.4124,6.8137,0.0033,0.0272,13.923,2.5044,0
2014-06-05,17.5146,31.54,6.6977,,,,,0
2014-06-05,17.7844,31.7159,6.6543,,,,,0
2014-06-06,18.0789,31.6624,6.6398,0.1494,0.1519,4.1153,6.5515,0
2014-06-06,18.6712,31.6584,,,,,,0
2014-06-06,18.5292,31.6681,6.7412,0.2006,0.0143,5.6125,7.7232,0
2014-06-06,18.606,31.5949,,,,,,0
2014-06-06,18.3854,31.5796,6.7992,0.06,0.0153,2.1365,2.3105,0
2014-06-06,17.1504,31.6651,,,,,,0
2014-06-06,15.5209,31.47300000000001,7.4806,0.0565,0.0388,4.8877,1.0553,0
2014-06-06,16.9903,31.2954,,,,,,0
2014-06-06,16.0623,31.4107,7.2631,0.2427,0.028,2.3637,0.7882,0
2014-06-07,19.689,30.7705,6.9587,0.0648,0.029,2.7880000000000003,7.1325,0
2014-06-07,18.953,31.5857,,,,,,0
2014-06-07,18.1632,32.0149,7.2486,0.2539,0.0866,4.2808,5.4903,0
2014-06-07,19.1604,32.1425,,,,,,0
2014-06-07,19.2349,31.6795,6.6398,0.1002,0.0538,2.4062,11.8896,0
2014-06-07,19.2248,31.5996,,,,,,0
2014-06-07,20.1397,31.6635,6.7412,0.2154,0.5833,1.7061,8.2624,0
2014-06-07,19.4587,31.784,,,,,,0
2014-06-07,19.3852,31.8854,6.7122,0.0034,0.0114,2.3264,8.4244,0
2014-06-07,19.0448,31.8715,6.5818,,,,,0
2014-06-08,18.8904,32.0167,6.7557,,,,,0
2014-06-08,18.9537,31.9517,6.6253,0.5236,0.0101,3.0238,6.1903,0
2014-06-08,19.1357,32.084,,,,,,0
2014-06-08,19.5024,32.5389,7.2631,0.1544,0.0096,2.1615,1.1372,0
2014-06-08,17.9576,32.735,,,,,,0
2014-06-08,18.7842,32.7775,8.249,0.4941,0.0472,2.8918,2.8713,0
2014-06-08,19.1593,32.4481,,,,,,0
2014-06-08,19.6604,31.6556,7.1907,0.2264,0.0098,3.1324,7.876,0
2014-06-08,18.7161,33.456,,,,,,0
2014-06-08,18.9905,33.3108,7.7416,0.2221,0.0742,1.6039,2.5029,0
2014-06-08,17.6823,34.1438,5.47,0.0828,0.0812,0.6212,1.646,0
2014-06-08,18.1293,34.2366,5.37,,,,,0
2014-06-08,18.4396,34.1472,5.3,0.0828,,0.4432,3.1015,0
2014-06-08,18.5626,34.0848,5.39,,,,,0
2014-06-08,18.3137,34.2323,5.37,0.075,,0.2287,3.4836,0
2014-06-08,18.0032,34.2307,5.42,,,,,0
2014-06-08,17.6978,34.255,5.68,0.0838,,0.2724,2.2198,0
2014-06-09,17.5688,34.3583,5.65,0.0697,,0.12300000000000001,5.1339,0
2014-06-09,18.8493,34.4294,5.16,,,,,0
2014-06-09,18.6259,34.4265,5.34,0.0727,,0.1636,1.9255,0
2014-06-09,18.2944,34.1964,5.37,,,,,0
2014-06-09,17.9903,32.8484,,,,,,0
2014-06-09,18.1994,34.2364,5.3,0.0717,,0.1901,2.3472,0
2014-06-09,19.2059,32.615,6.8862,0.193,0.0479,3.5672,3.5372,0
2014-06-09,17.9874,34.1369,5.36,,,,,0
2014-06-09,19.2164,32.2814,,,,,,0
2014-06-09,19.9804,32.1862,6.6977,0.4965,0.0543,2.7182,3.8239,0
2014-06-09,17.566,34.1891,5.53,0.0838,,0.2429,3.8711,0
2014-06-09,19.994,32.2863,7.2869,,,,,0
2014-06-09,18.2143,34.2132,5.37,,,,,0
2014-06-09,18.5326,34.2487,5.28,0.0906,,0.1077,2.7279,0
2014-06-09,18.4574,34.2121,5.29,,,,,0
2014-06-09,20.6762,31.5179,6.1547,,,,,0
2014-06-09,20.116,32.2733,6.1111,0.2257,0.0548,2.6157,5.0312,0
2014-06-09,20.8969,31.8645,,,,,,0
2014-06-09,19.1663,32.8207,6.9385,0.626,0.0566,2.9151,4.7226,0
2014-06-09,17.6297,34.1791,5.43,,,,,0
2014-06-09,19.4059,32.6616,,,,,,0
2014-06-09,17.7413,34.1649,5.41,0.0707,,0.2328,2.1871,0
2014-06-09,17.9091,34.2285,5.38,,,,,0
2014-06-09,19.9621,32.2361,6.6482,0.2076,0.0336,1.5712,4.7078,0
2014-06-09,18.5822,34.117,5.39,0.0757,,0.0884,3.1708,0
2014-06-09,19.9656,32.9811,,,,,,0
2014-06-10,18.8203,34.1869,5.26,,,,,0
2014-06-10,19.7449,33.1091,6.7498,0.363,0.0554,2.206,5.3049,0
2014-06-10,20.088,32.852,,,,,,0
2014-06-10,18.9393,34.4207,5.17,0.0618,,0.0876,1.6586,0
2014-06-10,18.8311,34.4104,5.22,,,,,0
2014-06-10,18.9458,34.408,5.23,0.0608,,0.1791,1.2233,0
2014-06-10,18.8521,34.4031,5.19,,,,,0
2014-06-10,18.9586,34.4088,5.22,0.0488,,0.1102,1.036,0
2014-06-10,18.9024,34.3986,5.3,0.0446,,0.1545,1.4248,0
2014-06-10,18.8854,34.3992,5.3,,,,,0
2014-06-10,19.0185,34.4306,5.34,0.0515,,0.1142,2.1525,0
2014-06-10,19.4731,34.3914,5.2,,,,,0
2014-06-10,19.513,34.4286,5.14,0.0564,,0.1634,3.5447,0
2014-06-10,19.7726,34.2082,5.16,,,,,0
2014-06-10,19.3297,34.0857,5.58,0.0697,,0.1289,3.7453,0
2014-06-10,19.1127,34.1182,5.32,,,,,0
2014-06-10,18.9846,34.1462,5.33,,,,,0
2014-06-13,19.5744,33.7635,5.2857,0.0468,0.13,1.273,2.695,0
2014-06-13,20.2471,33.7518,,,,,,0
2014-06-13,21.0842,33.8216,5.0857,0.0315,0.124,0.8540000000000001,1.663,0
2014-06-13,20.5391,33.7679,5.3714,0.0674,0.14400000000000002,0.986,2.164,0
2014-06-13,20.5048,33.7694,,,,,,0
2014-06-13,18.7479,34.0043,5.7429,0.0544,0.209,1.1159999999999999,4.243,0
2014-06-13,20.4982,33.8102,,,,,,0
2014-06-13,20.4088,33.8848,5.3143,0.0712,0.147,0.847,2.536,0
2014-06-13,19.7674,33.9046,,,,,,0
2014-06-13,20.1331,33.9076,,,,,,0
2014-06-13,20.1717,33.8294,,,,,,0
2014-06-13,20.774,33.3841,5.2857,0.0323,0.14300000000000002,1.028,2.053,0
2014-06-13,20.8237,33.359,,,,,,0
2014-06-14,21.2656,33.0423,,,,,,0
2014-06-14,21.0607,32.7462,5.2857,0.0201,0.202,1.0270000000000001,2.866,0
2014-06-14,20.3552,33.2953,,,,,,0
2014-06-14,19.6018,33.8524,5.6857,0.0628,0.141,0.956,2.763,0
2014-06-14,19.2683,33.8874,,,,,,0
2014-06-14,19.6154,33.8611,5.7143,0.0911,0.132,1.056,2.75,0
2014-06-14,20.2903,33.769,,,,,,0
2014-06-14,20.1876,33.7112,,,,,,0
2014-06-14,19.5427,33.759,,,,,,0
2014-06-14,19.2625,33.8486,5.8286,0.0789,0.153,0.768,2.474,0
2014-06-14,19.5264,33.8488,,,,,,0
2014-06-14,19.9012,33.4412,5.7143,0.0621,0.188,0.917,3.651,0
2014-06-14,20.3824,33.5546,,,,,,0
2014-06-14,21.4613,33.0938,5.0286,0.027000000000000003,0.168,0.897,1.291,0
2014-06-14,19.3358,33.9327,5.55,,,,,0
2014-06-14,19.4734,33.8615,5.53,,,,,0
2014-06-14,20.5416,33.7549,5.34,0.0416,,0.1781,4.4015,0
2014-06-14,20.6337,33.9315,5.43,,,,,0
2014-06-14,20.263,33.9635,5.42,0.0287,,0.185,3.8492,0
2014-06-15,19.9649,34.344,5.38,,,,,0
2014-06-15,19.8368,34.3734,5.32,0.0446,,0.18899999999999997,1.6254,0
2014-06-15,19.5788,34.4005,5.44,,,,,0
2014-06-15,19.5576,34.2819,5.55,0.0426,,0.1929,0.6447,0
2014-06-15,19.7773,34.3514,5.38,,,,,0
2014-06-15,20.367,34.3359,5.37,0.0538,,0.18899999999999997,2.6727,0
2014-06-15,21.6333,33.3362,5.3429,0.0308,0.488,0.7340000000000001,3.134,0
2014-06-15,21.9194,33.2135,,,,,,0
2014-06-15,21.9915,32.7696,5.2571,0.0705,0.211,1.165,2.846,0
2014-06-15,21.8262,32.9742,,,,,,0
2014-06-15,22.1686,31.974,5.1429,0.0109,0.172,1.15,2.039,0
2014-06-15,22.3249,32.403,,,,,,0
2014-06-15,21.9381,32.2622,5.1429,0.0132,0.16399999999999998,0.805,1.5930000000000002,0
2014-06-16,21.4231,32.8591,,,,,,0
2014-06-16,21.3825,33.194,4.7714,0.0544,0.293,0.6409999999999999,1.574,0
2014-06-16,20.8421,34.1885,5.26,,,,,0
2014-06-16,20.8348,33.8773,5.31,0.0446,,0.3159,3.3589,0
2014-06-16,20.2235,33.8112,5.56,,,,,0
2014-06-16,20.5476,33.7853,5.62,0.0426,,0.2205,5.1543,0
2014-06-16,20.8759,33.7962,5.4,,,,,0
2014-06-16,20.5892,33.7863,5.5,,,,,0
2014-06-17,19.685,33.8495,5.64,,,,,0
2014-06-17,19.8424,33.8336,5.59,,,,,0
2014-06-17,18.5195,33.9219,5.99,0.0827,0.0036,0.2248,6.9297,0
2014-06-17,20.8131,33.847,5.28,,,,,0
2014-06-17,19.6289,34.2696,5.34,0.0797,,0.0753,3.6281,0
2014-06-17,20.8034,34.1306,5.27,,,,,0
2014-06-17,20.3254,34.2236,5.25,,,,,0
2014-06-17,20.7944,33.6927,5.24,0.0528,,0.1299,3.5381,0
2014-06-17,19.9667,33.8783,5.57,,,,,0
2014-06-17,17.7352,34.0061,5.47,0.2191,0.0951,1.2838,10.9251,0
2014-06-19,20.9153,32.5522,,,,,,0
2014-06-19,20.6718,32.1036,5.7143,0.0567,0.459,0.879,3.556,0
2014-06-19,20.8708,31.5992,,,,,,0
2014-06-19,21.0609,31.5786,5.7429,0.0178,0.152,1.031,5.47,0
2014-06-19,21.2648,30.2614,,,,,,0
2014-06-20,21.7853,30.4689,,,,,,0
2014-06-20,20.843000000000004,30.4022,6.0,0.0506,0.35700000000000004,0.946,2.572,0
2014-06-20,21.6475,31.7298,,,,,,0
2014-06-20,21.6681,31.7868,5.2857,0.0148,0.13699999999999998,1.014,3.454,0
2014-06-20,21.9701,32.0674,,,,,,0
2014-06-20,22.4198,32.5177,5.1143,0.0735,0.12,1.133,3.4930000000000003,0
2014-06-20,22.0593,32.4174,,,,,,0
2014-06-20,21.0429,32.6408,5.7143,0.0682,0.117,0.8340000000000001,4.869,0
2014-06-20,20.6347,33.2572,,,,,,0
2014-06-20,22.0836,32.7583,5.5714,0.0476,0.17,0.843,2.39,0
2014-06-20,21.4721,33.1476,,,,,,0
2014-06-20,18.7522,33.7236,5.4571,0.0796,0.198,1.3090000000000002,6.9179999999999975,0
2014-06-20,18.2656,33.6981,,,,,,0
2014-08-07,20.1972,31.3979,5.562,0.309,0.5386,5.6433,4.6558,1
2014-08-07,23.0119,31.5465,,,,,,1
2014-08-07,23.1654,31.5992,5.8044,0.2291,0.1461,3.3097,3.3385,1
2014-08-07,24.2623,31.6501,,,,,,1
2014-08-07,24.7331,31.6309,5.4336,0.0718,0.1276,4.1114,3.3719,1
2014-08-07,24.9037,31.4858,,,,,,1
2014-08-07,24.1876,31.6473,5.89,0.3896,0.1043,1.9432,2.7886,1
2014-08-08,24.8176,31.2931,5.5192,,,,,1
2014-08-08,24.3203,31.5334,5.7616,,,,,1
2014-08-08,23.943,31.43,5.4193,0.1792,0.1625,4.3543,5.1864,1
2014-08-08,23.8851,31.5213,,,,,,1
2014-08-08,24.0798,31.5923,5.8187,0.103,0.1043,9.3964,5.3701,1
2014-08-08,24.9896,31.9365,,,,,,1
2014-08-08,24.8236,31.9069,5.5905,0.1452,0.0444,6.7938,2.0992,1
2014-08-08,24.8159,31.9168,,,,,,1
2014-08-08,23.6124,32.0792,5.8614,0.1618,0.0174,2.3725,2.4702,1
2014-08-08,23.0,31.9103,,,,,,1
2014-08-08,23.3372,31.5914,5.619,0.008,0.1403,4.721,6.0892,1
2014-08-10,23.9574,31.4263,5.947,0.4468,0.6606,7.3112,12.6511,1
2014-08-10,23.5685,31.851,,,,,,1
2014-08-10,22.4249,32.4431,6.0754,0.3772,0.0794,4.4266,6.1719,1
2014-08-10,24.3861,32.2891,,,,,,1
2014-08-11,24.262,32.3947,5.619,0.5591,0.2218,9.9997,5.7465,1
2014-08-11,25.0603,32.1268,,,,,,1
2014-08-11,25.157,32.137,6.2322,0.3492,0.0373,4.834,7.1715,1
2014-08-11,25.027,32.0891,,,,,,1
2014-08-11,25.2497,31.9223,5.6047,0.2785,0.081,4.4109,7.6453,1
2014-08-11,24.6014,31.8719,5.7759,,,,,1
2014-08-11,24.8539,31.9729,5.5477,,,,,1
2014-08-12,24.81900000000001,31.9259,5.4479,0.2372,0.1446,7.548999999999999,10.1384,1
2014-08-12,24.4424,32.1173,,,,,,1
2014-08-12,24.6788,32.0034,5.3623,0.0907,0.0103,4.9152,7.4689999999999985,1
2014-08-12,24.082,32.1947,,,,,,1
2014-08-12,23.874,31.8116,5.4764,0.2878,0.0554,5.8248,7.2798,1
2014-08-12,23.0244,32.4254,,,,,,1
2014-08-12,22.0359,32.6677,5.1769,0.3931,0.19,9.6052,12.9855,1
2014-08-12,22.0142,32.1678,,,,,,1
2014-08-12,18.4348,32.7357,5.291,0.7638,0.2418,9.2359,12.465,1
2014-08-13,23.2832,33.2305,4.23,0.0341,0.0208,0.6229,0.7449,1
2014-08-13,23.5388,33.0045,4.22,,,,,1
2014-08-13,23.8219,33.3761,4.23,0.0195,0.4,0.0905,0.9407,1
2014-08-13,22.3736,33.8209,4.25,,,,,1
2014-08-13,23.0639,33.9405,,0.0185,0.3739,0.1402,1.7883,1
2014-08-13,22.9463,32.4611,,,,,,1
2014-08-13,24.1913,32.4796,,0.0204,0.0038,0.4981,4.9647,1
2014-08-13,24.326,34.0503,,0.0156,0.0076,0.483,2.3042,1
2014-08-14,24.1149,34.2146,,,,,,1
2014-08-14,23.8751,32.6448,,0.0341,0.0264,0.5841,3.5477,1
2014-08-14,24.4071,33.6412,,,,,,1
2014-08-14,23.866,32.5567,,0.0448,,0.6975,5.2964,1
2014-08-14,22.6622,32.2686,,,,,,1
2014-08-14,22.1929,33.7833,,0.0282,0.0142,0.5057,2.3106,1
2014-08-14,23.4077,33.6986,,,,,,1
2014-08-14,23.6693,33.0657,,0.0214,0.0142,0.4263,0.1787,1
2014-08-14,23.8445,33.0551,,0.0243,0.0057,0.4641,0.0696,1
2014-08-15,23.706,33.0898,5.48,,,,,1
2014-08-15,23.7915,33.0904,5.52,0.0185,0.0094,0.6994,0.0407,1
2014-08-15,23.6726,33.4529,5.45,,,,,1
2014-08-15,22.3425,33.5443,5.25,0.0156,0.0038,0.4045,1.829,1
2014-08-15,21.983,33.5121,5.77,,,,,1
2014-08-15,24.2736,32.9077,5.09,,0.1437,0.7675,2.0403,1
2014-08-16,24.0928,33.8165,5.04,,,,,1
2014-08-16,23.9553,32.9021,5.04,0.0312,0.0065,0.6603,3.4826,1
2014-08-16,23.7869,33.4559,5.12,,,,,1
2014-08-16,19.5157,32.6433,,,,,,1
2014-08-16,23.9139,31.4299,5.4193,0.4345,0.3397,7.0113,10.625,1
2014-08-16,23.559,31.6042,,,,,,1
2014-08-16,24.5183,31.7121,5.4906,0.425,0.2785,32.2704,9.3638,1
2014-08-16,23.639,33.72,5.13,0.0151,0.0028,0.5056,1.8742,1
2014-08-16,24.8071,31.9258,5.6047,,,,,1
2014-08-16,23.4894,33.7985,5.25,,,,,1
2014-08-16,23.4814,33.6915,5.13,0.0231,0.0065,0.7140000000000001,2.0532,1
2014-08-16,25.1528,30.5456,5.3766,,,,,1
2014-08-16,22.606,33.6362,5.42,,,,,1
2014-08-16,25.0116,31.0707,5.6333,0.2686,0.2479,5.296,4.4899,1
2014-08-16,25.556,30.8427,,,,,,1
2014-08-16,23.982,33.4431,5.06,,,,,1
2014-08-16,25.2552,30.9079,5.3908,2.4996,0.005,22.1927,3.7943,1
2014-08-16,23.9334,33.1149,5.04,,0.0177,0.4835,2.8472,1
2014-08-16,24.8992,31.0674,,,,,,1
2014-08-16,24.3395,31.2523,5.6475,0.2819,0.0567,4.6649,8.4408,1
2014-08-16,24.2648,33.1747,5.05,,,,,1
2014-08-16,24.4348,30.837,,,,,,1
2014-08-16,23.6552,33.3306,5.0,0.006,0.0168,0.3895,2.7475,1
2014-08-16,24.4514,30.939,5.7188,0.3168,0.2114,8.9747,6.2497,1
2014-08-17,24.2741,30.9348,,,,,,1
2014-08-17,23.1397,33.3078,5.18,,,,,1
2014-08-17,23.447,33.3603,5.05,0.0151,0.0103,0.4659,3.1258,1
2014-08-17,23.0684,33.2995,5.11,,,,,1
2014-08-17,24.4001,32.551,5.01,0.006999999999999999,0.0093,0.474,3.5041,1
2014-08-17,23.1137,33.4347,5.49,,,,,1
2014-08-17,23.8175,33.4832,5.3,,0.0093,0.3773,0.3943,1
2014-08-17,23.6717,33.3484,5.58,0.0191,0.014,0.7342,0.0375,1
2014-08-17,23.5751,33.3534,5.48,,,,,1
2014-08-17,23.3645,32.323,5.49,,,,,1
2014-08-17,23.0927,32.3111,5.77,,,,,1
2014-08-17,23.7201,32.3326,5.46,0.002,0.0261,0.4572,6.9921,1
2014-08-17,23.4664,32.4613,5.21,,,,,1
2014-08-17,24.4096,32.6618,5.0,,0.0084,0.5411,3.3798,1
2014-08-17,23.1908,33.2636,5.08,,,,,1
2014-08-17,23.2297,33.2845,5.12,,0.0056,0.4267,2.4464,1
2014-08-18,23.4538,32.8281,5.16,0.8632,0.0215,10.5943,13.6423,1
2014-08-18,23.4417,32.8383,5.05,,0.0047,0.4769,3.8984,1
2014-08-18,24.5652,32.9239,4.81,,,,,1
2014-08-18,24.4146,32.9634,4.97,,0.0149,0.5736,3.1708,1
2014-08-18,23.8817,33.1904,5.02,,,,,1
2014-08-18,23.1253,33.0536,5.02,0.008,0.0131,0.5596,2.4625,1
2014-08-18,24.0815,32.5629,5.04,,,,,1
2014-08-18,23.3032,32.3072,5.05,,0.0103,0.3848,4.4696,1
2014-08-18,23.032,31.927,5.18,0.006999999999999999,0.0457,0.7125,7.4111,1
2014-08-18,22.5699,31.9904,5.3,,,,,1
2014-08-19,23.2792,31.6705,5.33,,,,,1
2014-08-19,23.1799,31.881,5.31,,,,,1
2014-08-19,23.729,31.9072,5.27,,0.0392,0.301,6.3898,1
2014-08-19,23.6091,32.0969,5.07,,,,,1
2014-08-20,23.5923,31.8521,5.06,,0.0131,0.5428,6.4852,1
2014-08-20,23.6752,32.5896,5.1,,0.0243,0.8108,3.3616,1
2014-08-20,24.534,32.9909,4.91,,,,,1
2014-08-20,24.0694,32.4381,4.96,,0.0177,0.3923,5.779,1
2014-08-20,24.2787,32.4822,5.05,,,,,1
2014-08-20,23.2025,30.5572,5.07,0.1207,0.1343,2.9525,11.827,1
2014-08-20,23.0326,30.4838,4.7714,0.123,0.4920000000000001,3.6889999999999996,7.175,1
2014-08-20,23.7912,32.1266,,,,,,1
2014-08-20,23.7468,32.2062,4.9143,0.057,0.109,0.625,7.099,1
2014-08-22,24.1321,31.7354,4.9714,0.032,0.173,0.608,8.603,1
2014-08-22,24.3945,32.202,,,,,,1
2014-08-22,23.905,32.0824,5.4571,0.046,0.112,0.674,5.07,1
2014-08-22,24.7111,32.0727,,,,,,1
2014-08-22,24.368,32.2057,5.0571,0.055,0.136,0.6609999999999999,6.135,1
2014-08-22,24.0325,31.7202,,,,,,1
2014-08-22,23.9423,32.0997,,,,,,1
2014-08-22,23.9802,32.0566,,,,,,1
2014-08-22,24.4172,31.9741,5.0571,0.027000000000000003,0.181,0.52,8.527999999999999,1
2014-08-22,24.1574,31.9221,,,,,,1
2014-08-23,26.7249,33.7889,,,,,,1
2014-08-23,26.9943,33.8164,4.6,0.029,0.079,0.517,2.8,1
2014-08-23,26.5499,33.7777,,,,,,1
2014-08-23,23.468000000000004,32.0356,5.0286,0.032,0.132,0.5479999999999999,4.002,1
2014-08-23,23.6546,32.1274,,,,,,1
2014-08-23,23.831,32.0008,5.0,0.029,0.121,0.606,7.457999999999997,1
2014-08-23,24.0242,31.95,,,,,,1
2014-08-23,24.2282,31.8156,,,,,,1
2014-08-23,24.3834,31.9683,,,,,,1
2014-08-23,23.764,32.1047,4.8857,0.03,0.13,0.495,6.8729999999999976,1
2014-08-23,23.4607,32.1808,,,,,,1
2014-08-23,25.1363,31.903,4.7429,0.003,0.08900000000000001,0.639,8.065,1
2014-08-23,25.9032,32.2799,,,,,,1
2014-08-23,25.7915,33.463,4.7143,0.02,0.131,0.521,4.134,1
2014-08-23,25.2743,33.1487,5.2286,0.026,0.075,0.522,5.959,1
2014-08-23,27.2606,33.6759,,,,,,1
2014-08-23,27.1232,33.7359,3.7429,0.262,0.294,4.658,6.995,1
2014-08-23,27.3403,33.8581,,,,,,1
2014-08-24,27.6215,33.5402,4.8286,0.049,0.188,0.526,1.66,1
2014-08-24,27.0708,33.4826,,,,,,1
2014-08-24,26.9706,33.4386,4.6,0.021,0.199,0.645,2.173,1
2014-08-24,26.9561,33.6413,,,,,,1
2014-08-24,26.6685,33.1048,4.6857,0.027000000000000003,0.07400000000000001,0.479,3.73,1
2014-08-27,26.421,32.0702,,,,,,1
2014-08-27,25.9213,31.7152,4.7714,0.036000000000000004,0.14,0.6809999999999999,7.971,1
2014-08-27,25.8419,30.3168,,,,,,1
2014-08-27,25.6478,29.9193,4.9143,0.032,0.111,1.046,8.953,1
2014-08-27,25.6774,29.5577,,,,,,1
2014-08-27,26.8472,31.0322,,0.012,0.14400000000000002,6.952000000000001,5.347,1
2014-08-27,26.5126,30.4971,5.247999999999998,0.048,0.131,5.303,5.801,1
2014-08-27,25.0043,30.464,,,,,,1
2014-08-27,26.5464,30.4431,5.226,0.041,0.132,3.4419999999999997,5.002,1
2014-08-27,25.2294,30.6354,5.0857,0.031,0.105,1.124,6.339,1
2014-08-27,26.4626,30.3689,5.205,0.011,0.055,4.331,7.09,1
2014-08-27,25.3569,30.6571,,,,,,1
2014-08-27,26.2122,29.7429,5.435,0.02,0.039,1.354,6.813,1
2014-08-27,25.4655,30.0376,5.0286,0.032,0.085,0.743,6.56,1
2014-08-27,25.6441,29.4852,,,,,,1
2014-08-27,26.8187,30.3803,5.2570000000000014,0.049,0.181,8.165,5.303,1
2014-08-27,25.8763,30.1475,,0.023,0.121,1.089,12.687,1
2014-08-27,25.889,29.821,,,,,,1
2014-08-27,26.0775,30.089,5.377000000000002,0.044,0.034,1.883,6.07,1
2014-08-27,25.5373,30.4391,3.9429,0.025,0.146,0.871,6.6629999999999985,1
2014-08-27,26.0033,29.76,5.587999999999999,0.051,0.06,7.664,6.354,1
2014-08-27,25.6935,32.8878,,,,,,1
2014-08-27,26.3224,29.3369,5.45,0.04,0.28,7.0829999999999975,3.2,1
2014-08-27,25.8761,29.3645,5.523,0.012,0.287,4.921,3.517,1
2014-08-28,25.4888,29.7564,5.577000000000001,0.018000000000000002,0.086,1.956,2.496,1
2014-08-28,25.3208,29.8502,5.45,0.034,0.062,4.723,4.4110000000000005,1
2014-08-28,25.8876,28.897,5.35,0.266,0.1,5.431,2.331,1
2014-08-28,25.7756,29.2462,5.315,0.006999999999999999,0.092,5.252999999999999,1.948,1
2014-08-28,25.8772,29.4676,5.346,0.036000000000000004,0.28300000000000003,8.166,4.649,1
2014-08-28,25.6079,30.7707,5.23,0.002,0.214,6.8229999999999995,5.964,1
2014-08-28,25.2258,33.1645,5.0857,0.006,0.452,0.96,5.06,1
2014-08-28,25.366,32.5251,,,,,,1
2014-08-28,22.4263,31.9392,4.6857,0.034,0.154,2.266,8.718,1
2014-08-28,20.8219,32.1727,,,,,,1
2014-09-01,24.8109,29.2298,5.759,0.017,0.156,5.287000000000001,0.6890000000000001,1
2014-09-01,24.6937,29.2147,5.339,0.021,0.211,5.025,1.462,1
2014-09-01,24.7249,29.4617,5.074,0.029,0.171,8.022,4.558,1
2014-09-01,25.3482,29.2617,5.315,0.015,0.095,2.7260000000000004,0.971,1
2014-09-01,25.4768,31.1755,5.3610000000000015,0.019,0.036000000000000004,0.736,6.095,1
2014-09-01,25.5344,30.20300000000001,5.3260000000000005,0.028,0.039,1.483,5.987,1
2014-09-01,25.6893,30.2648,5.332999999999998,0.005,0.087,5.895,4.755,1
2014-09-01,26.9352,32.4886,5.36,,0.057,1.72,3.547,1
2014-09-01,27.1798,32.429,4.838,0.019,0.08199999999999999,6.67,2.842,1
2014-09-01,27.5088,32.6137,4.805,0.025,0.049,0.852,2.545,1
2014-09-01,26.9408,32.7417,3.607,0.014,0.055,3.3680000000000003,1.911,1
2014-09-01,27.9179,32.2446,4.87,0.009000000000000001,0.062,1.9280000000000002,2.137,1
2014-09-02,26.9389,31.4906,4.881,,0.03,0.306,4.928,1
2014-09-02,26.435,31.56,4.538,0.041,0.049,4.602,3.4130000000000003,1
2014-09-02,26.004,30.0498,5.228,0.022,0.047,1.4669999999999999,4.1930000000000005,1
2014-09-02,25.7611,30.0984,5.1080000000000005,,,,,1
2014-10-11,20.3028,32.1829,5.4498,0.2758,0.9029,13.252,3.5747,1
2014-10-11,19.8593,32.1137,,,,,,1
2014-10-11,19.3287,32.5144,6.424,0.1415,0.0527,20.3457,5.7365,1
2014-10-11,20.4647,32.1725,,,,,,1
2014-10-11,20.208,32.2891,5.5204,0.1285,0.0159,10.722999999999999,3.2679,1
2014-10-11,20.9435,32.0102,,,,,,1
2014-10-11,20.7464,32.0712,5.6475,0.008,0.0067,12.7744,1.8747,1
2014-10-11,20.8896,32.0531,5.831,,,,,1
2014-10-11,21.2191,32.2172,5.4639,,,,,1
2014-10-11,21.0151,32.0739,5.6898,1.16,0.001,13.1868,2.7077,1
2014-10-12,20.9301,32.0963,,,,,,0
2014-10-12,20.7339,32.2199,5.3369,0.0057,0.0225,10.7582,2.5563,0
2014-10-12,20.8999,32.2385,,,,,,0
2014-10-12,20.8855,32.236,5.238,0.0067,0.0178,7.7491,3.6199,0
2014-10-12,20.7584,32.2369,,,,,,0
2014-10-12,19.5094,32.5079,6.6076,0.0018,0.0019,11.5127,3.9559,0
2014-10-12,20.0629,32.4342,,,,,,0
2014-10-12,19.8121,32.4665,6.1134,0.373,0.0194,18.1477,5.2796,0
2014-10-14,20.0228,32.3187,5.5486,0.0804,0.0096,11.5787,5.3892,0
2014-10-14,19.5931,32.3035,,,,,,0
2014-10-14,18.6773,32.6209,6.537000000000001,0.5752,0.2103,11.6112,7.9244,0
2014-10-14,19.728,32.4062,,,,,,0
2014-10-14,19.3502,32.4948,6.3252,0.9203,0.0312,17.012999999999998,5.2465,0
2014-10-14,20.0392,32.3706,,,,,,0
2014-10-14,19.7801,32.3912,5.831,0.3157,0.1575,13.1565,4.4629,0
2014-10-14,19.8258,32.3641,,,,,,0
2014-10-14,19.9996,32.2489,6.2687,0.2134,0.0576,12.1246,2.9878,0
2014-10-14,20.0949,32.1837,5.8875,,,,,0
2014-10-15,20.143,32.137,5.5628,,,,,0
2014-10-15,20.369,32.0815,5.704,0.0669,0.1277,13.4017,3.6638,0
2014-10-15,20.5996,32.0419,,,,,,0
2014-10-15,20.2717,32.1369,5.9016,0.09,0.0116,13.9998,4.723,0
2014-10-15,20.0897,32.1836,,,,,,0
2014-10-15,19.2782,32.3548,5.3933,0.0623,0.0989,14.7813,4.823,0
2014-10-15,18.7274,32.5678,,,,,,0
2014-10-15,19.9447,32.2554,5.1533,0.5164,0.1793,12.2093,7.3696,0
2014-10-15,19.7525,32.5886,,,,,,0
2014-10-15,19.102,32.6492,5.7463,0.5607,0.1507,6.4598,5.1672,0
2014-10-17,18.8702,33.3802,5.46,0.0294,0.0153,0.0994,2.7134,0
2014-10-17,18.6149,33.4359,5.54,,,,,0
2014-10-17,18.4432,33.4628,5.5,0.0441,0.0172,0.0514,3.2175,0
2014-10-17,17.9893,33.4872,5.64,,,,,0
2014-10-17,18.0209,33.4757,5.6,,0.0286,0.4525,3.7812,0
2014-10-17,17.9383,33.5171,5.59,,,,,0
2014-10-18,20.602,33.3372,5.24,0.0136,0.0515,0.4734,2.3441,0
2014-10-18,20.8319,33.7338,5.06,0.0305,0.0572,0.5284,2.3376,0
2014-10-18,20.8127,33.7105,5.15,,,,,0
2014-10-18,19.0239,31.8795,,,,,,0
2014-10-18,20.4281,33.5441,5.15,0.0927,0.0486,0.1537,1.2644,0
2014-10-18,20.1643,31.3284,5.8169,0.0037,0.0059,5.4156,5.1193,0
2014-10-18,20.1464,32.1047,,,,,,0
2014-10-18,20.9054,33.6109,5.09,,,,,0
2014-10-18,20.2421,32.0759,5.2663,0.386,0.1339,4.5437,4.8587,0
2014-10-18,20.3589,33.5374,5.32,0.0542,0.0305,0.1763,2.1453,0
2014-10-18,20.2779,31.7321,5.6192,,,,,0
2014-10-18,20.9772,33.2914,5.25,,,,,0
2014-10-18,18.1963,33.5721,5.63,0.0859,0.0181,0.2764,3.1588,0
2014-10-18,20.6918,31.3728,5.5204,,,,,0
2014-10-18,21.1087,31.1609,5.591,0.0552,0.0681,12.4202,5.9834,0
2014-10-18,18.1143,33.4813,5.7,,,,,0
2014-10-18,20.5276,31.2525,,,,,,0
2014-10-18,18.0173,33.498000000000005,5.67,0.1153,0.0181,0.0257,3.766,0
2014-10-18,18.5498,33.3917,5.53,,,,,0
2014-10-18,20.2066,31.4535,5.5204,0.0851,0.006,4.5177,4.6726,0
2014-10-18,20.7286,31.31900000000001,,,,,,0
2014-10-18,20.3077,31.6615,5.6475,0.0358,0.0353,6.0981,5.1186,0
2014-10-19,20.5576,31.3111,,,,,,0
2014-10-19,20.0943,32.5522,5.5063,0.2917,0.0148,6.1113,3.7966,0
2014-10-19,20.2199,32.413000000000004,,,,,,0
2014-10-19,20.2672,33.3605,5.22,,,,,0
2014-10-19,20.3059,33.3454,5.32,0.0316,0.0257,0.2744,2.1095,0
2014-10-19,20.4186,33.3424,5.17,,,,,0
2014-10-19,20.3584,33.3764,5.22,0.0768,0.0419,0.139,2.2105,0
2014-10-19,20.7831,33.6282,5.17,,,,,0
2014-10-19,21.3138,33.7521,5.18,,0.0286,0.3255,1.5001,0
2014-10-19,20.1188,33.5062,5.25,,,,,0
2014-10-19,20.5308,33.5677,5.23,0.0395,0.0343,0.6929,1.9639,0
2014-10-19,20.757,33.7089,5.17,,,,,0
2014-10-19,20.5609,33.5644,5.26,,0.0103,,1.8395,0
2014-10-19,20.8256,33.642,5.19,,,0.0163,0.8295,0
2014-10-19,20.3577,33.572,5.23,,,,,0
2014-10-19,21.3543,33.447,5.28,,0.0093,0.023,1.4589,0
2014-10-20,21.6837,33.5375,5.04,,,,,0
2014-10-20,21.6953,33.6427,5.2,,0.0476,0.2308,1.1193,0
2014-10-20,22.2733,33.6674,5.07,,,,,0
2014-10-20,21.7908,33.5307,5.17,,0.0877,0.6945,2.8258,0
2014-10-20,20.9614,33.3183,5.12,,,,,0
2014-10-20,20.8836,33.3831,5.19,,,,,0
2014-10-21,21.1369,32.541,5.0571,0.233,0.83,2.292,10.53,0
2014-10-21,22.0827,33.2936,,,,,,0
2014-10-21,22.4742,33.7859,4.8286,0.108,0.159,15.335,24.192,0
2014-10-21,22.202,33.3248,4.9429,0.094,0.331,1.037,7.369,0
2014-10-21,22.6544,33.6377,,,,,,0
2014-10-21,21.9342,33.2203,4.7143,0.141,0.758,1.088,9.598,0
2014-10-21,21.5712,32.8275,,,,,,0
2014-10-21,21.6747,32.985,4.8286,0.166,0.7859999999999999,0.833,6.977,0
2014-10-21,21.5249,32.8121,,,,,,0
2014-10-24,21.465,33.103,,,,,,0
2014-10-24,22.1183,33.5296,,,,,,0
2014-10-24,21.3406,33.0088,5.0,0.154,0.59,1.203,5.315,0
2014-10-24,20.496,32.8695,5.09,,,,,0
2014-10-24,21.1756,32.5373,,,,,,0
2014-10-24,20.5161,32.9047,5.11,,,,,0
2014-10-24,21.9426,33.674,4.96,,0.361,0.6294,3.5666,0
2014-10-24,21.8926,33.594,4.98,,,,,0
2014-10-24,23.0117,33.9016,,,,,,0
2014-10-24,21.5563,33.404,5.09,,0.3032,0.5211,4.3365,0
2014-10-24,23.3249,34.0807,4.8857,0.09,0.187,0.619,5.541,0
2014-10-24,20.0655,33.5291,5.12,,,,,0
2014-10-24,23.1271,33.9427,,,,,,0
2014-10-24,19.6768,33.5031,5.17,,0.0662,0.3632,1.7671,0
2014-10-24,22.0296,33.4096,4.8,0.077,0.28800000000000003,1.002,3.179,0
2014-10-24,21.1493,32.9195,,,,,,0
2014-10-24,19.8538,33.5359,5.16,,,,,0
2014-10-24,20.9891,32.7815,4.9143,0.199,1.208,1.28,7.4929999999999986,0
2014-10-24,20.6583,32.485,,,,,,0
2014-10-24,20.5087,32.2627,,,,,,0
2014-10-24,20.6948,33.5775,5.06,,0.111,0.1609,1.673,0
2014-10-25,20.5146,32.3773,,,,,,0
2014-10-25,20.6823,32.6982,,,,,,0
2014-10-25,20.6801,32.5852,5.1143,0.053,0.29,1.286,5.081,0
2014-10-25,20.7832,32.5081,,,,,,0
2014-10-25,20.831,32.3987,5.1143,0.062,0.18600000000000005,1.3230000000000002,8.046,0
2014-10-25,19.9171,33.6024,5.08,,,,,0
2014-10-25,21.2914,33.0168,4.8857,0.125,0.401,2.004,5.296,0
2014-10-25,21.3172,32.6914,,,,,,0
2014-10-25,19.6892,33.5039,5.11,,0.1063,0.5205,2.5554,0
2014-10-25,21.1739,32.6689,5.0286,0.08,0.318,1.702,4.726,0
2014-10-25,21.3336,33.7134,5.12,,,,,0
2014-10-25,23.306,34.0214,,,,,,0
2014-10-25,20.7639,32.5738,4.8571,0.311,1.917,1.78,10.03,0
2014-10-25,21.9704,33.623000000000005,4.98,,0.3144,0.7925,3.3546,0
2014-10-25,22.2156,33.6885,4.97,,,,,0
2014-10-25,23.5057,34.1199,4.7714,0.087,0.208,0.606,1.672,0
2014-10-25,21.8683,33.4357,5.06,,0.3013,0.4561,4.4652,0
2014-10-25,21.6046,33.2961,5.07,,,,,0
2014-10-25,21.0548,33.1575,5.01,,,,,0
2014-10-25,23.6463,33.9336,,,,,,0
2014-10-25,21.1176,33.1214,5.0,,,,,0
2014-10-25,21.206,33.1052,5.05,,,,,0
2014-10-25,23.7958,34.0848,4.9429,0.059,0.122,0.392,0.92,0
2014-10-25,21.5368,33.3201,5.09,,0.4192,0.6509999999999999,4.9349,0
2014-10-25,22.1009,33.8654,4.99,,,,,0
2014-10-25,21.9288,33.7013,5.01,,0.3764,0.8092,3.257,0
2014-10-25,21.3851,33.9154,5.09,,,,,0
2014-10-25,21.5564,32.2669,,,,,,0
2014-10-25,21.2643,31.7363,5.2571,0.063,0.195,1.57,7.3610000000000015,0
2014-10-26,22.1129,33.6366,5.06,,,,,0
2014-10-26,22.1912,33.6361,4.95,,0.2253,0.4894,2.0911,0
2014-10-26,21.7645,33.4128,5.04,,,,,0
2014-10-26,20.9625,33.1046,4.81,,1.0665,2.5482,8.4436,0
2014-10-29,20.7671,31.9727,,,,,,0
2014-10-29,20.3737,31.2359,5.1714,0.106,0.5379999999999999,3.324,8.001,0
2014-10-29,20.2872,31.3307,,,,,,0
2014-10-29,20.1653,31.172,5.3429,0.066,0.44299999999999995,1.159,7.532999999999999,0
2014-10-29,19.7704,31.2097,,,,,,0
2014-10-29,20.1539,31.3193,,,,,,0
2014-10-30,20.1978,31.276,5.1143,0.057999999999999996,0.20199999999999999,0.509,6.8420000000000005,0
2014-10-30,20.1341,31.2946,,,,,,0
2014-10-30,20.1794,31.1372,4.2571,0.059000000000000004,0.125,0.662,6.39,0
2014-10-30,20.1746,31.074,,,,,,0
2014-10-30,20.2018,31.4073,5.2571,0.094,0.152,0.7240000000000001,10.287,0
2014-10-30,20.0379,31.399,,,,,,0
2014-10-30,20.3441,31.3446,5.2286,0.064,0.248,1.452,9.868,0
2014-10-30,20.2852,31.6256,,,,,,0
2014-10-30,20.1183,31.5585,5.2,0.057,0.217,1.087,10.578,0
2014-10-30,20.1271,31.4573,,,,,,0
2014-10-30,19.5834,31.734,5.2,0.084,0.188,1.4680000000000002,7.165,0
2014-10-30,18.4872,32.7109,,,,,,0
2014-11-04,23.5435,34.4274,4.76,0.08,0.11,1.25,1.58,0
2014-11-04,23.3188,34.3637,4.79,0.11,0.29,3.51,3.27,0
2014-11-04,22.9389,34.3538,4.79,0.18,0.1,1.19,1.87,0
2014-11-04,22.5158,34.0531,4.87,0.16,0.1,1.19,1.36,0
2014-11-04,22.0903,33.619,4.92,0.19,0.14,1.2,2.13,0
2014-11-04,22.1592,33.3812,4.9,0.12,0.26,0.86,1.31,0
2014-11-04,19.9618,31.1982,5.26,0.2,0.43,4.13,9.09,0
2014-11-04,19.9844,31.1667,5.18,0.38,0.22,7.62,12.93,0
2014-11-04,20.4712,31.0669,5.06,0.43,0.16,9.87,13.35,0
2014-11-04,20.6835,31.0085,5.06,0.33,0.12,6.63,7.4,0
2014-11-04,20.9384,31.2194,5.04,0.56,1.05,19.82,15.44,0
2014-11-05,21.0774,31.4685,5.0,0.34,0.05,4.32,6.53,0
2014-11-05,20.9306,31.3339,4.99,0.42,0.06,6.06,10.01,0
2014-11-05,20.8414,31.1141,4.99,0.4,0.1,7.01,10.53,0
2014-11-05,20.5564,31.0876,4.9,0.37,0.2,5.09,7.85,0
2014-11-05,20.6316,32.3643,5.12,0.21,0.19,1.23,3.98,0
2014-11-05,21.026,32.5977,4.95,0.23,0.46,2.22,5.75,0
2014-11-05,22.1136,33.6391,4.9,0.29,0.23,1.04,2.34,0
2014-11-05,22.0698,33.6132,4.88,0.19,0.26,1.29,2.6,0
2014-11-05,23.5529,34.4967,4.84,0.15,0.05,0.56,1.75,0
2014-11-05,23.8809,34.4954,4.87,0.15,0.03,0.34,1.62,0
2014-11-05,23.6223,34.4712,4.89,0.1,0.01,0.83,1.19,0
2014-11-08,22.1825,34.1976,4.92,0.22,0.07,3.2,1.68,0
2014-11-08,22.2942,34.08,4.9,,,,,0
2014-11-08,21.533,33.4344,4.86,0.26,0.34,2.45,2.32,0
2014-11-08,21.4649,33.4433,4.86,0.16,0.26,1.46,2.11,0
2014-11-08,20.9045,32.7385,5.03,0.17,0.36,2.18,4.13,0
2014-11-08,20.1586,31.5417,4.99,0.27,0.34,3.53,6.3,0
2014-11-08,20.3044,31.3714,4.93,0.29,0.32,4.45,7.65,0
2014-11-08,20.5944,31.49,4.92,0.23,0.25,5.84,9.07,0
2014-11-08,21.0605,31.9364,4.9,0.25,0.09,6.08,8.38,0
2014-11-08,21.1533,32.2975,4.87,0.31,0.15,5.98,7.79,0
2014-12-07,13.8606,33.9079,5.56,0.3799,0.4365,5.0191,8.9713,0
2014-12-07,13.8768,33.8629,5.62,,,,,0
2014-12-07,14.0967,33.8445,5.51,0.2957,0.4113,4.9246,7.9192,0
2014-12-07,14.1954,33.9231,5.5,,,,,0
2014-12-07,15.7641,33.8787,5.15,0.2536,0.4132,3.5081,5.9001,0
2014-12-07,16.2293,34.0897,5.14,,,,,0
2014-12-08,16.2987,33.96,5.11,0.2413,0.644,3.0705,5.1052,0
2014-12-08,15.4123,33.9707,5.21,0.3797,0.6447,5.06,7.4595,0
2014-12-08,15.8857,33.8945,5.16,,,,,0
2014-12-08,15.7825,33.9345,5.17,0.2695,0.6466,3.3824,4.7947,0
2014-12-08,15.8009,33.9136,5.18,,,,,0
2014-12-08,15.8873,33.9308,5.2,0.3166,0.7697,4.3139,5.9041,0
2014-12-08,16.767,33.9786,5.05,,,,,0
2014-12-08,16.2443,33.9065,5.07,0.2967,0.3501,3.3179,5.5005,0
2014-12-08,15.915,33.9617,5.13,,,,,0
2014-12-08,15.3182,33.8909,5.26,0.2864,0.3996,4.0202,7.0298,0
2014-12-08,13.9412,33.8606,5.46,,,,,0
2014-12-09,11.0337,32.0566,6.6549,0.7893,0.071,14.0839,7.4313,0
2014-12-09,10.787,32.0855,,,,,,0
2014-12-09,11.7251,32.5119,6.4355,0.384,0.3714,20.027,5.9386,0
2014-12-09,10.7287,32.3183,,,,,,0
2014-12-09,9.8279,32.3315,6.6257,0.6319,0.1956,10.5433,10.0147,0
2014-12-09,10.2422,32.3217,,,,,,0
2014-12-09,10.9447,32.0071,6.6549,0.13699999999999998,0.4584,12.3227,7.3396,0
2014-12-09,11.1471,31.8539,6.6842,,,,,0
2014-12-09,14.397,33.8178,5.24,,,,,0
2014-12-09,14.7521,33.8552,5.3,0.3668,0.4511,5.6519,8.9617,0
2014-12-09,14.948,33.8881,5.21,,,,,0
2014-12-09,16.0666,33.9733,5.12,0.293,0.3534,4.2393,7.2955,0
2014-12-10,11.8827,32.0098,6.9913,,,,,0
2014-12-10,11.7096,32.2529,6.5525,0.5158,0.349,12.838,5.1575,0
2014-12-10,16.2493,33.9535,5.12,,,,,0
2014-12-10,11.4326,32.2346,,,,,,0
2014-12-10,16.2583,33.9872,5.23,0.1765,0.3703,1.6856,2.0224,0
2014-12-10,10.959,32.2853,6.6988,0.7349,0.2884,10.4923,6.1915,0
2014-12-10,10.8688,32.479,,,,,,0
2014-12-10,16.8486,34.0748,4.98,,,,,0
2014-12-10,15.7235,33.9336,5.2,0.2471,0.5667,3.4623,4.5942,0
2014-12-10,11.6249,32.6672,6.026,0.4868,0.293,7.4739,9.918,0
2014-12-10,14.9676,33.9393,5.3,,,,,0
2014-12-10,11.9333,32.6236,,,,,,0
2014-12-10,12.2978,32.7489,6.1137,0.5162,0.2057,11.3089,6.2492,0
2014-12-10,15.5247,34.0003,5.18,0.33799999999999997,0.6081,4.7821,7.1785,0
2014-12-10,11.5825,32.6617,,,,,,0
2014-12-10,10.7942,32.5859,6.6403,0.4651,0.1348,18.0323,4.612,0
2014-12-10,14.4332,33.9413,5.56,0.1636,0.4558,2.089,3.8546,0
2014-12-10,15.684,34.0046,5.22,,,,,0
2014-12-10,16.6445,33.9904,5.08,0.2791,0.7876,3.793,6.0274,0
2014-12-10,16.5413,34.0047,5.17,,,,,0
2014-12-10,16.8739,34.0585,5.11,0.2278,0.6109,3.0481,5.0298,0
2014-12-10,17.3571,34.2014,5.02,,,,,0
2014-12-10,14.4305,33.8346,5.24,0.4513,0.4295,7.312,12.5854,0
2014-12-10,14.7589,33.904,5.15,,,,,0
2014-12-11,14.6612,33.8511,5.27,,,,,0
2014-12-14,9.9235,32.591,6.5818,0.5067,0.2334,11.3549,6.8228,0
2014-12-14,11.557,32.763000000000005,,,,,,0
2014-12-14,12.0082,32.8712,6.6403,0.4601,0.1446,11.6769,6.3632,0
2014-12-14,12.2316,32.8578,,,,,,0
2014-12-14,12.0095,32.8023,6.728,0.4541,0.2834,16.7608,6.2694,0
2014-12-14,11.6201,32.7924,,,,,,0
2014-12-14,10.9394,32.523,6.6988,0.2033,0.1818,13.1322,7.8894,0
2014-12-14,10.9027,32.4499,,,,,,0
2014-12-14,11.0269,32.5288,6.7427,0.4321,0.1086,12.0736,8.0607,0
2014-12-14,11.574000000000002,32.5956,6.5233,,,,,0
2014-12-15,11.5711,32.7402,6.4794,,,,,0
2014-12-15,11.4608,32.8155,6.728,0.5452,0.2807,13.2487,7.3429,0
2014-12-15,11.5424,32.846,,,,,,0
2014-12-15,11.5484,32.8802,6.6403,0.4584,0.5258,13.4856,9.3666,0
2014-12-15,11.9965,32.8777,,,,,,0
2014-12-15,12.3674,32.8578,6.0552,0.6706,0.1425,14.7377,7.4992,0
2014-12-15,12.628,32.82,,,,,,0
2014-12-15,11.535,32.7606,6.5672,0.5394,0.2368,12.1518,7.1352,0
2014-12-15,9.9981,32.3629,,,,,,0
2014-12-15,12.2237,32.7552,7.3716,0.4552,0.10099999999999999,6.5095,8.3859,0
2014-12-18,11.7613,32.8325,,,,,,0
2014-12-19,11.8666,32.9066,6.2893,0.5486,0.2067,5.2148,7.479,0
2014-12-19,12.1513,32.9307,,,,,,0
2014-12-19,11.3973,32.7133,6.2307,0.3254,0.2412,4.4364,7.4034,0
2014-12-19,11.4938,32.5844,6.4794,,,,,0
2014-12-19,13.3614,32.735,5.8651,,,,,0
2014-12-19,12.8071,32.7254,6.3331,0.3498,0.3702,12.1181,9.1597,0
2014-12-19,14.9949,33.4804,,,,,,0
2014-12-19,15.1414,33.561,5.7042,0.4884,0.2347,4.289,9.5093,0
2014-12-19,14.705,33.4334,,,,,,0
2014-12-19,11.4321,32.73,7.1229,0.6778,0.1148,6.0186,12.1016,0
2014-12-19,11.3892,32.7826,,,,,,0
2014-12-19,14.8034,33.536,6.026,0.4335,0.3904,5.7357,11.0413,0
2014-12-19,15.7476,33.7882,,,,,,0
2014-12-23,14.6686,34.1149,4.9714,0.687,0.435,9.267000000000001,16.415,0
2014-12-23,16.5983,34.3096,,,,,,0
2014-12-23,16.628,34.3715,5.1714,0.425,0.5429999999999999,5.212999999999999,10.006,0
2014-12-23,13.039,34.1108,5.35,,,,,0
2014-12-23,13.1677,34.1119,5.23,,,,,0
2014-12-23,14.8818,34.1697,5.11,0.5625,0.655,7.5554,13.2779,0
2014-12-23,14.1953,34.0809,5.47,,,,,0
2014-12-23,13.876,34.0357,5.59,0.4364,0.617,5.7624,8.4107,0
2014-12-23,15.6912,34.2123,5.1143,0.5479999999999999,0.41100000000000003,6.706,13.062,0
2014-12-23,15.4516,34.2264,,,,,,0
2014-12-23,14.0524,34.0656,5.48,,,,,0
2014-12-23,13.732,33.9523,5.2571,0.7609999999999999,0.41100000000000003,9.249,20.608,0
2014-12-23,13.9562,34.0677,5.51,0.3527,0.3723,2.7573,4.1248,0
2014-12-23,12.8053,33.7906,,,,,,0
2014-12-23,11.7832,33.5749,5.9429,0.758,0.341,9.109,18.274,0
2014-12-23,13.0555,34.0763,5.57,,,,,0
2014-12-23,12.4185,33.7873,,,,,,0
2014-12-23,13.9837,33.9743,,,,,,0
2014-12-23,12.6219,34.0471,5.78,0.3333,0.375,4.5046,6.6361,0
2014-12-23,14.1441,34.027,,,,,,0
2014-12-23,15.8259,34.1887,5.0857,0.524,0.40700000000000003,6.56,12.253,0
2014-12-23,13.5003,34.0953,5.57,,,,,0
2014-12-23,16.1408,34.2224,,,,,,0
2014-12-24,13.7585,34.1029,5.49,0.2593,0.2219,2.9986,2.7337,0
2014-12-24,15.8992,34.2205,,,,,,0
2014-12-24,13.8882,34.1343,5.47,,,,,0
2014-12-24,17.7615,34.5331,5.2571,0.287,0.5329999999999999,3.5980000000000003,15.518,0
2014-12-24,14.0024,34.0546,5.45,0.3961,0.5262,4.5971,7.0292,0
2014-12-24,15.8407,34.1889,,,,,,0
2014-12-24,14.5186,34.135,5.41,,,,,0
2014-12-24,14.1173,33.8012,5.7714,0.58,0.282,7.754,13.643,0
2014-12-24,15.8186,34.1654,5.09,0.4486,0.6298,5.1538,8.9398,0
2014-12-24,15.5896,34.1435,5.09,,,,,0
2014-12-24,13.211,33.753,,,,,,0
2014-12-24,15.4576,34.1795,5.08,,,,,0
2014-12-24,13.4494,33.8585,5.9143,0.6459999999999999,0.297,8.613999999999999,15.777,0
2014-12-24,10.522,33.2979,,,,,,0
2014-12-24,11.9246,33.5902,,,,,,0
2014-12-24,14.616,34.1526,5.05,,,,,0
2014-12-24,14.6521,34.1583,4.91,,,,,0
2014-12-24,9.1984,33.1435,,,,,,0
2014-12-24,15.7151,34.1501,5.07,0.4208,0.6473,6.1544,10.097,0
2014-12-24,10.7774,33.4679,6.2286,0.7020000000000001,0.209,9.359,17.469,0
2014-12-24,15.2628,34.163000000000004,5.28,,,,,0
2014-12-24,14.2071,33.7112,,,,,,0
2014-12-24,14.0474,34.1146,5.47,0.4424,0.5901,5.6644,9.4467,0
2014-12-24,17.4472,34.4232,5.0857,0.384,0.517,4.887,9.07,0
2014-12-24,13.8359,34.0464,5.55,,,,,0
2014-12-24,17.4633,34.3882,,,,,,0
2014-12-24,18.0548,34.4203,5.3143,0.262,0.55,3.429,7.0379999999999985,0
2014-12-24,15.7806,34.1773,5.11,,,,,0
2014-12-24,14.9497,34.1759,4.96,0.6358,0.3236,9.2461,15.9195,0
2014-12-24,15.1903,34.1839,5.08,,,,,0
2014-12-24,14.7803,34.1493,4.99,0.6626,0.5107,9.2196,17.3243,0
2014-12-26,17.6478,34.4195,5.4286,0.304,0.612,3.511,7.1560000000000015,0
2014-12-26,18.121,34.4922,,,,,,0
2014-12-26,17.5902,34.4677,5.6571,0.292,0.581,3.5269999999999997,7.181,0
2014-12-26,17.7807,34.4871,,,,,,0
2014-12-27,17.9242,34.5201,5.4857,0.267,0.48100000000000004,3.3689999999999998,9.529,0
2014-12-27,18.3682,34.5368,,,,,,0
2014-12-27,18.1141,34.5239,5.6,0.247,0.513,3.072,5.987,0
2014-12-27,17.5121,34.3022,,,,,,0
2014-12-27,17.241,34.2368,5.5143,0.335,0.212,4.809,9.617,0
2014-12-27,17.0175,34.2144,,,,,,0
2014-12-27,16.8674,34.3034,5.4286,0.418,0.165,5.399,10.287,0
2014-12-27,16.9514,34.3357,,,,,,0
2014-12-27,16.9092,34.3074,5.6286,0.376,0.1,4.725,9.235,0
2014-12-27,16.4834,34.1101,,,,,,0
2014-12-27,14.8184,33.4625,,,,,,0
2014-12-27,14.7788,33.4642,5.4286,0.4320000000000001,0.096,5.886,11.709,0
2014-12-27,14.5588,33.4225,,,,,,0
2014-12-27,14.9438,33.5906,5.1143,0.489,0.10099999999999999,6.619,12.41,0
2014-12-27,14.8447,33.6623,,,,,,0
2014-12-27,14.9604,33.7482,5.8286,0.508,0.171,6.71,12.347,0
2014-12-27,16.5462,34.2447,,,,,,0
2014-12-28,16.6613,34.3333,5.5714,0.39,0.195,5.01,9.273,0
2014-12-28,15.9892,34.0929,,,,,,0
2014-12-28,16.0805,34.1013,5.5714,0.524,0.159,7.159,12.974,0
2014-12-28,15.524,33.9954,,,,,,0
2014-12-28,14.3206,33.8116,5.7429,0.5529999999999999,0.19399999999999998,8.031,12.919,0
2014-12-28,14.3437,33.8029,,,,,,0
2015-02-03,5.2859,34.0359,6.92,0.37,0.18,4.35,6.98,0
2015-02-03,5.3591,34.0299,6.99,,,,,0
2015-02-03,6.138,34.1095,6.84,0.44,0.23,5.84,9.93,0
2015-02-03,5.9815,34.1124,6.91,,,,,0
2015-02-03,6.1724,34.0949,6.26,0.36,0.2,4.99,7.8,0
2015-02-03,3.9984,32.0242,7.99,0.81,0.13,14.08,7.43,0
2015-02-03,10.6712,34.1874,6.17,,,,,0
2015-02-03,4.806,32.1219,,,,,,0
2015-02-03,5.1399,32.1869,7.72,0.65,0.15,20.03,5.94,0
2015-02-03,11.8344,34.1773,5.85,0.43,0.06,7.5,11.72,0
2015-02-03,5.4715,32.3072,,,,,,0
2015-02-03,5.7335,32.3835,7.46,0.48,0.21,10.54,10.01,0
2015-02-03,7.1256,32.4498,,,,,,0
2015-02-04,6.9816,32.3881,6.88,0.54,0.12,12.32,7.34,0
2015-02-04,7.1184,32.3496,7.07,,,,,0
2015-02-04,11.7694,34.174,5.94,0.35,0.16,5.58,6.5,0
2015-02-04,11.7797,34.1524,5.82,,,,,0
2015-02-04,7.5803,32.622,6.84,,,,,0
2015-02-04,7.8533,32.7597,6.65,0.71,0.12,12.84,5.16,0
2015-02-04,11.7246,34.1609,5.89,0.37,0.06,5.76,6.72,0
2015-02-04,7.7159,32.6728,,,,,,0
2015-02-04,6.9358,32.4399,7.2,0.49,0.19,10.49,6.19,0
2015-02-04,11.7022,34.146,5.83,,,,,0
2015-02-04,6.7866,32.4277,,,,,,0
2015-02-04,5.8954,32.3802,7.27,1.07,0.15,7.47,9.92,0
2015-02-04,11.6495,34.1591,5.85,0.32,0.11,4.8,5.43,0
2015-02-04,5.2933,32.2438,,,,,,0
2015-02-04,9.4607,34.2055,6.31,,,,,0
2015-02-04,5.6433,32.1958,7.27,0.67,0.05,11.31,6.25,0
2015-02-04,4.7683,32.1235,,,,,,0
2015-02-04,9.489,34.2122,6.24,0.51,0.58,7.68,12.57,0
2015-02-04,4.5798,32.1294,7.27,0.56,0.19,18.03,4.61,0
2015-02-04,9.2394,34.2149,6.3,,,,,0
2015-02-04,8.8657,34.2085,6.4,0.44,0.35,6.49,11.13,0
2015-02-04,8.6071,34.2126,6.53,,,,,0
2015-02-06,4.9785,32.2244,7.32,0.46,0.14,11.35,6.82,0
2015-02-06,6.0458,32.3776,,,,,,0
2015-02-06,6.5341,32.4811,7.75,0.58,0.15,11.68,6.36,0
2015-02-06,6.6366,32.4423,,,,,,0
2015-02-06,6.7434,32.4278,7.43,0.41,0.09,16.76,6.27,0
2015-02-06,6.8651,32.4173,,,,,,0
2015-02-06,7.8451,32.6908,6.73,0.7,0.45,13.13,7.89,0
2015-02-06,8.0314,32.8395,,,,,,0
2015-02-06,8.1687,32.8864,6.87,0.97,0.13,12.07,8.06,0
2015-02-06,7.9743,32.8264,5.89,,,,,0
2015-02-07,8.3155,32.9476,6.45,,,,,0
2015-02-07,8.3852,33.0126,6.95,0.8,0.29,13.25,7.34,0
2015-02-07,8.6899,33.0446,,,,,,0
2015-02-07,8.2218,32.8953,7.04,0.54,0.13,13.49,9.37,0
2015-02-07,7.3831,32.7031,,,,,,0
2015-02-07,6.8408,32.5998,6.69,0.4,0.16,14.74,7.5,0
2015-02-07,6.6964,32.4991,,,,,,0
2015-02-07,5.4792,32.4584,7.41,0.44,0.14,12.15,7.14,0
2015-02-07,6.0809,32.7291,,,,,,0
2015-02-07,6.4694,32.6636,6.9,0.48,0.15,6.51,8.39,0
2015-02-11,8.0042,34.208,6.5,,,,,0
2015-02-11,8.1328,34.21,6.49,0.4,0.3,7.33,11.49,0
2015-02-11,9.452,34.2018,6.28,,,,,0
2015-02-11,10.1091,34.1952,6.2,0.42,0.32,7.47,9.34,0
2015-02-11,10.4479,34.1705,6.19,,,,,0
2015-02-11,11.3174,34.2107,6.05,0.44,0.1,7.86,10.6,0
2015-02-11,11.2265,34.1444,5.98,,,,,0
2015-02-11,11.244000000000002,34.1496,5.98,0.53,0.11,8.0,10.35,0
2015-02-11,11.3828,34.1539,5.97,,,,,0
2015-02-11,10.9946,34.156,6.07,0.45,0.1,7.92,9.13,0
2015-02-11,10.886,34.1672,6.1,,,,,0
2015-02-11,8.4499,34.0324,6.39,0.52,0.23,7.57,12.29,0
2015-02-11,8.567,34.1517,6.44,,,,,0
2015-02-11,11.3437,34.3514,6.29,,,,,0
2015-02-11,9.953,34.2074,6.29,0.35,0.29,5.89,9.2,0
2015-02-12,10.6956,34.1598,6.09,,,,,0
2015-02-12,11.1831,34.1482,5.99,0.42,0.1,6.67,8.69,0
2015-02-12,11.3088,34.1484,5.96,,,,,0
2015-02-12,11.3009,34.1476,5.96,0.37,0.08,5.61,7.19,0
2015-02-12,11.2695,34.1472,5.97,,,,,0
2015-02-12,11.1282,34.15,6.02,0.39,0.09,6.99,8.78,0
2015-02-12,11.1516,34.1531,6.02,,,,,0
2015-02-12,10.8698,34.1649,6.12,0.34,0.23,6.04,7.97,0
2015-02-12,10.5638,34.1988,6.29,,,,,0
2015-02-12,10.5027,34.1948,6.28,,,,,0
2015-02-13,7.4186,32.8482,,,,,,0
2015-02-13,8.6558,32.9569,7.07,0.44,0.21,5.21,7.48,0
2015-02-13,8.7812,32.9429,,,,,,0
2015-02-13,8.7576,32.936,6.79,0.57,0.08,4.44,7.4,0
2015-02-13,8.613999999999999,32.8509,6.67,,,,,0
2015-02-13,10.3573,33.4788,6.7,,,,,0
2015-02-13,10.0396,33.4259,6.7,0.36,0.08,12.12,9.16,0
2015-02-13,9.0216,33.1402,,,,,,0
2015-02-13,9.223,33.1814,6.69,0.89,0.1,4.29,9.51,0
2015-02-14,11.5076,33.9205,,,,,,0
2015-02-14,9.3155,33.3285,7.04,0.42,0.14,6.02,12.1,0
2015-02-14,8.1478,33.0585,,,,,,0
2015-02-14,8.3698,33.103,6.95,0.53,0.07,5.74,11.04,0
2015-02-14,10.5924,33.7375,,,,,,0
2015-02-14,9.6841,34.1882,6.31,,,,,0
2015-02-14,9.8537,34.1936,6.31,,,,,0
2015-02-14,9.9396,34.1923,6.31,0.38,0.22,5.59,8.43,0
2015-02-14,10.239,34.1836,6.23,,,,,0
2015-02-14,10.1131,34.1822,6.24,0.42,0.24,5.89,9.27,0
2015-02-14,11.3717,34.2745,6.24,,,,,0
2015-02-15,10.4619,34.0323,6.25,0.43,0.21,6.51,9.06,0
2015-02-15,10.5199,34.0919,6.18,,,,,0
2015-02-15,10.8095,34.1574,6.04,0.39,0.09,5.52,7.0,0
2015-02-15,10.9031,34.2312,6.21,,,,,0
2015-02-15,10.5319,34.2133,6.04,0.38,0.2,5.76,5.47,0
2015-02-15,10.9894,34.2393,6.26,,,,,0
2015-02-15,11.3863,34.2282,6.32,0.35,0.32,4.51,6.08,0
2015-02-15,9.7991,34.1816,6.37,,,,,0
2015-02-15,10.4076,34.2153,6.21,0.43,0.27,5.62,8.19,0
2015-02-15,9.844,34.1972,6.45,,,,,0
2015-02-15,9.8943,34.1981,6.45,,,,,0
2015-02-15,12.6419,34.3244,6.19,,,,,0
2015-02-15,13.1507,34.396,6.08,,,,,0
2015-02-15,13.3777,34.4253,6.07,0.16,0.43,3.62,4.63,0
2015-02-15,13.0633,34.3543,6.13,,,,,0
2015-02-15,12.7963,34.3343,6.09,0.28,0.37,4.49,6.01,0
2015-02-15,12.2975,34.3268,6.12,,,,,0
2015-02-16,12.69,34.38,6.09,,,,,0
2015-02-16,13.8815,34.4593,5.91,0.2,0.51,3.96,5.72,0
2015-02-16,12.771,34.3293,6.05,,,,,0
2015-02-16,12.2314,34.2904,6.13,0.26,0.33,4.02,5.57,0
2015-02-24,15.4835,34.3096,5.9,0.12,0.17,4.46,4.5,0
2015-02-24,14.4495,33.9189,5.87,0.26,0.16,6.43,8.65,0
2015-02-24,12.7018,33.2361,7.31,0.35,0.14,8.85,11.07,0
2015-02-24,11.5664,32.4509,6.26,0.36,0.08,6.05,8.68,0
2015-02-24,11.1411,32.2104,6.35,0.35,0.11,12.59,10.74,0
2015-02-24,10.3979,31.8871,6.58,0.44,0.07,7.49,11.69,0
2015-02-24,9.8458,31.8611,6.49,0.4,0.06,7.18,9.85,0
2015-02-24,10.1384,32.068000000000005,6.37,2.13,0.09,12.46,12.82,0
2015-02-24,10.432,32.2864,6.38,0.5,0.06,7.93,10.48,0
2015-02-25,10.8564,32.573,6.44,0.34,0.07,5.82,7.24,0
2015-02-25,9.842,32.2256,6.52,0.54,0.07,11.92,14.31,0
2015-02-25,9.2462,31.8646,6.72,0.35,0.05,5.87,7.16,0
2015-02-25,9.2103,31.7647,6.55,0.45,0.04,8.54,11.56,0
2015-02-25,9.0083,31.7015,6.69,0.37,0.07,6.58,8.52,0
2015-02-25,9.5062,31.8589,6.52,0.33,0.06,5.35,7.82,0
2015-02-25,11.9715,34.2532,5.91,0.35,0.37,4.01,5.73,0
2015-02-25,13.0624,34.4071,,,,,,0
2015-02-25,10.4962,32.1279,6.41,0.37,0.06,6.31,9.18,0
2015-02-25,13.2699,34.4042,6.14,0.29,0.34,3.86,5.77,0
2015-02-25,11.3471,32.5957,6.19,0.54,0.08,9.3,14.71,0
2015-02-25,14.5502,33.984,5.84,0.36,0.12,6.87,9.56,0
2015-02-25,12.2509,34.3024,6.26,0.33,0.33,4.03,7.35,0
2015-02-25,13.1263,34.4085,,,,,,0
2015-02-25,15.1708,34.2398,5.76,0.27,0.09,4.41,6.7,0
2015-02-25,12.9333,34.3922,6.23,0.25,0.36,3.35,5.44,0
2015-02-25,16.3707,34.5592,5.31,0.16,0.26,3.35,4.68,0
2015-02-25,11.4435,34.2458,,,,,,0
2015-02-25,16.5437,34.6091,5.53,0.17,0.25,3.6,4.8,0
2015-02-25,10.8457,34.1821,6.14,0.35,0.41,5.02,8.36,0
2015-02-25,9.9033,34.0699,,,,,,0
2015-02-25,10.0326,34.115,,,,,,0
2015-02-25,16.2742,34.6533,5.45,0.12,0.14,2.23,2.67,0
2015-02-25,12.6758,34.3094,,,,,,0
2015-02-26,13.9859,34.4467,5.94,0.26,0.32,4.03,5.97,0
2015-02-26,16.2948,34.6615,5.45,0.27,0.3,4.62,6.84,0
2015-02-26,14.7268,34.5408,,,,,,0
2015-02-26,15.0823,34.2683,5.9,0.41,0.15,6.44,9.1,0
2015-02-26,15.5706,34.6734,,,,,,0
2015-02-26,14.5759,34.0668,5.81,0.33,0.09,6.43,8.37,0
2015-02-26,15.6794,34.6882,5.43,0.26,0.44,3.4,5.44,0
2015-02-26,15.2602,34.6402,,,,,,0
2015-02-26,12.806,34.2341,6.0,0.42,0.21,5.92,9.84,0
2015-02-26,12.5352,34.2332,,,,,,0
2015-02-26,11.7392,34.2537,6.4,0.34,0.27,4.71,8.53,0
2015-02-26,11.5542,34.2642,,,,,,0
2015-02-26,9.8592,34.1279,,,,,,0
2015-02-26,9.8666,34.119,,,,,,0
2015-02-26,10.5172,34.1632,6.46,0.43,0.27,5.62,11.53,0
2015-02-26,11.0808,34.0666,,,,,,0
2015-02-27,14.358,34.4072,5.74,0.34,0.32,4.87,7.47,0
2015-02-27,15.271,34.6088,,,,,,0
2015-02-27,14.7852,34.5245,6.0,0.32,0.32,4.47,7.17,0
2015-03-02,13.9107,33.8421,5.81,0.39,0.08,6.4,9.42,0
2015-03-02,12.9378,33.2673,6.01,0.28,0.06,3.19,3.82,0
2015-03-02,11.3506,32.9354,6.29,0.42,0.12,7.93,12.36,0
2015-03-02,9.8515,32.1822,6.38,0.4,0.12,7.71,11.95,0
2015-03-02,8.3869,31.6048,6.86,0.31,0.18,10.81,8.95,0
2015-03-02,14.4975,34.4436,6.09,0.34,0.35,5.06,8.58,0
2015-03-02,8.3062,31.5396,7.03,0.33,0.06,5.82,7.19,0
2015-03-02,15.9687,34.7077,,,,,,0
2015-03-02,8.6478,31.6494,6.74,0.37,0.07,7.58,9.69,0
2015-03-02,16.0885,34.7314,5.69,0.27,0.57,3.73,6.38,0
2015-03-02,15.1243,34.6143,,,,,,0
2015-03-02,15.8101,34.6931,5.51,0.29,0.59,4.01,6.13,0
2015-03-02,15.8003,34.6911,,,,,,0
2015-03-03,15.4078,34.5871,6.09,0.32,0.29,5.48,9.69,0
2015-03-03,15.4895,34.5197,,,,,,0
2015-03-03,14.8392,34.3723,5.69,0.35,0.13,6.28,8.86,0
2015-03-07,14.3613,34.3508,,,,,,0
2015-03-07,13.1572,33.9531,6.4,0.43,0.11,7.66,11.62,0
2015-03-07,12.5956,33.801,,,,,,0
2015-03-07,12.3603,33.5584,6.03,0.45,0.08,8.08,12.0,0
2015-03-07,10.3073,32.8102,,,,,,0
2015-03-07,10.135,32.9121,,,,,,0
2015-03-08,10.6029,33.0539,6.09,0.44,0.15,9.41,12.25,0
2015-03-08,10.6988,33.1635,,,,,,0
2015-03-08,10.2871,33.1081,6.14,0.42,0.14,6.71,13.31,0
2015-03-08,10.9607,33.4648,,,,,,0
2015-03-08,10.3946,33.4831,6.29,0.47,0.12,7.13,12.3,0
2015-03-08,11.1507,33.596,,,,,,0
2015-03-08,12.0878,33.8282,6.0,0.46,0.09,6.84,12.11,0
2015-03-08,11.6764,33.7664,,,,,,0
2015-03-08,11.8574,33.8291,6.03,0.45,0.1,6.86,11.4,0
2015-03-08,11.3476,33.7858,,,,,,0
2015-03-08,11.5732,33.8588,6.03,0.3,0.09,8.23,3.33,0
2015-03-08,10.1456,33.8298,,,,,,0
2015-04-04,5.7751,31.9086,7.59,0.45,0.11,18.99,5.81,0
2015-04-04,5.4348,32.0486,,,,,,0
2015-04-04,5.9831,32.119,8.14,0.35,0.19,8.87,3.76,0
2015-04-04,6.7751,32.24,,,,,,0
2015-04-04,6.931,32.2773,8.18,0.29,0.11,9.02,3.78,0
2015-04-04,7.0042,32.3313,,,,,,0
2015-04-04,7.2177,32.4225,7.53,0.41,0.05,12.07,5.61,0
2015-04-05,7.3189,32.4363,7.59,,,,,0
2015-04-05,7.9381,32.6833,7.38,,,,,0
2015-04-05,8.0962,32.6876,7.35,0.32,0.16,10.45,11.52,0
2015-04-05,7.944,32.5683,,,,,,0
2015-04-05,7.7818,32.4781,7.35,0.35,0.15,15.13,7.88,0
2015-04-05,7.1153,32.3349,,,,,,0
2015-04-05,6.9060000000000015,32.158,7.58,0.6,0.25,16.92,6.11,0
2015-04-05,6.9381,32.0695,,,,,,0
2015-04-05,6.6081,32.0202,7.36,0.57,0.02,15.41,4.69,0
2015-04-05,6.7292,32.0554,,,,,,0
2015-04-05,7.2458,31.9929,8.2,0.37,0.16,10.97,3.46,0
2015-04-08,6.7646,32.0754,7.99,1.14,0.18,24.01,4.38,0
2015-04-08,6.6881,32.1225,,,,,,0
2015-04-08,6.7289,32.3445,7.34,0.31,0.11,10.72,2.79,0
2015-04-08,6.9056,32.4105,,,,,,0
2015-04-08,6.8606,32.4159,7.35,0.48,0.09,11.63,7.4,0
2015-04-08,7.3063,32.4695,,,,,,0
2015-04-08,7.9086,32.5886,7.12,0.67,0.12,13.91,10.41,0
2015-04-08,8.1629,32.7178,,,,,,0
2015-04-08,8.3417,32.8415,7.41,0.58,0.12,18.55,8.31,0
2015-04-08,8.037,32.7885,7.15,,,,,0
2015-04-09,8.2556,32.8184,7.96,,,,,0
2015-04-09,8.4247,32.7959,6.91,0.52,0.08,13.34,6.66,0
2015-04-09,8.5687,32.78,,,,,,0
2015-04-09,8.1343,32.6147,7.24,0.29,0.06,15.2,7.12,0
2015-04-09,7.8237,32.5411,,,,,,0
2015-04-09,7.2034,32.4837,7.26,0.4,0.07,10.91,1.25,0
2015-04-09,6.7927,32.3132,,,,,,0
2015-04-09,7.5627,32.1476,6.94,1.07,0.12,21.75,14.09,0
2015-04-09,9.436,33.2181,,,,,,0
2015-04-09,9.266,33.0822,6.81,0.51,0.07,16.05,6.74,0
2015-04-10,6.433,33.7833,7.19,0.14,0.12,2.54,4.38,0
2015-04-10,6.7258,33.868,,,,,,0
2015-04-10,6.436,34.017,6.65,0.18,0.14,2.57,8.72,0
2015-04-10,8.4308,32.7175,,,,,,0
2015-04-10,6.3356,34.008,,,,,,0
2015-04-10,8.432,32.7149,7.07,0.6,0.11,10.1,6.29,0
2015-04-10,6.9937,34.0795,6.68,0.21,0.01,3.2,8.06,0
2015-04-10,8.6708,32.7376,,,,,,0
2015-04-10,9.181,34.2071,,,,,,0
2015-04-10,9.2336,32.8521,6.97,0.48,0.24,8.14,6.79,0
2015-04-10,9.1334,34.1715,5.96,0.28,0.18,4.64,8.58,0
2015-04-10,9.0642,32.8035,6.97,,,,,0
2015-04-10,9.5464,32.9462,6.97,,,,,0
2015-04-10,11.4766,34.2858,5.7,0.26,0.29,3.2,6.14,0
2015-04-10,9.2424,32.9001,7.24,0.55,0.17,8.82,5.85,0
2015-04-11,10.7672,34.2092,,,,,,0
2015-04-11,8.7476,32.8504,,,,,,0
2015-04-11,8.5155,32.8325,7.12,0.59,0.07,15.13,5.57,0
2015-04-11,10.785,34.205,5.87,0.31,0.34,5.8,6.39,0
2015-04-11,12.6775,34.3457,,,,,,0
2015-04-11,10.3753,33.2597,,,,,,0
2015-04-11,10.0251,33.2493,7.53,0.15,0.01,6.31,1.78,0
2015-04-11,12.863,34.3447,6.1,0.06,0.03,0.98,2.95,0
2015-04-11,10.5725,33.3034,,,,,,0
2015-04-11,12.484000000000002,34.3993,,,,,,0
2015-04-11,11.2821,33.3496,7.43,0.32,0.16,6.09,1.03,0
2015-04-11,11.5771,33.3797,,,,,,0
2015-04-14,7.4706,34.0606,6.28,0.2,0.13,3.27,8.29,0
2015-04-15,6.8023,34.0394,,,,,,0
2015-04-15,6.846,33.954,6.74,0.01,0.01,0.5,1.27,0
2015-04-15,7.6019,33.9659,,,,,,0
2015-04-15,8.8554,34.1582,6.09,0.28,0.21,4.05,7.44,0
2015-04-15,10.9257,34.2673,,,,,,0
2015-04-15,12.5632,34.2976,5.63,0.07,0.11,1.79,4.39,0
2015-04-15,11.2514,34.2867,,,,,,0
2015-04-15,10.6782,34.193000000000005,5.76,0.34,0.42,4.95,8.03,0
2015-04-15,10.9071,34.2262,,,,,,0
2015-04-15,11.3178,34.2805,5.72,0.17,0.21,2.88,5.51,0
2015-04-15,11.3443,34.2805,,,,,,0
2015-04-15,11.3201,34.2792,5.94,0.02,0.16,1.41,2.38,0
2015-04-15,11.7294,34.3126,5.6,0.13,0.25,2.31,3.96,0
2015-04-16,11.404000000000002,34.2657,,,,,,0
2015-04-16,11.0774,34.2306,5.71,0.19,0.3,3.66,5.86,0
2015-04-16,10.9083,34.2039,,,,,,0
2015-04-16,12.2867,34.3634,5.74,0.09,0.22,2.11,4.01,0
2015-04-16,11.6893,34.2515,,,,,,0
2015-04-16,12.3581,34.2456,5.67,0.02,0.12,1.44,3.65,0
2015-04-16,11.2658,34.2075,,0.14,0.19,2.61,6.7,0
2015-04-16,11.1673,34.2488,,,,,,0
2015-04-17,13.3853,33.6331,6.03,0.17,0.29,4.16,6.22,0
2015-04-17,14.355,34.1578,,,,,,0
2015-04-17,14.1423,34.1169,5.06,0.24,0.16,3.64,8.62,0
2015-04-17,13.3691,34.0091,6.2,0.06,0.16,1.41,4.51,0
2015-04-17,13.474,34.0333,,,,,,0
2015-04-17,13.058,34.0622,6.2,0.08,0.2,1.78,4.8,0
2015-04-17,12.6805,33.9615,,,,,,0
2015-04-17,12.965,33.8039,6.49,0.09,0.39,1.89,8.09,0
2015-04-17,12.4253,33.7399,,,,,,0
2015-04-17,12.1648,34.2253,,,,,,0
2015-04-17,12.7271,33.6215,,,,,,0
2015-04-17,12.164,34.2001,,,,,,0
2015-04-17,12.2134,34.2337,6.21,0.04,0.1,0.94,2.41,0
2015-04-17,13.2447,33.7103,,,,,,0
2015-04-17,13.1546,34.1411,,,,,,0
2015-04-17,13.2281,33.648,6.43,0.03,0.16,0.15,4.9,0
2015-04-17,12.9141,34.1129,5.52,0.13,0.2,1.59,3.17,0
2015-04-18,13.5866,33.7131,,,,,,0
2015-04-18,13.657,34.1626,,,,,,0
2015-04-18,15.4293,34.2941,,,,,,0
2015-04-18,13.5646,34.1799,5.32,0.16,0.21,2.34,3.7,0
2015-04-18,15.2436,34.1236,5.83,0.01,0.17,0.52,4.91,0
2015-04-18,11.5105,34.2568,,,,,,0
2015-04-18,13.4796,33.577,,,,,,0
2015-04-18,11.1595,34.2678,5.74,0.01,0.02,1.12,6.26,0
2015-04-18,12.7736,33.5948,6.43,0.03,0.15,1.25,2.96,0
2015-04-18,12.2463,33.6759,,,,,,0
2015-04-18,12.1653,33.6907,6.17,0.31,0.45,5.12,12.71,0
2015-04-18,12.5474,33.71,,,,,,0
2015-04-18,12.5442,33.5931,,,,,,0
2015-04-18,14.1089,34.1545,,,,,,0
2015-04-18,12.0076,33.5551,,,,,,0
2015-04-18,12.1399,33.6049,6.26,0.24,0.55,4.5,12.9,0
2015-04-18,12.6526,33.6163,,,,,,0
2015-04-18,13.8532,34.3398,5.27,0.19,0.19,2.83,5.57,0
2015-04-18,13.3629,33.4775,6.66,0.01,0.16,1.71,4.15,0
2015-04-18,13.7548,34.3917,,,,,,0
2015-04-18,15.0952,34.0395,,,,,,0
2015-04-18,13.8984,34.3448,5.56,0.14,0.16,2.38,5.46,0
2015-04-18,13.8468,34.0777,,,,,,0
2015-04-18,13.315,34.0175,5.49,0.3,0.44,3.96,7.87,0
2015-04-18,12.9558,33.9784,,0.28,0.41,3.25,6.92,0
2015-04-18,12.5387,33.9853,,,,,,0
2015-04-18,13.2016,34.0074,,,,,,0
2015-04-18,12.8988,33.995,,,,,,0
2015-04-18,14.1007,33.9478,5.47,0.12,0.19,3.34,6.7,0
2015-04-18,14.5452,34.2003,,,,,,0
2015-04-19,13.5522,34.3091,5.33,0.19,0.17,2.45,5.19,0
2015-04-19,13.7013,34.2733,,0.2,0.24,2.79,5.17,0
2015-04-19,14.4892,34.3387,,,,,,0
2015-04-19,14.5067,34.35,5.14,0.36,0.24,4.29,8.38,0
2015-04-19,14.4041,34.0543,,,,,,0
2015-04-19,12.4745,34.0195,5.02,0.58,0.91,6.11,12.06,0
2015-04-21,15.3866,33.6165,5.89,0.02,0.26,1.4,7.05,0
2015-04-21,15.2203,33.594,6.0,0.02,0.06,0.11,7.28,0
2015-04-21,15.9722,34.0443,,,,,,0
2015-04-21,16.1213,34.0625,5.89,0.03,0.04,0.1,5.86,0
2015-04-21,16.9145,34.5278,,,,,,0
2015-04-22,17.4647,34.6179,5.49,0.03,0.16,0.22,4.37,0
2015-04-22,17.5285,34.6314,,,,,,0
2015-04-22,17.2284,34.5305,5.4,0.01,0.11,0.4,4.37,0
2015-04-22,16.0383,34.0412,,,,,,0
2015-04-22,16.0166,34.2388,5.57,0.03,0.21,0.82,4.95,0
2015-04-23,13.5611,32.8902,,,,,,0
2015-04-23,13.09,32.2033,7.14,0.01,0.13,0.26,7.28,0
2015-04-23,13.143,32.3053,,,,,,0
2015-04-23,12.8494,32.0772,6.83,0.0001,0.26,1.18,10.68,0
2015-04-23,13.0836,32.0721,,,,,,0
2015-04-24,11.7815,32.2707,,,,,,0
2015-04-24,12.377,32.4815,6.69,0.0001,0.08,0.13,3.23,0
2015-04-24,12.3168,32.4647,,,,,,0
2015-04-24,12.1797,32.1814,5.6,0.02,0.06,0.42,3.68,0
2015-04-24,12.6605,32.2269,,,,,,0
2015-04-24,12.4492,32.22,7.51,0.02,0.04,0.39,3.73,0
2015-04-24,12.118,32.1823,,,,,,0
2015-04-24,13.8824,33.0229,6.77,0.01,0.08,0.21,4.45,0
2015-04-24,14.5298,33.4609,,,,,,0
2015-04-24,12.8487,32.5658,6.86,0.06,0.09,0.41,4.43,0
2015-04-24,12.3574,32.507,,,,,,0
2015-04-24,12.413,33.2688,6.11,0.04,0.27,1.64,5.98,0
2015-04-24,11.8768,33.398,,,,,,0
2015-05-27,20.0958,33.5249,5.17,0.72,0.23,9.66,9.52,0
2015-05-27,20.1679,33.5488,5.19,0.24,0.23,2.15,3.6,0
2015-05-27,19.207,32.3268,5.6,0.37,0.56,20.66,9.55,0
2015-05-27,19.0109,32.0929,5.58,0.33,0.25,1.85,5.02,0
2015-05-27,19.302,32.7578,5.15,0.34,0.44,14.47,5.87,0
2015-05-27,18.5652,32.3924,5.44,0.26,0.23,2.11,5.46,0
2015-05-27,18.2812,32.0737,5.46,,0.22,3.22,7.03,0
2015-05-27,18.6625,32.2175,5.31,0.34,0.47,13.58,7.39,0
2015-05-28,18.3244,32.2738,5.41,0.27,0.33,6.23,7.74,0
2015-05-28,17.2892,31.6729,6.07,0.24,0.25,1.37,2.2,0
2015-05-28,16.6239,31.9493,6.0,0.26,0.38,1.73,1.41,0
2015-05-28,17.817999999999994,31.9884,5.26,,0.26,1.02,3.51,0
2015-05-28,17.8745,32.3854,5.75,0.28,0.3,2.58,3.1,0
2015-05-31,18.4564,30.3102,5.93,0.22,0.36,3.33,3.82,0
2015-05-31,18.1849,30.9504,6.56,,0.25,5.26,8.3,0
2015-05-31,18.719,32.3392,5.63,0.24,0.26,2.84,3.75,0
2015-06-01,18.7936,31.9566,5.48,,0.24,2.63,7.68,0
2015-06-01,18.781,31.8085,5.51,0.22,0.27,3.34,7.31,0
2015-06-01,17.9941,31.9219,5.73,,0.24,1.33,8.1,0
2015-06-01,18.3837,31.8039,5.65,0.27,0.36,9.25,8.36,0
2015-06-01,19.6713,32.3354,5.54,,0.27,3.3,8.74,0
2015-06-01,20.0763,33.3601,5.33,0.22,0.22,2.31,3.61,0
2015-06-01,20.824,33.7501,5.14,0.24,0.24,1.76,2.11,0
2015-06-01,21.1124,34.0338,5.1,,0.23,2.72,1.48,0
2015-06-01,20.438,33.8481,5.3,0.21,0.21,1.57,3.58,0
2015-06-01,19.9484,33.4787,5.55,,0.21,1.77,5.89,0
2015-06-01,21.0721,33.4642,5.22,0.31,0.51,17.67,6.39,0
2015-06-01,19.4578,31.9663,5.63,,0.24,1.66,5.92,0
2015-06-01,19.5282,31.9817,5.48,0.32,0.4,14.44,7.26,0
2015-06-01,19.206,32.1787,5.55,0.58,0.48,18.56,8.79,0
2015-06-02,18.9344,32.3487,5.59,0.26,0.26,3.08,5.79,0
2015-06-02,18.8885,32.2316,5.66,0.27,0.33,7.23,6.46,0
2015-06-10,14.6631,33.8523,6.47,,0.13,0.51,0.35,0
2015-06-10,16.7257,33.8546,6.02,,,,,0
2015-06-10,16.3108,33.8755,6.03,,0.08,0.45,1.4,0
2015-06-10,15.6976,33.8936,6.11,,,,,0
2015-06-10,18.265,34.0352,5.99,,0.09,0.74,1.51,0
2015-06-10,17.7318,33.5032,6.22,,,,,0
2015-06-10,18.9895,33.1667,6.02,,0.12,0.61,5.95,0
2015-06-11,18.8894,33.535,5.71,,0.09,0.57,3.09,0
2015-06-11,19.9271,33.753,5.57,,,,,0
2015-06-11,19.4312,33.217,5.74,,0.09,0.72,3.98,0
2015-06-11,19.235,33.444,6.14,,,,,0
2015-06-11,18.4379,34.144,5.84,,0.09,0.61,0.05,0
2015-06-11,18.4568,34.1187,5.81,,,,,0
2015-06-11,17.2043,33.8954,5.86,,0.09,0.62,0.94,0
2015-06-11,13.6828,31.8867,7.19,0.16,0.23,2.94,0.84,0
2015-06-11,14.0655,33.9405,6.52,,,,,0
2015-06-11,15.3331,33.8623,6.28,,0.09,0.51,1.28,0
2015-06-11,17.3458,32.0853,,,,,,0
2015-06-11,16.3284,33.8723,6.12,,,,,0
2015-06-11,6.8359,33.9436,,0.01,0.01,0.46,0.76,0
2015-06-11,18.4783,32.0405,6.13,0.07,0.25,2.74,0.82,0
2015-06-11,18.5907,32.0507,,,,,,0
2015-06-11,18.6905,32.1408,6.0,0.13,0.06,1.55,0.97,0
2015-06-11,18.7367,32.3235,,,,,,0
2015-06-11,18.5975,32.185,6.23,0.03,0.05,1.24,0.95,0
2015-06-11,18.7052,32.0146,6.44,,,,,0
2015-06-12,18.9862,32.3159,6.21,,,,,0
2015-06-12,18.773,32.4145,6.0,0.06,0.02,1.14,1.04,0
2015-06-12,18.9453,32.2408,,,,,,0
2015-06-12,19.3068,32.4765,6.12,0.07,0.05,1.36,1.05,0
2015-06-12,19.3222,32.3728,,,,,,0
2015-06-12,18.7967,32.1758,6.23,0.02,0.03,0.71,1.21,0
2015-06-12,19.0072,32.2228,,,,,,0
2015-06-12,16.9254,32.1539,7.32,0.11,0.18,2.49,0.53,0
2015-06-12,15.8809,31.93,,,,,,0
2015-06-12,15.952,31.9087,7.43,0.01,0.02,0.81,0.77,0
2015-06-14,16.8401,33.8282,5.89,,,,,0
2015-06-14,17.0597,33.8403,5.85,,0.11,0.56,0.64,0
2015-06-14,16.9453,33.8224,5.88,,,,,0
2015-06-14,13.8952,33.8277,6.44,,0.11,0.53,0.89,0
2015-06-14,17.4154,33.9895,5.83,,,,,0
2015-06-14,17.8072,33.226,6.25,,0.11,0.66,4.67,0
2015-06-14,20.3783,33.7436,5.57,,,,,0
2015-06-14,16.8562,31.7913,6.45,0.07,0.03,2.71,0.77,0
2015-06-14,20.704,33.8154,5.67,0.24,0.1,1.02,1.23,0
2015-06-14,18.1778,32.1929,,,,,,0
2015-06-14,19.015,32.4111,6.28,0.04,0.07,0.29,2.63,0
2015-06-14,20.21,33.9694,5.59,,,,,0
2015-06-14,19.5503,32.5014,,,,,,0
2015-06-14,20.1725,33.726,5.62,0.57,0.08,0.26,0.45,0
2015-06-14,19.4835,32.4285,5.96,0.12,0.04,5.33,2.15,0
2015-06-14,19.7433,32.5408,,,,,,0
2015-06-14,19.8875,32.5437,5.89,0.15,0.07,2.99,1.3,0
2015-06-14,20.2565,34.0476,5.55,,0.1,0.5,8.34,0
2015-06-14,19.8018,32.4723,,,,,,0
2015-06-15,19.7258,32.4126,5.96,0.06,0.1,1.82,2.58,0
2015-06-15,19.5912,32.5027,6.28,,,,,0
2015-06-15,19.8576,34.1574,5.6,,,,,0
2015-06-15,20.006,34.122,5.57,,0.1,0.45,0.37,0
2015-06-15,19.4523,32.5633,6.07,,,,,0
2015-06-15,20.4792,33.8366,5.53,,,,,0
2015-06-15,19.7072,32.543,5.9,0.16,0.09,3.73,1.13,0
2015-06-15,19.953,32.5676,,,,,,0
2015-06-15,20.4527,33.6351,5.48,,0.1,0.53,1.77,0
2015-06-15,19.9588,32.6084,5.96,0.07,0.0001,13.47,3.6,0
2015-06-15,20.1852,33.3756,5.57,,,,,0
2015-06-15,19.942,32.6033,,,,,,0
2015-06-15,18.4484,33.2007,5.99,0.39,0.1,1.01,4.66,0
2015-06-15,17.4013,33.6151,6.29,,,,,0
2015-06-15,19.7443,32.6272,6.21,0.09,0.32,1.04,3.42,0
2015-06-15,17.2088,33.69,6.38,,,,,0
2015-06-15,19.7526,32.8809,,,,,,0
2015-06-15,17.9018,32.873000000000005,6.35,0.02,0.13,0.75,3.4,0
2015-06-15,15.9355,33.0509,,,,,,0
2015-06-15,16.5222,32.8864,6.84,0.05,0.04,4.16,4.96,0
2015-06-16,17.827,32.7884,,,,,,0
2015-06-16,20.2221,32.6456,6.03,0.26,0.16,1.68,2.23,0
2015-06-16,20.6411,32.6104,,,,,,0
2015-06-16,17.0682,34.0201,6.76,,,,,0
2015-06-16,17.3971,34.0359,6.52,,,,,0
2015-06-16,18.0713,34.0707,6.06,,0.11,0.61,0.76,0
2015-06-16,20.8182,32.5792,5.86,0.1,0.03,1.88,1.36,0
2015-06-16,20.7503,32.5652,6.0,,,,,0
2015-06-16,18.7637,34.074,5.88,,,,,0
2015-06-16,16.906,33.8698,5.91,,0.28,1.13,9.59,0
2015-06-16,21.7496,32.309,5.58,,,,,0
2015-06-16,20.2558,33.5674,5.66,,,,,0
2015-06-16,22.0809,32.5317,6.23,0.58,0.08,1.6,2.37,0
2015-06-16,21.8094,32.043,,,,,,0
2015-06-16,21.2532,33.6416,5.45,,0.1,0.75,2.26,0
2015-06-16,20.8336,32.6364,5.67,0.01,0.03,0.8,0.97,0
2015-06-16,20.6672,33.8252,5.51,,,,,0
2015-06-16,18.4766,32.767,,,,,,0
2015-06-16,20.2223,33.8024,5.51,,0.09,0.43,1.61,0
2015-06-16,18.0567,32.7496,6.87,0.19,0.05,3.77,2.27,0
2015-06-17,20.653,32.5374,,,,,,0
2015-06-17,20.8877,32.4812,6.42,0.03,0.06,3.16,3.67,0
2015-06-17,20.2967,32.4859,,,,,,0
2015-06-17,20.2624,33.817,5.54,,,,,0
2015-06-17,20.4983,33.7941,5.49,,0.09,0.71,1.72,0
2015-06-17,18.0542,33.021,6.01,,,,,0
2015-06-17,18.1881,33.0714,6.07,,0.11,0.73,5.22,0
2015-06-17,16.4646,34.0454,6.31,,,,,0
2015-06-17,16.1577,34.0284,6.12,,0.16,3.48,5.71,0
2015-06-17,17.4798,33.9318,6.48,,,,,0
2015-06-17,17.1825,34.0221,6.5,,,,,0
2015-06-20,17.1047,34.0314,6.09,,,,,0
2015-06-20,17.2277,34.0382,6.07,,,,,0
2015-06-20,17.1603,33.3881,6.08,,0.1,0.62,6.9,0
2015-06-20,19.6509,33.4708,5.5,,,,,0
2015-06-20,19.9602,33.528,5.49,0.66,0.08,0.72,2.28,0
2015-06-20,20.0047,33.4246,5.5,,,,,0
2015-06-20,18.7715,32.8927,5.43,0.11,0.03,1.09,9.17,0
2015-06-20,20.4827,33.6017,5.45,,,,,0
2015-06-20,20.3193,33.4628,,,,,,0
2015-06-20,19.345,33.4287,5.62,,0.11,0.7,5.32,0
2015-06-20,20.445,33.6464,5.23,0.08,0.04,0.91,4.06,0
2015-06-20,18.7745,33.3041,5.74,,,,,0
2015-06-20,18.4578,33.1029,5.76,,0.11,0.51,5.32,0
2015-06-20,19.1577,32.6567,5.34,0.09,0.03,0.55,6.42,0
2015-06-20,19.3839,32.4913,,,,,,0
2015-06-20,19.201,32.886,5.77,0.1,0.03,0.55,8.75,0
2015-06-20,18.7794,33.2526,,,,,,0
2015-06-20,19.8454,32.9323,5.8,0.1,0.03,0.51,7.84,0
2015-06-20,20.3723,33.0667,,,,,,0
2015-06-20,19.3017,33.1083,,,,,,0
2015-06-20,19.447,33.0851,,,,,,0
2015-06-20,19.534,33.0157,5.63,0.1,0.06,0.55,8.34,0
2015-06-21,19.8573,32.2241,,,,,,0
2015-06-21,20.9219,33.4794,,,,,,0
2015-06-21,21.5693,33.5638,5.2,0.07,0.03,0.55,5.42,0
2015-06-21,20.9367,33.1322,,,,,,0
2015-06-21,19.828,32.3174,5.74,0.04,0.02,0.35,8.12,0
2015-06-21,19.2468,33.0887,,,,,,0
2015-06-21,20.5611,33.0103,5.66,0.06,0.02,0.57,8.15,0
2015-06-21,20.2325,33.0054,,,,,,0
2015-06-21,20.5413,33.045,,,,,,0
2015-06-21,18.1996,33.1839,,,,,,0
2015-06-21,18.5573,33.1702,5.77,0.08,0.12,1.03,7.97,0
2015-06-21,16.9302,32.9506,,,,,,0
2015-06-21,20.4072,32.2406,5.86,0.02,0.03,0.33,7.49,0
2015-06-21,21.7082,32.791,,,,,,0
2015-06-21,21.8518,32.8625,5.34,0.03,0.03,0.41,7.48,0
2015-06-22,21.4671,31.8508,,,,,,0
2015-06-22,21.3571,31.8883,5.49,0.09,0.02,1.06,8.94,0
2015-06-22,22.1075,31.8578,,,,,,0
2015-06-22,22.0128,31.8189,5.43,0.07,0.02,0.76,8.96,0
2015-06-22,22.5341,31.6659,,,,,,0
2015-06-22,22.5164,31.5965,5.09,0.09,0.03,1.34,9.13,0
2015-06-22,22.9276,31.3386,,,,,,0
2015-06-22,22.4564,29.4346,5.8,0.09,0.03,1.45,7.53,0
2015-06-22,23.1591,28.2068,,,,,,0
2015-06-22,22.112,31.6806,,,,,,0
2015-06-22,21.9525,31.9962,5.46,0.07,0.07,0.6,9.4,0
2015-06-23,21.7197,32.1183,,,,,,0
2015-06-23,21.2354,31.831,5.51,0.08,0.04,0.52,8.64,0
2015-06-23,21.2798,31.7932,,,,,,0
2015-06-23,22.0065,33.0901,5.14,0.11,0.02,0.82,6.13,0
2015-06-23,22.2626,33.1871,,,,,,0
2015-06-23,22.3394,32.6822,5.11,0.13,0.03,0.85,6.16,0
2015-06-23,22.1159,33.2372,,,,,,0
2015-06-23,22.0042,33.6548,5.0,0.11,0.04,0.75,4.37,0
2015-06-23,22.2435,33.3423,,,,,,0
2015-06-23,22.0538,33.202,5.14,0.09,0.05,0.56,6.05,0
2015-06-24,22.1238,33.2226,,,,,,0
2015-06-24,21.6851,32.7895,5.34,0.08,0.03,0.4,7.49,0
2015-06-24,21.3289,31.885,5.37,0.03,0.04,0.87,10.31,0
2015-06-24,21.5818,31.8916,,,,,,0
2015-06-24,20.8746,32.0618,5.49,0.01,0.04,0.54,8.96,0
2015-06-24,16.9395,32.7912,,,,,,0
2015-08-05,20.4511,33.088,5.69,0.39,0.02,0.31,2.55,1
2015-08-05,24.4821,32.5333,5.34,,,,,1
2015-08-05,25.674,32.3514,5.12,0.08,0.03,0.35,2.32,1
2015-08-05,25.3174,32.5912,5.13,,,,,1
2015-08-05,25.5751,32.9731,5.07,0.03,0.03,0.42,2.03,1
2015-08-05,26.0734,33.0163,5.01,,,,,1
2015-08-05,25.6481,33.3207,5.04,0.02,0.02,0.41,2.52,1
2015-08-05,25.2598,33.332,5.02,0.15,0.03,0.21,2.72,1
2015-08-06,23.7968,33.1171,5.8,,,,,1
2015-08-06,22.737,32.7996,5.39,0.01,0.03,0.3,4.98,1
2015-08-06,24.0377,32.5562,5.14,,,,,1
2015-08-06,21.7585,33.5662,5.65,0.01,0.03,0.63,1.74,1
2015-08-06,24.135,33.1972,5.41,,,,,1
2015-08-06,25.8123,32.6922,5.13,0.02,0.03,0.33,2.05,1
2015-08-06,24.7263,33.0152,5.37,,,,,1
2015-08-06,21.3472,31.8545,5.55,0.84,0.96,4.77,5.31,1
2015-08-06,25.6128,32.9973,5.15,0.01,0.03,0.12,1.58,1
2015-08-06,25.9841,32.8969,5.23,,,,,1
2015-08-06,24.8124,32.256,,,,,,1
2015-08-06,25.6735,32.2371,5.52,0.19,0.15,0.53,2.54,1
2015-08-06,26.1158,32.2369,,,,,,1
2015-08-06,26.0922,32.1868,5.83,0.47,0.48,0.17,4.86,1
2015-08-07,26.4467,32.0433,,,,,,1
2015-08-07,26.6277,31.8949,5.7,0.05,0.84,0.61,2.4,1
2015-08-07,26.6764,31.4931,5.49,,,,,1
2015-08-07,26.95300000000001,31.8566,5.28,,,,,1
2015-08-07,26.7847,32.1102,5.42,0.58,0.16,4.35,4.74,1
2015-08-07,26.8903,32.2338,,,,,,1
2015-08-07,27.0637,32.1255,5.7,0.16,0.29,1.1,1.78,1
2015-08-07,26.1779,31.4479,,,,,,1
2015-08-07,27.5685,31.4573,5.49,0.26,0.18,6.63,5.39,1
2015-08-07,27.4988,31.2002,,,,,,1
2015-08-07,27.19,31.3062,5.51,0.08,0.33,1.17,5.71,1
2015-08-07,23.0742,31.9195,,,,,,1
2015-08-08,25.9743,31.6836,5.71,0.48,0.17,1.09,5.76,1
2015-08-08,26.7474,31.4149,5.32,0.21,0.17,1.17,4.64,1
2015-08-08,25.5275,33.228,4.94,,,,,1
2015-08-08,22.9785,33.3587,5.62,0.02,0.05,0.23,2.1,1
2015-08-08,25.7999,33.1846,5.19,,,,,1
2015-08-08,25.6882,33.2486,5.29,0.01,0.03,0.19,1.92,1
2015-08-08,24.6742,33.199,5.43,,,,,1
2015-08-08,22.8057,32.8199,5.61,0.01,0.03,0.41,4.89,1
2015-08-08,25.7482,32.7403,5.17,,,,,1
2015-08-08,26.6834,32.7948,5.0,0.0001,0.02,0.54,4.06,1
2015-08-09,26.4664,32.9808,4.95,,,,,1
2015-08-09,26.0865,32.5517,5.03,0.01,0.01,0.46,5.65,1
2015-08-09,25.8958,32.3756,4.99,,,,,1
2015-08-09,25.9786,32.4759,5.0,0.01,0.02,0.62,6.1,1
2015-08-09,26.0806,32.4565,5.01,,,,,1
2015-08-09,26.2094,33.6735,5.0,,,,,1
2015-08-09,26.248,33.2429,5.01,0.02,0.01,0.2,4.27,1
2015-08-09,24.1925,32.9706,5.57,,,,,1
2015-08-09,26.8749,33.3354,4.95,0.02,0.01,0.25,4.79,1
2015-08-09,26.5122,33.5435,4.95,,,,,1
2015-08-09,26.2656,33.0801,5.0,0.01,0.01,0.2,4.21,1
2015-08-10,25.3693,32.6443,5.18,,,,,1
2015-08-10,24.2069,32.4804,5.34,0.02,0.02,0.27,5.84,1
2015-08-10,26.2629,31.8618,5.13,,,,,1
2015-08-10,23.6556,32.4497,6.1,0.1,0.02,0.17,1.27,1
2015-08-10,23.8252,33.3038,5.63,0.01,0.01,0.03,1.93,1
2015-08-10,24.3413,33.3303,5.53,,,,,1
2015-08-10,26.6541,30.962,,,,,,1
2015-08-10,26.8829,30.9308,5.89,0.14,0.27,8.85,8.85,1
2015-08-10,26.7214,31.0563,,,,,,1
2015-08-10,26.9225,30.9395,5.45,0.54,0.26,2.54,6.23,1
2015-08-10,27.2508,31.4921,,,,,,1
2015-08-10,26.6905,31.5072,5.71,0.07,0.09,0.76,5.81,1
2015-08-11,26.6782,31.6501,,,,,,1
2015-08-11,27.1188,32.0172,5.54,0.8,0.34,4.83,2.34,1
2015-08-11,27.2765,32.0339,5.16,,,,,1
2015-08-11,27.1312,32.12,5.74,,,,,1
2015-08-11,26.8251,31.7294,5.46,0.58,0.28,3.2,4.72,1
2015-08-11,26.8681,31.7887,,,,,,1
2015-08-11,27.115,30.929,5.19,0.44,0.25,5.22,5.25,1
2015-08-11,27.1886,30.551,,,,,,1
2015-08-11,26.9367,30.9202,5.55,0.24,0.37,2.98,8.75,1
2015-08-11,26.2583,31.2112,,,,,,1
2015-08-11,25.814,31.6282,6.09,0.44,0.18,2.17,8.46,1
2015-08-11,22.5576,33.417,6.21,,,,,1
2015-08-11,23.2403,32.8567,,,,,,1
2015-08-11,26.6523,31.6933,5.16,0.01,0.01,0.18,5.53,1
2015-08-11,27.7272,31.9437,4.9,,,,,1
2015-08-11,27.5345,31.2809,4.93,0.01,0.01,0.47,7.96,1
2015-08-11,26.7131,33.0095,4.98,,,,,1
2015-08-12,25.743,32.9636,5.13,0.02,0.01,0.37,3.58,1
2015-08-12,26.3434,33.1053,4.96,,,,,1
2015-08-12,26.5738,33.6923,4.87,0.13,0.01,0.41,5.22,1
2015-08-12,26.7013,32.9818,4.89,,,,,1
2015-08-12,25.7556,32.7595,5.19,0.01,0.02,0.45,4.07,1
2015-08-12,26.4792,32.2198,5.02,,,,,1
2015-08-12,27.0024,31.4813,4.95,0.01,0.02,0.49,7.22,1
2015-08-12,26.0706,31.4279,5.1,,,,,1
2015-08-12,26.2254,31.3624,5.1,0.01,0.02,0.19,7.65,1
2015-08-12,21.7437,32.8363,6.25,0.01,0.02,0.33,1.77,1
2015-08-12,22.0594,33.2898,6.16,,,,,1
2015-08-13,20.0411,32.0889,,,,,,1
2015-08-13,22.1662,31.5362,6.04,0.3,0.15,12.67,7.08,1
2015-08-13,22.7959,31.2209,,,,,,1
2015-08-13,25.1437,30.8175,5.52,0.53,0.24,4.81,8.19,1
2015-08-13,27.0626,31.0538,,,,,,1
2015-08-13,26.4968,31.0896,5.42,0.9,0.27,6.34,8.0,1
2015-08-13,26.8834,30.8778,5.54,,,,,1
2015-08-14,24.7759,30.3505,5.45,,,,,1
2015-08-14,22.7049,31.068,6.32,1.92,0.57,0.21,5.93,1
2015-08-14,22.5344,31.1717,,,,,,1
2015-08-14,23.1873,30.8184,5.46,0.82,0.38,6.26,9.69,1
2015-08-14,26.2747,30.0601,,,,,,1
2015-08-14,26.266,30.0879,5.91,0.41,0.16,5.13,5.06,1
2015-08-14,26.5943,29.9145,,,,,,1
2015-08-14,27.0483,29.9194,5.16,1.07,0.11,4.95,7.58,1
2015-08-14,27.4943,30.3758,,,,,,1
2015-08-14,23.9654,32.0978,5.53,,,,,1
2015-08-14,23.9497,32.1322,5.55,,,,,1
2015-08-14,25.1218,31.7363,5.45,0.01,0.03,0.08,7.63,1
2015-08-14,26.3003,31.7691,5.02,,,,,1
2015-08-14,27.106,31.9609,4.91,0.32,0.22,4.23,11.39,1
2015-08-15,26.7755,31.8899,4.93,0.01,0.02,0.15,5.66,1
2015-08-15,26.9893,31.9303,4.89,,,,,1
2015-08-15,26.7084,31.6533,4.95,0.01,0.02,0.2,6.25,1
2015-08-15,26.6129,31.57,4.97,,,,,1
2015-08-15,24.8183,31.8901,5.44,0.01,0.03,0.38,6.41,1
2015-08-17,25.0852,31.5065,5.09,0.06,0.1,0.75,7.37,1
2015-08-17,27.0141,31.3414,,,,,,1
2015-08-17,26.3879,31.9452,4.83,0.06,0.04,0.43,5.53,1
2015-08-17,26.5123,31.1869,4.8,0.06,0.02,0.18,7.75,1
2015-08-17,26.4758,31.1253,,,,,,1
2015-08-17,25.6147,31.3062,5.4,0.06,0.03,0.16,5.53,1
2015-08-17,22.0773,32.7385,,,,,,1
2015-08-17,25.8158,31.5434,6.26,0.09,0.02,0.18,6.2,1
2015-08-17,25.6905,32.0789,,,,,,1
2015-08-17,25.4249,31.5882,,,,,,1
2015-08-17,24.8598,31.2469,,,,,,1
2015-08-18,24.0006,31.4404,7.46,0.08,0.04,0.16,4.03,1
2015-08-18,25.7615,31.0943,,,,,,1
2015-08-18,27.8795,32.6023,,,,,,1
2015-08-18,27.8189,32.5074,4.74,0.07,0.03,0.15,3.84,1
2015-08-18,26.9958,31.1818,,,,,,1
2015-08-18,26.7485,31.7402,4.83,0.36,0.25,0.38,17.26,1
2015-08-18,25.9088,31.4235,,,,,,1
2015-08-18,24.127,31.8977,6.63,0.07,0.03,0.2,4.9,1
2015-08-18,24.1087,31.8786,,,,,,1
2015-08-18,24.4223,32.2738,,,,,,1
2015-08-18,24.8313,31.7136,,,,,,1
2015-08-18,24.4172,31.8526,7.46,0.14,0.06,0.15,6.76,1
2015-08-18,25.9165,31.4035,,,,,,1
2015-08-19,28.372,33.6751,5.36,0.0001,0.02,0.85,1.69,1
2015-08-19,28.2408,33.3204,4.59,0.01,0.02,1.22,2.7,1
2015-08-19,28.1655,32.2871,4.2,0.0001,0.02,0.52,5.13,1
2015-08-19,29.0524,31.6341,4.41,0.03,0.02,1.19,7.55,1
2015-08-19,27.9775,31.0092,4.39,0.0001,0.02,0.41,8.09,1
2015-08-19,25.853,31.5881,5.11,0.05,0.02,0.15,5.79,1
2015-08-19,27.6919,29.8011,5.22,0.01,0.02,0.89,1.14,1
2015-08-19,26.726,31.644,,,,,,1
2015-08-19,27.4819,29.47,6.12,,0.02,0.53,0.14,1
2015-08-19,26.409,31.8026,4.97,0.06,0.04,0.25,6.49,1
2015-08-19,27.0366,32.0596,5.0,0.08,0.01,0.17,5.6,1
2015-08-19,27.7098,32.1873,,,,,,1
2015-08-20,27.3279,30.1217,4.89,0.01,0.02,1.25,0.5,1
2015-08-20,27.604,32.1853,4.71,0.14,0.02,0.16,4.71,1
2015-08-20,27.196,29.691,5.95,0.08,0.03,1.94,1.61,1
2015-08-20,28.0082,33.2341,,,,,,1
2015-08-20,27.0975,30.04300000000001,5.62,0.0001,0.04,1.5,4.84,1
2015-08-20,28.2089,33.6864,4.69,0.07,0.02,0.17,1.84,1
2015-08-20,27.9067,32.8046,,,,,,1
2015-08-20,28.0408,32.0962,4.8,0.08,0.08,0.13,5.33,1
2015-08-20,27.2913,31.5192,,,,,,1
2015-08-20,27.7657,31.7681,4.89,0.08,0.03,0.2,7.14,1
2015-08-20,28.4091,32.2768,,,,,,1
2015-08-27,27.8992,32.0436,4.17,0.0001,0.09,0.89,3.19,1
2015-08-27,27.5588,31.3308,4.41,0.0001,0.02,0.88,3.27,1
2015-08-27,25.9003,29.9998,4.79,0.0001,0.05,1.0,5.8,1
2015-08-27,25.8512,31.5433,4.91,0.08,0.1,0.54,7.53,1
2015-08-27,26.7207,29.0153,5.92,0.0001,0.04,1.39,2.84,1
2015-08-27,25.271,30.29,,,,,,1
2015-08-27,27.0816,28.8716,5.53,0.0001,0.05,0.68,3.03,1
2015-08-27,25.3365,30.8892,4.91,0.07,0.05,0.34,9.94,1
2015-08-27,27.2282,29.0726,4.68,0.0001,0.05,1.22,3.11,1
2015-08-27,25.6989,30.1583,,,,,,1
2015-08-27,27.4776,28.4254,4.87,0.0001,0.05,1.79,3.91,1
2015-08-27,27.4061,29.7946,4.41,0.0001,0.09,1.28,3.23,1
2015-08-27,25.0115,29.9808,,,,,,1
2015-08-27,26.609,30.0856,4.5,0.0001,0.09,1.06,1.75,1
2015-08-27,24.6868,30.1413,5.29,0.08,0.09,0.14,0.17,1
2015-08-27,26.2143,30.5953,4.34,0.0001,0.14,2.68,2.98,1
2015-08-27,25.271,30.29,,,,,,1
2015-08-28,25.3394,30.5013,4.94,0.07,0.07,0.29,9.24,1
2015-08-28,25.2207,30.6729,,,,,,1
2015-08-28,25.4713,30.8798,5.0,0.06,0.05,0.19,9.78,1
2015-08-28,25.4614,31.7139,,,,,,1
2015-08-28,26.2116,28.9866,5.06,0.0001,0.05,0.9,0.19,1
2015-08-28,26.0571,31.9949,4.8,0.06,0.07,0.34,6.27,1
2015-08-28,25.6134,31.3492,,,,,,1
2015-08-28,26.0947,28.7825,4.53,0.0001,0.02,0.66,1.76,1
2015-08-28,25.5566,31.5306,4.8,0.05,0.03,0.22,6.86,1
2015-08-28,26.199,29.2095,3.51,0.0001,0.06,1.44,0.43,1
2015-08-28,25.7872,32.1358,,,,,,1
2015-08-28,25.9131,29.2225,4.06,0.0001,0.08,1.57,0.56,1
2015-08-28,24.8498,31.0824,4.91,0.07,0.07,0.59,8.55,1
2015-08-28,22.797,31.2022,,,,,,1
2015-08-28,26.2627,29.405,,0.01,0.07,1.38,2.06,1
2015-08-28,25.997,28.8321,5.48,0.0001,0.13,1.72,3.76,1
2015-08-28,26.1473,29.6865,6.02,0.01,0.09,1.75,4.03,1
2015-08-28,26.3157,29.9776,4.74,0.0001,0.09,1.61,3.52,1
2015-08-28,26.6471,31.2449,4.6,0.0001,0.02,1.2,4.55,1
2015-08-28,26.9482,32.846,,0.0001,0.01,0.79,2.66,1
2015-08-28,27.6164,32.9511,,0.0001,,1.16,2.2,1
2015-08-29,26.4195,31.9941,4.38,0.0001,0.03,0.92,2.49,1
2015-10-05,21.7144,31.9748,4.91,0.8,0.61,14.0,4.9,0
2015-10-05,20.4566,32.1476,,,,,,0
2015-10-05,20.3761,32.1203,5.72,0.04,0.05,2.55,4.96,0
2015-10-05,19.9069,32.0743,,,,,,0
2015-10-06,20.4547,31.9763,5.42,0.12,0.15,20.21,3.99,0
2015-10-06,19.6268,32.1556,,,,,,0
2015-10-06,20.1432,32.0763,5.5,1.0,0.18,16.14,5.55,0
2015-10-06,20.9132,31.9232,5.43,,,,,0
2015-10-06,19.9532,31.9716,5.53,,,,,0
2015-10-06,20.3945,31.9744,5.59,0.09,0.1,4.28,4.71,0
2015-10-06,21.1484,31.9936,,,,,,0
2015-10-06,20.6898,31.9802,5.57,0.0001,0.09,16.34,9.05,0
2015-10-06,21.4765,31.9565,,,,,,0
2015-10-06,20.9044,31.9439,5.57,1.14,0.31,16.53,4.19,0
2015-10-07,20.116,32.0533,,,,,,0
2015-10-07,19.7085,32.0945,5.39,0.97,0.33,16.32,9.81,0
2015-10-14,19.6129,32.2101,5.31,0.54,0.26,4.72,4.02,0
2015-10-14,19.2541,32.2948,5.34,0.47,0.25,10.67,8.01,0
2015-10-14,19.7394,32.2803,,,,,,0
2015-10-14,20.5698,32.089,,,,,,0
2015-10-14,18.4245,32.0884,5.73,0.13,0.33,8.04,9.53,0
2015-10-14,19.6129,32.0515,,,,,,0
2015-10-14,19.5815,31.8376,5.36,0.2,0.16,6.82,7.17,0
2015-10-14,19.1873,31.8569,,,,,,0
2015-10-14,19.8152,31.6193,5.46,0.15,0.13,15.73,9.52,0
2015-10-14,18.9078,31.8233,,,,,,0
2015-10-14,19.7603,31.8959,5.4,0.25,0.09,3.87,10.21,0
2015-10-15,19.098,31.9068,5.6,,,,,0
2015-10-15,19.5726,31.7637,5.36,,,,,0
2015-10-15,19.6674,31.9222,5.46,0.05,0.11,4.45,5.81,0
2015-10-15,19.6111,31.7504,,,,,,0
2015-10-15,20.144,31.669,5.43,0.04,0.4,4.85,5.89,0
2015-10-15,19.309,31.9017,,,,,,0
2015-10-15,19.3133,31.896,5.79,0.71,0.31,7.64,19.21,0
2015-10-15,19.3554,32.0623,,,,,,0
2015-10-15,20.637,31.9856,4.88,1.57,0.23,18.94,22.84,0
2015-10-15,18.518,31.8655,,,,,,0
2015-10-15,18.0301,31.7804,5.37,0.54,0.32,8.42,7.8,0
2015-10-15,20.0704,31.2065,,,,,,0
2015-10-16,20.5371,31.7953,5.4,0.35,0.09,1.6,10.88,0
2015-10-16,20.634,31.8591,,,,,,0
2015-10-16,20.7096,31.8388,5.4,0.11,0.07,4.96,13.24,0
2015-10-16,21.0213,31.4867,5.31,,,,,0
2015-10-16,20.9999,30.9576,5.5,,,,,0
2015-10-16,20.6234,31.1708,5.96,0.27,0.17,2.21,7.16,0
2015-10-16,20.6176,31.0883,,,,,,0
2015-10-16,20.7518,31.0535,5.6,0.23,0.06,3.44,6.09,0
2015-10-17,18.1965,31.8305,,,,,,0
2015-10-17,17.115,31.8667,5.23,0.66,0.3,13.42,12.9,0
2015-10-17,15.957,32.3004,,,,,,0
2015-10-17,20.7086,30.9416,5.5,0.37,0.21,3.53,5.53,0
2015-10-17,19.5268,31.3494,,,,,,0
2015-10-20,18.4171,33.0982,5.38,,0.0001,0.79,1.31,0
2015-10-20,18.5429,33.1861,6.01,,,,,0
2015-10-21,18.2978,33.1638,5.3,,0.0001,0.74,1.63,0
2015-10-21,18.0315,33.2243,5.99,,,,,0
2015-10-21,18.4124,33.0413,6.05,,0.03,1.15,1.32,0
2015-10-21,17.8881,33.175,5.7,,,,,0
2015-10-21,20.8527,32.4068,5.63,,0.07,1.5,2.7,0
2015-10-21,19.4779,33.014,5.72,,0.0001,0.83,0.54,0
2015-10-21,21.0211,32.2632,5.5,,,,,0
2015-10-21,21.1456,32.6919,5.7,,0.0001,1.02,0.17,0
2015-10-21,20.3889,31.9374,5.29,0.05,0.05,1.21,3.84,0
2015-10-21,21.6117,32.8502,5.55,,,,,0
2015-10-21,20.8891,31.6914,,,,,,0
2015-10-21,21.2515,31.7315,4.83,0.05,0.12,1.18,5.44,0
2015-10-21,21.4274,32.7439,5.67,,0.0001,0.97,0.05,0
2015-10-21,19.0752,32.1351,5.32,,,,,0
2015-10-22,21.5869,31.9071,4.97,0.05,0.08,0.88,5.6,0
2015-10-22,19.9324,31.5058,,,,,,0
2015-10-22,20.2126,31.5638,5.14,0.05,0.06,0.88,4.04,0
2015-10-22,20.317,32.3927,,,,,,0
2015-10-22,20.8603,31.0515,5.17,0.09,0.05,1.34,6.21,0
2015-10-22,20.2208,31.7264,,,,,,0
2015-10-23,17.7715,33.3015,5.87,0.01,0.01,1.44,1.87,0
2015-10-23,17.3378,33.3425,6.04,,,,,0
2015-10-23,17.7413,33.3231,6.04,,0.02,0.68,1.44,0
2015-10-23,18.0369,33.1796,5.97,,,,,0
2015-10-23,17.8835,33.2316,5.92,,,,,0
2015-10-23,17.8644,33.2334,5.92,,,0.75,0.87,0
2015-10-23,17.5774,33.3025,5.97,,,,,0
2015-10-23,17.5143,33.1749,5.6,,0.03,1.62,2.41,0
2015-10-23,21.1277,32.8996,5.43,,,,,0
2015-10-23,20.2079,31.4005,,,,,,0
2015-10-23,20.9033,31.4705,,,,,,0
2015-10-23,21.1312,32.4254,5.55,,0.09,1.26,1.3,0
2015-10-23,22.8042,33.2794,4.89,0.06,0.14,1.78,2.03,0
2015-10-23,20.7279,33.0243,5.89,,,,,0
2015-10-23,22.789,33.2454,,,,,,0
2015-10-23,20.9487,32.9602,5.67,,0.0001,1.3,0.2,0
2015-10-23,21.8142,32.7073,,,,,,0
2015-10-23,21.2878,32.9979,5.55,,,,,0
2015-10-23,23.3231,33.4765,4.89,0.04,0.3,0.95,1.78,0
2015-10-23,21.0593,32.8434,5.47,,0.06,1.35,0.14,0
2015-10-23,20.8804,31.4581,,,,,,0
2015-10-23,20.9787,31.2823,5.31,0.05,0.11,0.89,5.21,0
2015-10-23,20.3841,31.1226,,,,,,0
2015-10-23,20.5432,32.5166,5.54,,0.0001,0.79,0.32,0
2015-10-23,19.9121,31.4909,5.6,0.06,0.06,0.73,2.62,0
2015-10-24,19.775,31.6015,,,,,,0
2015-10-24,20.5545,32.7953,5.49,,,,,0
2015-10-24,19.6406,31.5113,,,,,,0
2015-10-24,19.7218,32.0372,,,,,,0
2015-10-24,18.8523,31.811,5.71,0.05,0.05,0.73,0.88,0
2015-10-24,20.1013,33.0444,5.67,,0.01,0.75,0.57,0
2015-10-24,19.7634,31.7177,,,,,,0
2015-10-24,20.2902,32.9421,5.7,,,,,0
2015-10-24,20.8309,31.5544,5.51,0.04,0.11,0.97,3.67,0
2015-10-24,21.3918,32.9907,5.5,,0.02,1.02,0.28,0
2015-10-24,21.0072,31.8959,,,,,,0
2015-10-24,20.9701,31.6255,5.2,0.09,0.09,1.06,3.97,0
2015-10-24,20.6766,32.4253,5.63,,,,,0
2015-10-24,21.6639,32.6466,4.91,0.07,0.11,3.15,5.66,0
2015-10-24,19.5012,32.2114,5.6,,0.12,1.98,4.55,0
2015-10-24,22.2769,32.8293,,,,,,0
2015-10-24,17.8172,33.2631,5.29,,,,,0
2015-10-24,18.2806,33.172,5.78,,,,,0
2015-10-24,23.1126,33.4609,4.86,0.06,0.1,1.02,1.93,0
2015-10-24,23.677,33.9283,,,,,,0
2015-10-24,24.1169,34.1951,5.03,0.05,0.09,0.98,0.59,0
2015-10-24,24.0343,33.9597,,,,,,0
2015-10-24,23.725,33.8953,4.69,0.06,0.05,1.43,7.76,0
2015-10-24,22.267,32.5319,,,,,,0
2015-10-25,23.3893,33.7639,4.83,0.05,0.06,1.27,0.72,0
2015-10-29,17.7886,32.7238,5.64,,,,,0
2015-10-29,18.1534,32.7228,5.63,,,,,0
2015-10-29,19.5887,32.5847,5.54,,0.09,2.33,3.28,0
2015-10-29,20.1747,32.8684,5.42,,,,,0
2015-10-29,19.6479,32.7865,5.47,,0.08,1.83,1.31,0
2015-10-29,19.931,32.8707,5.64,,,,,0
2015-10-29,22.8634,33.5251,,,,,,0
2015-10-29,19.3095,33.1594,5.65,,0.0001,0.93,0.82,0
2015-10-29,22.1985,33.3834,4.86,0.07,0.18,2.43,3.67,0
2015-10-29,19.5716,33.1118,5.73,,,,,0
2015-10-29,21.2669,31.5351,,,,,,0
2015-10-29,20.0719,33.075,5.49,,0.1,1.4,1.17,0
2015-10-29,21.3709,31.5204,4.94,0.3,0.7,6.16,12.63,0
2015-10-29,21.8765,31.532,,,,,,0
2015-10-30,21.4047,31.6871,,,,,,0
2015-10-30,20.3325,31.2262,5.06,0.31,0.42,3.32,6.64,0
2015-10-30,20.3424,31.2886,,,,,,0
2015-10-30,20.4946,31.3926,5.17,0.05,0.06,1.13,4.07,0
2015-10-30,20.5361,31.1957,,,,,,0
2015-10-30,20.6031,31.1035,5.17,0.05,0.08,0.94,6.56,0
2015-10-30,20.6631,31.2681,,,,,,0
2015-10-30,20.6556,31.3097,5.2,0.11,0.24,1.74,7.79,0
2015-10-30,20.8478,31.72300000000001,,,,,,0
2015-10-30,20.4795,31.2143,5.26,0.06,0.08,0.94,6.02,0
2015-10-30,20.2373,31.3598,,,,,,0
2015-10-30,16.4951,32.2465,4.77,0.52,0.4,7.19,10.51,0
2015-10-30,16.9718,32.2722,,,,,,0
2015-10-31,18.845,33.1388,5.8,,,,,0
2015-10-31,18.4807,33.1788,5.87,,0.0001,1.06,2.29,0
2015-10-31,19.4718,33.0768,5.68,,,,,0
2015-10-31,19.9368,33.0106,5.68,,0.06,1.6,1.34,0
2015-10-31,20.5238,33.0143,5.4,,,,,0
2015-10-31,19.6906,32.7944,5.44,,0.2,3.07,4.49,0
2015-10-31,18.3512,32.4212,5.57,,,,,0
2015-10-31,18.2052,32.4641,5.74,,,,,0
2015-10-31,16.8553,32.8595,5.53,,,,,0
2015-10-31,16.7353,32.8789,5.51,,,,,0
2015-10-31,19.2729,32.4699,5.6,,0.21,2.54,4.14,0
2015-11-01,20.7443,33.0636,5.52,,,,,0
2015-11-01,20.5396,33.1103,5.48,,0.02,1.21,0.24,0
2015-11-01,19.3015,33.0736,4.62,,,,,0
2015-11-01,20.6343,33.1864,5.42,,,,,0
2015-11-01,21.0436,33.178000000000004,5.32,,0.08,1.65,2.42,0
2015-11-01,19.3358,32.4563,5.52,,,,,0
2015-11-01,18.5316,32.5029,5.6,0.01,0.15,2.58,5.83,0
2015-11-05,22.2377,33.2051,5.42,0.22,0.07,3.2,1.68,0
2015-11-05,21.9604,33.0796,5.38,,,,,0
2015-11-05,18.9904,34.3908,5.76,0.26,0.34,2.45,2.32,0
2015-11-05,20.8727,31.8852,5.75,0.16,0.26,1.46,2.11,0
2015-11-05,21.0567,31.7197,5.75,0.17,0.36,2.18,4.13,0
2015-11-05,21.3803,31.6799,5.44,0.27,0.34,3.53,6.3,0
2015-11-05,22.1312,32.5807,5.55,0.29,0.32,4.45,7.65,0
2015-11-05,21.9326,32.4616,5.4,0.23,0.25,5.84,9.07,0
2015-11-05,22.0936,33.2541,5.42,0.25,0.09,6.08,8.38,0
2015-11-05,21.7679,33.3897,5.13,0.31,0.15,5.98,7.79,0
2015-11-06,22.0442,33.3557,5.38,0.34,0.05,4.32,6.53,0
2015-11-06,21.9723,33.1854,5.42,0.42,0.06,6.06,10.01,0
2015-11-06,21.9366,32.691,5.32,0.4,0.1,7.01,10.53,0
2015-11-06,21.5523,32.0311,5.48,0.37,0.2,5.09,7.85,0
2015-11-06,20.5432,31.4588,6.01,0.21,0.19,1.23,3.98,0
2015-11-06,20.3875,31.41800000000001,5.92,0.23,0.46,2.22,5.75,0
2015-11-06,20.6876,31.6291,6.34,0.29,0.23,1.04,2.34,0
2015-11-06,21.7985,32.859,5.75,0.19,0.26,1.29,2.6,0
2015-11-06,22.3853,33.2755,5.47,0.15,0.05,0.56,1.75,0
2015-11-06,22.4405,33.4378,5.53,0.15,0.03,0.34,1.62,0
2015-11-06,23.2057,33.9033,5.48,0.1,0.01,0.83,1.19,0
2015-11-08,21.269,31.8268,5.57,0.56,1.05,19.82,15.44,0
2015-11-08,21.106,31.63300000000001,5.56,0.33,0.12,6.63,7.4,0
2015-11-08,20.9494,31.5077,5.56,0.43,0.16,9.87,13.35,0
2015-11-08,21.0878,31.4922,5.56,0.38,0.22,7.62,12.93,0
2015-11-09,20.6019,31.3308,5.71,0.2,0.43,4.13,9.09,0
2015-11-09,21.4735,32.834,5.65,0.12,0.26,0.86,1.31,0
2015-11-09,20.834,32.2117,5.13,0.19,0.14,1.2,2.13,0
2015-11-09,21.4933,32.8029,5.67,0.16,0.1,1.19,1.36,0
2015-11-09,22.4545,33.4698,5.39,0.18,0.1,1.19,1.87,0
2015-11-09,22.7166,33.7434,5.43,0.11,0.29,3.51,3.27,0
2015-11-09,22.6743,27.6464,5.45,0.08,0.11,1.25,1.58,0
2015-12-06,12.7996,32.1142,5.47,,0.07,3.43,6.15,0
2015-12-06,12.3717,32.0722,,,,,,0
2015-12-06,13.112,32.32,5.81,,0.25,12.23,11.87,0
2015-12-06,12.7633,32.2907,,,,,,0
2015-12-06,11.9988,32.3484,5.81,,0.06,12.82,6.4,0
2015-12-06,12.0578,32.2189,,,,,,0
2015-12-06,12.3901,32.2123,5.94,,0.4,10.5,3.43,0
2015-12-06,12.2046,32.1808,5.97,,,,,0
2015-12-06,12.2616,32.1306,6.13,,,,,0
2015-12-06,12.3653,32.1499,6.0,,0.22,4.43,4.62,0
2015-12-07,12.6068,32.2228,,,,,,0
2015-12-07,12.3385,32.3533,5.67,,0.08,6.44,5.47,0
2015-12-07,12.4315,32.2747,,,,,,0
2015-12-07,12.8781,32.3738,5.44,,0.0001,15.27,10.38,0
2015-12-07,13.2716,32.2777,,,,,,0
2015-12-07,13.4637,32.2719,5.81,,0.09,9.25,4.3,0
2015-12-07,13.6488,32.2357,,,,,,0
2015-12-07,10.8567,33.3751,6.77,0.03,0.18,1.14,4.57,0
2015-12-07,13.4113,32.2318,5.8,,0.2,9.11,6.3,0
2015-12-07,11.0192,33.4645,6.78,,,,,0
2015-12-07,11.0211,33.435,6.67,0.0001,0.2,0.82,4.24,0
2015-12-07,10.3283,33.4113,6.94,,,,,0
2015-12-07,10.4311,33.4978,6.96,0.12,0.17,2.44,6.59,0
2015-12-07,11.9202,33.5725,6.61,,,,,0
2015-12-07,11.1873,33.5944,6.31,0.35,0.38,5.48,10.76,0
2015-12-08,15.4581,33.6175,5.89,0.29,0.77,4.81,7.66,0
2015-12-08,14.9559,33.1792,5.3,,,,,0
2015-12-08,15.7882,33.6304,5.76,,,,,0
2015-12-08,14.9214,33.0249,5.83,,,,,0
2015-12-08,16.6755,33.7943,5.55,0.29,0.75,4.4,7.41,0
2015-12-08,13.9144,33.5463,6.09,,,,,0
2015-12-08,10.8951,33.5962,6.23,,0.2,0.8,4.42,0
2015-12-08,12.8957,32.2587,5.81,,0.13,9.56,12.18,0
2015-12-08,13.1574,32.2467,,,,,,0
2015-12-08,11.3163,33.1494,6.26,,,,,0
2015-12-08,11.0643,33.4057,6.75,0.0001,0.25,1.04,4.67,0
2015-12-08,13.5071,32.2488,5.7,,0.35,15.05,12.04,0
2015-12-08,11.4171,33.389,6.92,,,,,0
2015-12-08,12.9349,32.2732,,,,,,0
2015-12-08,12.1686,32.2797,5.38,,0.22,13.95,8.83,0
2015-12-08,12.1503,32.2717,,,,,,0
2015-12-08,11.9917,32.2402,5.81,,0.37,6.03,5.1,0
2015-12-08,12.5333,32.1488,,,,,,0
2015-12-08,12.558,32.1649,5.71,,0.21,2.06,3.34,0
2015-12-08,12.4823,32.1658,6.03,,,,,0
2015-12-09,12.6362,32.1544,6.0,,,,,0
2015-12-09,12.6262,32.1541,6.03,,0.3,8.93,3.85,0
2015-12-09,12.1582,32.1853,,,,,,0
2015-12-09,12.3737,32.2818,5.75,,0.2,14.38,7.93,0
2015-12-09,12.2099,32.2756,,,,,,0
2015-12-09,12.2593,32.2825,5.71,,0.41,9.48,5.23,0
2015-12-09,12.9847,32.2223,,,,,,0
2015-12-09,13.0974,32.1895,5.7,,0.06,6.0,7.34,0
2015-12-09,11.3617,33.3092,6.62,,,,,0
2015-12-09,12.686,33.4382,6.33,0.19,0.53,3.4,8.3,0
2015-12-09,15.2469,33.645,5.86,,,,,0
2015-12-09,15.6454,33.6526,5.74,0.29,0.7,4.89,7.86,0
2015-12-09,12.686,32.1786,,,,,,0
2015-12-09,15.9219,33.6877,5.77,,,,,0
2015-12-09,12.8915,32.2662,5.61,,0.05,9.87,5.03,0
2015-12-09,15.5927,33.6548,5.78,0.33,0.7,5.18,8.25,0
2015-12-09,14.7341,33.6294,5.96,,,,,0
2015-12-09,14.9996,33.6066,5.92,0.34,0.73,5.15,7.77,0
2015-12-09,15.1871,33.6541,5.85,,,,,0
2015-12-09,14.7446,33.6397,5.92,0.32,0.34,5.72,8.7,0
2015-12-10,16.2251,33.7182,5.58,0.3,0.41,5.64,8.72,0
2015-12-10,15.4281,33.6332,5.7,,,,,0
2015-12-10,14.8744,33.6215,5.97,0.26,0.32,5.17,7.49,0
2015-12-10,15.4495,33.6872,5.76,,,,,0
2015-12-10,16.6489,33.7516,5.58,0.31,0.7,5.3,9.21,0
2015-12-10,16.2564,33.5942,5.65,,,,,0
2015-12-10,16.2865,33.5402,5.64,0.35,0.48,6.33,11.11,0
2015-12-10,15.9565,33.4992,5.7,,,,,0
2015-12-10,15.9802,33.6304,5.69,,,,,0
2015-12-12,12.6456,32.409,,,,,,0
2015-12-13,13.204,31.967,5.8,,0.39,9.5,3.04,0
2015-12-13,13.4312,31.955,,,,,,0
2015-12-13,13.3617,31.9332,5.93,,0.5,9.35,4.36,0
2015-12-13,13.2266,31.903,5.88,,,,,0
2015-12-13,14.2511,32.0664,5.58,,,,,0
2015-12-13,14.0796,31.9758,5.73,,0.04,4.61,4.23,0
2015-12-13,13.9741,31.9033,,,,,,0
2015-12-13,13.7354,31.9572,5.87,,0.33,11.58,5.42,0
2015-12-13,13.6101,32.3175,,,,,,0
2015-12-13,13.6243,32.5337,5.61,,0.13,3.95,7.88,0
2015-12-13,13.4764,32.5448,,,,,,0
2015-12-13,14.8679,32.6599,5.64,,0.29,9.55,6.04,0
2015-12-13,14.7939,32.6538,,,,,,0
2015-12-14,15.5458,33.5099,5.66,,,,,0
2015-12-14,15.5409,33.5228,5.71,,,,,0
2015-12-14,15.4964,33.5352,5.66,0.39,0.49,6.74,11.47,0
2015-12-14,15.4142,33.4956,5.65,,,,,0
2015-12-14,15.246,33.6519,5.9,0.36,0.36,5.65,8.38,0
2015-12-14,16.0236,33.6324,5.67,,,,,0
2015-12-14,14.2136,33.5177,6.13,0.27,0.3,4.44,7.38,0
2015-12-14,13.3305,33.5876,6.29,,,,,0
2015-12-14,14.5789,33.5524,6.0,0.3,0.3,5.19,8.1,0
2015-12-14,13.8866,33.5442,6.2,,,,,0
2015-12-15,16.459,33.7272,5.62,0.37,0.44,5.68,8.24,0
2015-12-15,16.1534,33.5751,5.58,,,,,0
2015-12-15,17.0156,33.7496,5.47,0.36,0.36,5.47,8.61,0
2015-12-15,16.003,33.5842,5.6,,,,,0
2015-12-15,16.7008,33.7768,5.42,0.42,0.36,7.16,11.18,0
2015-12-15,15.8981,33.5628,5.64,,,,,0
2015-12-15,15.6491,33.525,5.67,,,,,0
2015-12-18,15.1128,33.6247,5.66,,,,,0
2015-12-18,15.2719,33.6615,5.65,,,,,0
2015-12-18,14.8508,33.6106,5.69,0.6,0.53,8.68,14.91,0
2015-12-18,17.3312,34.024,5.33,,,,,0
2015-12-18,16.8453,33.885,5.4,0.53,0.46,8.21,12.19,0
2015-12-19,16.5831,33.6665,5.36,,,,,0
2015-12-19,17.365,34.0216,5.29,,,,,0
2015-12-19,17.3424,34.1188,5.32,0.41,0.42,6.15,9.79,0
2015-12-19,16.4504,33.8123,5.52,,,,,0
2015-12-19,16.0049,33.9172,5.38,0.58,0.31,8.85,14.78,0
2015-12-19,14.5297,33.4185,5.31,0.59,0.83,8.58,16.58,0
2015-12-19,16.2993,33.8981,,,,,,0
2015-12-19,16.5229,33.72,6.14,0.42,0.48,6.27,11.6,0
2015-12-19,17.3308,34.0283,5.17,0.38,0.57,5.77,10.44,0
2015-12-19,16.0392,33.8832,,,,,,0
2015-12-19,15.6187,33.7813,5.09,0.58,0.37,8.43,16.65,0
2015-12-19,14.7233,33.3874,,,,,,0
2015-12-19,15.1901,33.72,5.37,0.63,0.52,8.41,17.34,0
2015-12-19,14.0149,33.2789,,,,,,0
2015-12-19,14.147,33.3672,,,,,,0
2015-12-19,14.5443,33.5606,,,,,,0
2015-12-19,17.7381,34.1701,5.6,0.3,0.61,4.55,9.2,0
2015-12-19,18.4466,34.228,,,,,,0
2015-12-20,19.0282,34.3896,,,,,,0
2015-12-20,19.5465,34.5559,5.14,0.16,0.53,2.32,4.75,0
2015-12-20,16.6229,33.8185,,,,,,0
2015-12-20,17.0345,34.0493,5.4,0.34,0.46,5.53,10.37,0
2015-12-20,14.01,33.3368,,,,,,0
2015-12-20,13.8601,33.3887,5.43,0.67,0.32,9.22,18.21,0
2015-12-20,13.7728,33.3688,,,,,,0
2015-12-20,11.5445,32.7065,,,,,,0
2015-12-20,12.3535,32.9099,,,,,,0
2015-12-20,12.3446,32.8186,5.89,0.63,0.14,9.16,17.19,0
2015-12-20,14.9517,33.6698,,,,,,0
2015-12-20,15.9324,33.5357,5.14,0.5,0.37,7.87,13.87,0
2015-12-20,16.1955,33.5167,,,,,,0
2015-12-20,18.3225,34.199,5.26,0.31,0.61,4.18,8.16,0
2015-12-20,19.0528,34.3331,4.97,0.24,0.73,3.06,6.68,0
2015-12-20,19.7229,34.567,,,,,,0
2015-12-20,19.2557,34.5155,,,,,,0
2015-12-20,19.2648,34.4954,5.11,0.22,0.64,2.98,5.55,0
2015-12-20,19.1111,34.4948,5.06,0.21,0.6,3.03,5.45,0
2015-12-20,19.8362,34.3314,,,,,,0
2015-12-21,19.5498,34.4229,5.11,0.2,0.71,2.67,5.75,0
2015-12-21,19.7469,34.3863,,,,,,0
2015-12-21,19.1828,34.3196,5.23,0.21,0.69,2.97,6.39,0
2015-12-22,19.3271,34.308,,,,,,0
2015-12-22,18.0195,33.959,5.29,0.27,0.58,4.6,9.47,0
2015-12-22,18.018,33.8939,,,,,,0
2015-12-22,16.8734,33.4074,5.54,0.32,0.41,5.7,10.71,0
2015-12-22,16.8164,33.1703,,,,,,0
2015-12-23,15.0292,32.5356,,,,,,0
2015-12-23,15.2694,32.5458,5.49,0.5,0.27,9.14,15.18,0
2015-12-23,15.4865,32.6545,,,,,,0
2015-12-23,15.9806,33.0111,5.54,0.39,0.32,7.16,13.05,0
2015-12-23,15.4885,32.8876,,,,,,0
2015-12-23,16.3558,33.1759,5.34,0.35,0.33,6.49,11.8,0
2015-12-23,16.9269,33.5786,,,,,,0
2015-12-23,16.3184,33.434,5.2,0.4,0.45,6.71,11.7,0
2015-12-23,15.9735,33.155,,,,,,0
2015-12-23,16.5906,33.4228,5.29,0.4,0.47,7.18,11.48,0
2015-12-23,16.2087,33.3961,,,,,,0
2015-12-23,15.1025,33.3369,5.06,0.63,0.19,9.6,15.51,0
2015-12-23,14.6267,33.4443,,,,,,0
2016-02-02,17.2532,34.6375,5.9197,0.391,0.5073,4.8979,6.0877,0
2016-02-03,17.2398,34.6401,5.4616,1.5646,1.0121,39.1894,8.8898,0
2016-02-03,17.1224,34.6531,5.5005,0.6445,0.4846,8.8072,8.4445,0
2016-02-03,16.8802,34.6116,6.0741,0.4252,0.2242,3.966,6.8361,0
2016-02-03,16.4601,34.5226,,0.5770000000000001,0.1894,6.2374,10.2248,0
2016-02-03,15.9619,34.3425,6.1123,0.5478,0.1277,6.2195,10.1365,0
2016-02-03,15.0948,34.0608,6.4153,0.5362,0.1416,6.7425,8.5142,0
2016-02-03,13.8426,33.6153,6.7236,0.6239,0.1336,8.0742,12.707,0
2016-02-03,12.9594,33.4289,6.3022,0.6008,0.1121,7.871,12.2747,0
2016-02-03,10.8694,32.8943,6.7198,0.6966,0.0954,10.0546,14.4613,0
2016-02-03,9.9296,32.4894,6.9852,0.6567,0.0788,9.566,13.8636,0
2016-02-03,9.0168,31.874,7.1439,0.4763,0.1003,7.1999,11.8359,0
2016-02-03,9.4755,32.1439,7.2734,0.7402,0.147,11.1026,15.9042,0
2016-02-03,11.6812,33.0166,6.7921,0.6277,0.1258,9.3624,12.7461,0
2016-02-04,12.842,33.2312,6.529,0.3705,0.06,4.1849,6.2142,0
2016-02-04,13.8944,33.5194,6.2965,0.4189,0.0674,5.5316,7.4776,0
2016-02-04,15.5333,34.1359,5.9572,0.5956,0.1074,6.449,10.0788,0
2016-02-04,16.2258,34.3658,5.8737,0.5059,0.1498,6.2533,10.2731,0
2016-02-04,16.7889,34.5834,5.8019,0.5952,0.10800000000000001,4.0003,6.283,0
2016-02-04,16.8124,34.5101,5.7631,0.5746,0.2191,6.5675,9.9124,0
2016-02-04,17.0026,34.5372,5.5748,0.5718,0.2474,6.2125,11.1591,0
2016-02-04,17.5226,34.6503,5.6891,0.3752,0.4599,3.9532,6.8529,0
2016-02-04,17.6001,34.581,5.4979,0.2359,0.193,3.7652,6.7878,0
2016-02-04,16.836,34.4,5.843,0.3987,0.0866,5.2546,8.1497,0
2016-02-04,15.9556,34.094,5.9965,0.4277,0.0835,6.2595,11.5024,0
2016-02-04,14.6912,33.6753,6.2576,0.4824,0.0671,7.2254,11.1572,0
2016-02-04,14.5481,33.6236,6.2989,0.4972,0.0755,7.5079,11.6011,0
2016-02-05,13.8352,33.5437,6.3381,0.4723,0.0496,6.8481,10.6782,0
2016-02-05,12.6221,33.222,6.5336,0.4091,0.0292,6.4239,9.8559,0
2016-02-05,10.0605,32.4304,7.1395,0.4959,0.0505,8.5627,13.1517,0
2016-02-05,9.7101,32.189,7.1808,0.41100000000000003,0.0084,4.798,7.4393,0
2016-02-05,9.5663,32.0639,7.1389999999999985,0.5257,0.0565,10.0045,15.2715,0
2016-02-17,3.5,32.1728,7.7804,0.6949,0.0887,7.9712,5.0601,0
2016-02-17,3.9943,32.2818,,,,,,0
2016-02-17,4.2238,32.331,7.591,0.2986,0.1528,4.9093,4.0719,0
2016-02-17,5.0891,32.4333,,,,,,0
2016-02-19,5.2169,33.7648,7.8886,0.391,0.0242,0.3054,2.5483,0
2016-02-19,5.8036,33.8884,7.6071,,,,,0
2016-02-19,6.3315,33.9614,7.6401,0.0847,0.028999999999999998,0.3493,2.3213,0
2016-02-19,7.8679,34.0535,7.322999999999999,,,,,0
2016-02-19,8.3703,34.0508,7.1348,0.0272,0.0254,0.4223,2.0286,0
2016-02-19,8.8733,34.0892,7.0689,,,,,0
2016-02-19,6.8415,33.9758,7.5382,0.0151,0.0248,0.4056,2.5247,0
2016-02-19,5.6002,32.5145,7.3433,0.3173,0.0558,6.4233,3.6285,0
2016-02-19,5.893,32.5347,,,,,,0
2016-02-19,6.3179,32.4888,7.1102,0.3472,0.2978,8.8461,5.6605,0
2016-02-19,6.2177,32.4336,7.0228,,,,,0
2016-02-19,8.1013,34.0553,7.2397,0.1534,0.0278,0.2074,2.7157,0
2016-02-19,7.4343,34.027,7.4666,,,,,0
2016-02-20,6.8439,32.5327,6.8188,,,,,0
2016-02-20,6.0956,33.9409,7.6238,0.0134,0.0302,0.3015,4.9805,0
2016-02-20,9.7881,34.1127,6.8904,,,,,0
2016-02-20,8.5875,34.0774,7.0693,0.0121,0.0296,0.6338,1.7399,0
2016-02-20,8.859,34.0868,7.0375,,,,,0
2016-02-20,8.9224,33.7,7.1448,0.0193,0.0284,0.3261,2.0522,0
2016-02-20,8.4857,34.0703,7.1493,,,,,0
2016-02-20,7.6759,34.0556,7.4049,0.0125,0.0266,0.1208,1.5807,0
2016-02-20,6.3326,33.907,7.5492,,,,,0
2016-02-21,7.593,34.0345,7.3033,,,,,0
2016-02-21,8.3592,34.0939,7.1295,0.0187,0.0453,0.2279,2.1015,0
2016-02-21,7.7316,34.0438,7.3501,,,,,0
2016-02-21,7.7818,34.0566,7.3899,0.0126,0.028999999999999998,0.1878,1.9156,0
2016-02-22,9.8556,34.1296,6.9366,,,,,0
2016-02-22,6.6636,32.5374,7.1685,0.5604,0.14,9.1598,6.0419,0
2016-02-22,6.5753,32.5469,,,,,,0
2016-02-22,10.9066,34.1264,6.7259,0.0133,0.0278,0.4069,4.888,0
2016-02-22,6.1173,32.5445,6.7896,0.5684,0.1507,8.6271,6.5551,0
2016-02-22,6.018,32.5444,,,,,,0
2016-02-22,11.1304,34.1188,6.6676,,,,,0
2016-02-22,5.5323,32.4583,7.3725,1.0158,0.0935,5.0314,5.6872,0
2016-02-22,10.4999,34.1045,6.768,0.0011,0.0177,0.5413,4.0566,0
2016-02-22,4.9565,32.3654,,,,,,0
2016-02-22,10.8449,34.0954,6.6486,,,,,0
2016-02-22,5.8466,32.4759,7.1393,0.6969,0.0703,8.6224,5.9105,0
2016-02-22,4.6832,32.2833,,,,,,0
2016-02-22,10.9486,34.0954,6.666,0.0115,0.0142,0.4649,5.648,0
2016-02-22,4.5280000000000005,32.2779,7.2705,0.9258,0.3792,11.7452,7.8375,0
2016-02-22,7.9739,34.0535,7.3103,,,,,0
2016-02-22,4.8375,32.3089,7.1539,0.34700000000000003,0.0924,7.9066,5.745,0
2016-02-22,5.7001,32.4079,,,,,,0
2016-02-22,10.2264,34.1086,6.9495,0.0137,0.0154,0.6174,6.1032,0
2016-02-22,6.5876,32.535,7.2559,0.4219,0.0884,5.608,5.3309,0
2016-02-22,10.0091,34.1189,6.8499,,,,,0
2016-02-22,6.8782,32.5536,,,,,,0
2016-02-22,6.7306,32.5589,6.9499,0.3218,0.0601,4.6369,5.3389,0
2016-02-22,6.6757,32.5715,,,,,,0
2016-02-22,10.3735,34.1043,6.8251,,,,,0
2016-02-22,6.9076,32.5988,6.8916,0.8442,0.1041,11.860999999999999,9.6292,0
2016-02-22,10.7669,34.0933,7.3611,0.0178,0.0142,0.1991,4.274,0
2016-02-22,6.8649,32.617,,,,,,0
2016-02-22,6.9844,32.6031,6.8916,0.5004,0.0892,5.3143,5.3392,0
2016-02-22,10.8555,34.0894,6.7332,,,,,0
2016-02-22,7.0715,32.5771,6.9645,,,,,0
2016-02-22,11.1666,34.0792,6.614,0.016,0.0142,0.2486,4.7874,0
2016-02-23,7.5909,32.6659,6.7605,,,,,0
2016-02-23,11.097,34.0787,6.6576,,,,,0
2016-02-23,7.2287,32.616,6.5565,0.5433,0.0484,7.7512,5.1299,0
2016-02-23,7.3696,32.6316,,,,,,0
2016-02-23,11.3011,34.0771,6.5635,0.0149,0.0146,0.1997,4.2076,0
2016-02-23,7.3986,32.6265,6.7022,0.8032,0.0275,9.3232,5.3536,0
2016-02-23,11.1396,34.0729,6.6043,,,,,0
2016-02-23,7.3945,32.59,,,,,,0
2016-02-23,7.4137,32.5534,6.7605,0.8541,0.0459,6.8928,4.1272,0
2016-02-23,10.8104,34.0842,6.7465,0.0184,0.0165,0.2716,5.8388,0
2016-02-23,7.2253,32.5213,,,,,,0
2016-02-23,10.7948,34.1069,6.7010000000000005,,,,,0
2016-02-23,5.9648,32.4425,6.6585,0.9471,0.1009,8.2954,14.7799,0
2016-02-23,11.0161,34.1847,6.7688,0.1031,0.0177,0.1734,1.2658,0
2016-02-23,10.3143,34.1615,6.9119,0.0106,0.015,0.0325,1.9282,0
2016-02-23,10.0953,34.1484,6.9595,,,,,0
2016-02-23,5.2567,32.3322,,,,,,0
2016-02-23,7.0864,32.4823,7.0519,0.8567,0.0536,9.9383,9.6202,0
2016-02-25,6.956,32.4822,,,,,,0
2016-02-25,7.7949,32.5793,6.9499,0.9952,0.1228,10.8918,6.7454,0
2016-02-25,8.0981,32.6455,,,,,,0
2016-02-25,8.5719,32.6754,6.8479,0.4993,0.0236,6.6796,6.0859,0
2016-02-25,8.4008,32.6202,6.7168,,,,,0
2016-02-25,9.0095,32.9888,6.7314,,,,,0
2016-02-25,8.6335,32.7688,6.7459,0.5936,0.0681,4.6318,6.4596,0
2016-02-25,8.794,32.9836,,,,,,0
2016-02-25,9.9419,33.3197,6.337999999999999,0.593,0.0391,5.3837,5.7461,0
2016-02-26,7.1919,32.6089,,,,,,0
2016-02-26,8.6713,33.0716,6.5711,1.0947,0.0024,6.0151,6.2558,0
2016-02-26,8.5635,33.0548,,,,,,0
2016-02-26,12.0749,33.9344,6.0466,0.3437,0.0778,2.9439,4.8907,0
2016-02-26,12.7904,34.1563,,,,,,0
2016-02-26,10.5498,34.1595,6.807,,,,,0
2016-02-26,10.7627,34.1886,6.7361,,,,,0
2016-02-26,11.5032,34.2546,6.6789,0.0149,0.0146,0.1825,5.5255,0
2016-02-26,10.715,34.1243,6.7503,,,,,0
2016-02-26,11.8806,34.2617,6.5687,0.0137,0.0131,0.4681,7.9559,0
2016-02-26,10.6788,34.0977,6.7833,,,,,0
2016-02-26,10.8967,34.0716,6.7544,0.0191,0.0112,0.374,3.585,0
2016-02-26,10.883,34.0884,6.6979,,,,,0
2016-02-27,10.6106,34.1184,6.8763,0.1271,0.0112,0.4053,5.2213,0
2016-02-27,12.8265,34.3463,6.3635,,,,,0
2016-02-27,12.3506,34.246,6.4749,0.01,0.017,0.4464,4.0703,0
2016-02-27,11.3358,34.1709,6.6720000000000015,,,,,0
2016-02-27,11.5393,34.2484,6.6406,0.01,0.0244,0.4928,7.2198,0
2016-02-27,10.8728,34.1689,6.7263,,,,,0
2016-02-27,10.9628,34.1429,6.6487,0.01,0.0223,0.1919,7.6504,0
2016-02-27,10.6328,34.1638,6.7421,0.01,0.0196,0.3284,1.7716,0
2016-02-27,10.5922,34.1643,6.7751,,,,,0
2016-02-28,11.7813,34.1704,6.5362,,,,,0
2016-02-28,11.7617,34.1669,6.5299,,,,,0
2016-02-28,12.6797,34.3331,6.5535,0.01,0.031,0.0756,7.6288,0
2016-02-28,13.3845,34.4032,6.3055,,,,,0
2016-02-28,12.6418,34.3109,6.4358,0.3249,0.2244,4.2274,11.3856,0
2016-02-28,13.4034,34.4169,6.3281,0.01,0.0192,0.1451,5.662000000000001,0
2016-02-28,13.2419,34.3982,6.3947,,,,,0
2016-02-28,13.8042,34.453,6.3113,0.01,0.0218,0.1991,6.2518,0
2016-02-28,13.2296,34.331,6.4085,,,,,0
2016-02-28,12.103,34.1856,6.5208,0.01,0.0292,0.3795,6.407,0
2016-03-03,11.8267,34.1905,5.9429,0.4677,0.4004,8.7606,11.411,0
2016-03-03,11.8267,34.1905,5.9429,0.4677,0.4004,8.7606,11.411,0
2016-03-03,12.581,34.3415,,,,,,0
2016-03-03,12.038,34.2182,6.0286,0.41100000000000003,0.3246,6.2934,10.845999999999998,0
2016-03-03,15.1093,34.6595,5.9429,0.2072,0.2298,3.2022,5.6179999999999986,0
2016-03-03,12.1193,34.1913,,,,,,0
2016-03-03,11.5393,34.1571,6.0571,0.511,0.2844,6.1376,10.853,0
2016-03-03,10.2698,33.9669,,,,,,0
2016-03-03,10.5045,33.969,6.5714,0.3998,0.2276,4.9694,8.857000000000003,0
2016-03-03,8.9383,33.7902,,,,,,0
2016-03-03,9.9426,33.8153,,,,,,0
2016-03-03,14.7935,34.5886,,,,,,0
2016-03-03,13.9496,34.4447,5.8286,0.3461,0.2423,5.5947,9.181,0
2016-03-03,15.6497,34.6932,,,,,,0
2016-03-04,15.7789,34.7062,,,,,,0
2016-03-04,15.2673,34.6326,5.4857,0.3125,0.2429,4.5381,8.525,0
2016-03-04,15.4719,34.6675,,,,,,0
2016-03-04,14.37,34.5269,5.7714,0.3005,0.1702,4.8768,8.198,0
2016-03-04,13.5778,34.3918,,,,,,0
2016-03-04,12.1616,34.2165,6.2,0.4117,0.1615,6.4085,11.027,0
2016-03-04,10.9051,34.0021,,,,,,0
2016-03-04,10.503,33.9644,,,,,,0
2016-03-04,9.0883,33.6455,,,,,,0
2016-03-04,11.2158,34.026,6.3714,0.4558,0.2042,6.7298,12.51,0
2016-03-04,10.4933,33.6103,,,,,,0
2016-03-04,13.9004,34.4072,5.8571,0.3207,0.1431,5.2879,8.44,0
2016-03-04,15.3955,34.5973,,,,,,0
2016-03-04,15.2642,34.599000000000004,5.7429,0.2423,0.23199999999999998,3.9539999999999997,7.434,0
2016-03-07,14.9606,34.3011,5.7714,0.2796,0.3178,4.3172,7.843,0
2016-03-07,14.9606,34.3011,5.7714,0.2796,0.3178,4.3172,7.843,0
2016-03-07,15.9109,34.5669,,,,,,0
2016-03-07,16.6887,34.7033,5.3429,0.2296,0.373,3.361,6.171,0
2016-03-07,16.0717,34.1288,,,,,,0
2016-03-07,17.0996,34.7226,5.5714,0.4856,0.0838,7.2462,10.913,0
2016-03-07,17.162,34.7473,,,,,,0
2016-03-07,17.0751,34.7336,5.6,0.2012,0.3848,2.3842,4.756,0
2016-03-07,16.9743,34.6859,,,,,,0
2016-03-07,15.3181,34.341,5.7714,0.2266,0.0851,3.3139,7.178,0
2016-03-12,14.556,34.4294,,,,,,0
2016-03-12,13.8466,34.3418,5.8,0.349,0.3265,5.3365,8.326,0
2016-03-12,13.822,34.2615,,,,,,0
2016-03-12,13.384,34.1615,5.9429,0.4043,0.0707,5.8143,9.185,0
2016-03-12,12.9486,33.99,,,,,,0
2016-03-12,11.94,33.8394,,,,,,0
2016-03-12,12.318,33.9838,6.1714,0.4461,0.0751,7.4619,10.364,0
2016-03-12,12.318,33.9838,6.1714,0.4461,0.0751,7.4619,10.364,0
2016-03-12,12.4483,34.0676,,,,,,0
2016-03-12,12.4186,34.1105,6.0,0.3886,0.0823,6.3317,9.444,0
2016-03-12,12.3996,34.1218,,,,,,0
2016-03-12,12.9222,34.2753,5.8571,0.2781,0.1706,3.8424,6.591,0
2016-03-13,13.7689,34.5538,,,,,,0
2016-03-13,14.3406,34.6894,5.8,0.2244,0.354,2.18,4.995,0
2016-03-13,14.2829,34.471,,,,,,0
2016-03-13,14.1666,34.6563,5.9714,0.2453,0.1534,3.8146,6.2010000000000005,0
2016-03-13,14.1248,34.6096,,,,,,0
2016-03-13,11.0734,33.7944,6.2286,0.4976,0.1029,8.3541,12.889,0
2016-03-13,10.8759,33.7489,,,,,,0
2016-04-05,5.6549,32.1935,7.5959,0.2627,0.0358,13.3062,5.1201,0
2016-04-05,6.5803,32.2279,,,,,,0
2016-04-05,7.5003,32.4331,7.0866,0.2804,0.1708,8.3562,4.8603,0
2016-04-05,7.1477,32.282,,,,,,0
2016-04-05,7.3548,32.46,7.494,0.2355,0.1221,8.3079,4.4239,0
2016-04-05,7.7971,32.4741,,,,,,0
2016-04-05,7.8735,32.4188,7.494,0.1565,0.1433,6.1517,4.3325,0
2016-04-06,7.8868,32.3369,7.3485,,,,,0
2016-04-06,8.6189,32.4427,8.7454,,,,,0
2016-04-06,8.5087,32.4992,8.6727,0.1924,0.1031,3.2959,8.7594,0
2016-04-06,8.347000000000001,32.5122,,,,,,0
2016-04-06,7.9287,32.5442,8.1052,0.3103,0.0311,6.0519,8.101,0
2016-04-06,7.7997,32.5154,,,,,,0
2016-04-06,7.5053,32.3917,7.3921,0.3511,0.2824,5.0706,7.0457,0
2016-04-06,7.4078,32.3353,,,,,,0
2016-04-06,7.5685,32.3607,7.362999999999999,0.452,0.5218,12.2962,9.6521,0
2016-04-06,6.7972,32.3654,,,,,,0
2016-04-06,7.487,32.3267,7.9887,0.6607,0.1051,9.5329,4.0933,0
2016-04-06,7.4396,32.334,7.8432,0.4367,0.3225,7.3435,7.7791,0
2016-04-08,12.507,34.2037,7.6985,0.1135,0.0406,0.7463,1.6383,0
2016-04-08,13.0489,34.2469,7.3368,,,,,0
2016-04-08,7.485,32.3831,,,,,,0
2016-04-08,11.7912,34.1814,7.4455,0.0958,0.0346,0.2141,1.6193,0
2016-04-08,7.4252,32.5438,7.1011,0.6485,0.2888,11.9282,11.5372,0
2016-04-08,11.3747,34.1736,7.6098,,,,,0
2016-04-08,8.2469,32.5117,,,,,,0
2016-04-08,13.7617,34.3542,6.9762,0.16,0.0301,0.6501,2.5509,0
2016-04-08,8.597000000000001,32.509,7.3921,0.3793,0.2095,7.1375,9.7174,0
2016-04-08,8.695,32.5143,,,,,,0
2016-04-08,13.5975,34.3699,6.9905,,,,,0
2016-04-08,8.9428,32.5024,8.9346,0.0126,0.1284,1.5396,7.0089,0
2016-04-08,9.1427,32.5074,,,,,,0
2016-04-08,13.4382,34.3528,7.0363,0.1273,0.0469,0.4976,1.5466,0
2016-04-08,9.3206,32.5148,8.5272,0.0494,0.0005,3.5185,3.2528,0
2016-04-09,9.3112,32.4826,8.4689,,,,,0
2016-04-09,14.5478,34.4853,6.4394,0.2512,0.1401,1.9432,4.4945,0
2016-04-09,9.4386,32.5312,7.5522,,,,,0
2016-04-09,9.3295,32.5374,7.8723,0.055,0.1146,1.2594,1.4737,0
2016-04-09,14.8995,34.5453,6.4281,,,,,0
2016-04-09,9.2711,32.5231,,,,,,0
2016-04-09,9.2237,32.5029,8.1197,0.359,0.1131,1.7659,1.5307,0
2016-04-09,13.1986,34.276,7.1009,0.0951,0.0229,0.3115,1.3289,0
2016-04-09,9.0795,32.5189,,,,,,0
2016-04-09,9.0812,32.4779,7.2903,0.3505,0.132,5.831,6.3306,0
2016-04-09,10.8281,34.1048,7.5954,,,,,0
2016-04-09,8.7481,32.2488,,,,,,0
2016-04-09,9.1248,32.2306,6.941,0.3321,0.0713,10.2267,9.5977,0
2016-04-09,13.0215,34.3349,6.8853,0.2108,0.0841,1.3951,2.8094,0
2016-04-09,13.7272,34.3781,6.9951,,,,,0
2016-04-09,9.924,33.1531,,,,,,0
2016-04-09,8.1559,32.5593,7.1739,0.8831,0.4213,14.1407,13.5005,0
2016-04-09,13.8289,34.3396,6.995,0.1511,0.0283,0.7441,2.8756,0
2016-04-09,11.918,34.2086,7.7129,,,,,0
2016-04-09,11.8194,34.2194,7.688,0.109,0.0332,0.4123,1.0941,0
2016-04-09,10.4981,34.1419,7.487999999999999,,,,,0
2016-04-10,8.0134,32.5721,,,,,,0
2016-04-10,9.4904,32.6131,7.6686,0.1778,0.0763,6.6137,7.7358,0
2016-04-10,9.8269,32.6029,,,,,,0
2016-04-10,9.4299,32.5474,8.7309,0.0763,0.068,5.555,1.9711,0
2016-04-10,9.8881,32.4924,8.4835,,,,,0
2016-04-10,10.7345,32.671,8.9055,,,,,0
2016-04-10,10.2362,32.6988,8.3089,0.0697,0.0389,6.7221,11.6627,0
2016-04-10,9.5617,32.7221,,,,,,0
2016-04-10,10.7213,32.9595,7.2175,0.267,0.4048,11.2012,10.9318,0
2016-04-10,10.2357,32.7707,,,,,,0
2016-04-10,9.6756,33.0471,6.9556,0.7093,0.4238,12.4822,14.3385,0
2016-04-11,9.3515,32.7932,,,,,,0
2016-04-11,9.6058,32.95,7.3339,0.4739,0.2766,9.1704,13.479,0
2016-04-11,13.4604,33.9157,,,,,,0
2016-04-11,10.313,34.0954,7.5879,,,,,0
2016-04-11,10.3567,34.0947,7.5502,0.1402,0.0612,0.9661,2.5716,0
2016-04-11,12.6585,34.2603,7.1114,,,,,0
2016-04-11,14.2098,34.454,6.662000000000001,0.179,0.0865,1.0987,4.0166,0
2016-04-11,13.6813,34.4044,6.8115,,,,,0
2016-04-11,14.812,34.4211,6.8171,0.1843,0.0142,1.395,3.4476,0
2016-04-11,14.4688,34.4703,6.6902,,,,,0
2016-04-11,13.974,34.4411,6.8168,0.1526,0.0214,0.5615,2.1807,0
2016-04-11,13.4794,34.3575,6.8826,,,,,0
2016-04-12,12.93,34.3155,6.8907,0.1805,0.0295,1.1349,2.1838,0
2016-04-12,12.9834,34.3606,6.8441,0.161,0.042,1.0407,2.9477,0
2016-04-12,12.9386,34.3214,6.8798,,,,,0
2016-04-12,12.1699,34.1852,7.1361,0.1731,0.0615,1.6846,3.6124,0
2016-04-12,12.7228,34.2839,6.9737,,,,,0
2016-04-12,14.9826,34.5295,6.3455,0.2382,0.1066,1.6603,3.9548,0
2016-04-12,12.7042,34.371,7.3189,,,,,0
2016-04-12,12.7799,34.3111,6.6136,0.2893,0.0935,1.5976,4.9125,0
2016-04-12,12.2951,34.2519,7.017,0.2407,0.0559,1.4903,3.51,0
2016-04-12,11.5357,34.183,7.1464,,,,,0
2016-04-14,12.1128,34.1099,7.4797,,,,,0
2016-04-14,12.3924,34.1181,7.3645,,,,,0
2016-04-14,12.5997,34.0641,7.4123,0.1621,0.0984,1.088,3.334,0
2016-04-14,15.7085,34.5461,6.2043,,,,,0
2016-04-14,15.7972,34.5479,6.2204,0.2563,0.1113,1.7051,5.1811,0
2016-04-14,14.5017,34.4503,6.7222,,,,,0
2016-04-14,15.0364,34.488,6.4518,0.2561,0.11,1.6664,4.6481,0
2016-04-14,14.1953,34.3639,6.837999999999999,,,,,0
2016-04-14,11.6964,34.0921,7.2287,0.1391,0.0238,0.34299999999999997,3.8567,0
2016-04-15,14.4231,34.493,6.5462,,,,,0
2016-04-15,14.2994,34.4771,6.5433,0.2226,0.0508,1.1467,4.7666,0
2016-04-15,13.8683,34.4133,6.6675,,,,,0
2016-04-15,15.3532,34.5425,6.3139,0.2358,0.2034,1.2436,4.5272,0
2016-04-15,15.4937,34.541,6.2695,,,,,0
2016-04-15,15.6326,34.5065,6.2749,0.18100000000000002,0.0572,0.5761,3.759,0
2016-04-15,14.6738,34.3121,6.5301,0.2314,0.0666,0.8101,4.7079,0
2016-04-15,14.2567,34.2634,6.4162,,,,,0
2016-04-16,13.7657,33.9124,6.1143,0.3105,0.18,2.833,4.145,0
2016-04-16,15.338,34.4744,,,,,,0
2016-04-16,16.2701,34.5531,5.7429,0.0958,0.018000000000000002,0.34700000000000003,0.984,0
2016-04-16,15.8486,34.5155,6.3143,0.1187,0.083,0.4370000000000001,3.137,0
2016-04-16,15.1966,34.4324,,,,,,0
2016-04-16,14.4306,34.3087,6.1143,0.1402,0.068,0.59,1.887,0
2016-04-16,12.6333,33.7899,6.4,0.2335,0.09,1.058,3.876,0
2016-04-16,13.359000000000002,33.9335,,,,,,0
2016-04-16,13.525,34.104,,,,,,0
2016-04-18,13.511,34.0415,6.2764,,,,,0
2016-04-18,13.5655,34.0481,6.2954,,,,,0
2016-04-18,14.8873,34.3947,6.2785,0.2549,0.1739,1.514,5.4072,0
2016-04-18,15.7898,34.5452,6.0343,,,,,0
2016-04-18,15.32,34.4894,5.8807,0.402,0.3122,3.0431,7.9675,0
2016-04-18,14.464,34.4157,6.3869,0.2284,0.1626,1.1058,4.3378,0
2016-04-18,15.6238,34.5484,6.067,,,,,0
2016-04-18,16.198,34.5471,6.029,0.2269,0.2263,1.3781,5.4861,0
2016-04-18,14.3827,34.1746,6.4613,,,,,0
2016-04-18,13.4849,34.0474,6.2663,0.4135,0.3984,2.4275,6.7884,0
2016-04-19,13.8715,33.6397,,,,,,0
2016-04-19,13.9816,34.0013,,,,,,0
2016-04-19,15.5769,34.4658,5.4286,0.4216,0.244,6.2520000000000024,9.261,0
2016-04-19,15.5793,34.4645,,,,,,0
2016-04-19,17.2618,34.6559,,,,,,0
2016-04-19,17.3714,34.646,5.8571,0.2387,0.15,2.388,5.117,0
2016-04-19,15.8419,34.4712,,,,,,0
2016-04-19,15.7985,34.4837,5.6571,0.3046,0.166,3.113,6.376,0
2016-04-19,13.5324,33.7934,,,,,,0
2016-04-19,13.5056,33.6029,6.2857,0.2742,0.133,1.9340000000000002,4.08,0
2016-04-20,13.9759,33.4389,,,,,,0
2016-04-20,14.0506,33.5586,,,,,,0
2016-04-20,13.7063,33.4688,6.3143,0.2387,0.102,1.669,4.144,0
2016-04-20,13.7187,33.5861,,,,,,0
2016-04-20,14.3113,34.1822,6.2286,0.215,0.252,3.486,3.5580000000000003,0
2016-04-20,15.8644,34.4921,,,,,,0
2016-04-20,15.6015,34.453,5.9714,0.2809,0.18899999999999997,1.7830000000000001,5.448,0
2016-04-22,16.4274,34.4668,6.0,0.1091,0.114,0.5539999999999999,4.879,0
2016-04-22,17.1349,34.5661,,,,,,0
2016-04-22,17.3928,34.626,5.6,0.1587,0.21100000000000002,1.494,4.171,0
2016-04-22,17.7059,34.6872,,,,,,0
2016-04-22,18.3178,34.6546,5.5429,0.1017,0.133,2.123,3.382,0
2016-04-22,17.4971,34.5895,,,,,,0
2016-04-22,17.3569,34.579,5.6286,0.1246,0.11800000000000001,2.0780000000000003,5.034,0
2016-04-23,16.436,34.457,,,,,,0
2016-04-23,16.3511,34.4989,5.7143,0.1343,0.105,1.63,6.224,0
2016-04-23,15.8287,34.4182,,,,,,0
2016-04-23,15.518,34.258,6.2857,0.0639,0.047,2.717,2.343,0
2016-04-23,14.5776,33.9521,,,,,,0
2016-04-23,13.7865,33.5334,6.6286,0.0795,0.054000000000000006,0.564,,0
2016-04-23,12.3896,33.1127,,,,,,0
2016-04-23,13.0134,33.6227,,,,,,0
2016-04-23,12.3611,33.2931,8.0286,0.1942,0.128,2.727,6.061,0
2016-04-24,12.7377,33.5494,,,,,,0
2016-04-24,13.545,33.894,7.3714,0.1032,0.013999999999999999,0.39,,0
2016-04-24,12.7935,33.5068,,,,,,0
2016-04-24,13.728,33.6422,6.8286,0.1158,0.054000000000000006,1.403,3.816,0
2016-04-24,13.604,33.621,,,,,,0
2016-04-24,14.8681,34.1703,6.1714,0.158,0.07400000000000001,1.65,3.162,0
2016-04-24,15.4988,34.3058,,,,,,0
2016-04-24,13.9085,33.8491,6.5714,0.1765,0.105,2.066,1.618,0
2016-04-24,13.4838,33.902,,,,,,0
2016-04-24,13.4834,34.0445,6.1143,0.3142,0.24100000000000002,4.685,5.687,0
2016-04-24,13.6463,34.0686,,,,,,0
2016-05-23,19.7971,32.7399,5.478,0.0115,0.0683,1.1087,2.8187,0
2016-05-23,20.0838,31.8639,5.8153,0.0084,0.0474,0.7677,3.5302,0
2016-05-23,19.6508,31.886,5.8737,0.0329,0.1156,0.7758,9.2712,0
2016-05-23,17.2942,31.9586,6.2679,0.0197,0.10099999999999999,0.5515,14.9223,0
2016-05-23,18.3759,32.8852,5.8434,0.036000000000000004,0.06,0.5612,6.7337,0
2016-05-23,17.75,32.3845,5.9531,0.0329,0.0993,0.6054,11.2364,0
2016-05-23,17.0289,31.7978,5.9574,0.0235,0.1295,0.4844,9.0692,0
2016-05-24,16.8355,32.1701,6.9125,0.0115,0.0567,0.4001,5.9826,0
2016-05-24,16.243,31.7334,6.1816,0.0126,0.0848,0.335,9.0237,0
2016-05-24,15.9563,31.522,6.4103,0.0046,0.1179,1.3302,8.0029,0
2016-05-24,17.0576,34.2177,5.9035,0.0528,0.27899999999999997,3.958,8.7279,0
2016-05-24,19.6146,31.5905,5.6486,0.026000000000000002,0.0712,0.3013,7.6414,0
2016-05-24,14.5938,31.644,5.9527,0.1829,0.8593,4.4532,7.3688,0
2016-05-24,14.8031,32.0069,5.9587,0.1624,0.4614,2.3654,5.595,0
2016-05-24,16.7789,31.5587,5.9265,0.0136,0.0592,0.3936,8.2301,0
2016-05-24,16.8967,31.4982,6.0126,0.0176,0.0542,0.3792,7.6114,0
2016-05-24,16.454,32.7626,6.1262,0.0222,0.0826,0.4262,10.2543,0
2016-05-24,17.3336,31.599,6.0697,0.0111,0.0503,0.2729,8.4437,0
2016-05-25,17.1471,31.8731,6.0971,0.0107,0.0426,0.3769,7.6501,0
2016-05-25,18.3672,32.6348,5.6444,0.0209,0.0662,0.3308,5.3079,0
2016-05-25,19.544,31.5544,5.6973,0.0224,0.0608,0.4333,4.2909,0
2016-05-25,19.7872,31.4494,5.5896,0.0155,0.0505,0.3427,5.9352,0
2016-05-25,19.8025,31.7346,5.8131,0.0146,0.0948,0.3303,4.6689,0
2016-05-25,20.4406,31.921,5.7306,0.0188,0.0637,0.4556,6.9164,0
2016-05-25,19.8926,32.9873,5.9556,0.017,0.059000000000000004,0.3279,6.0135,0
2016-05-25,17.9156,31.9835,6.2404,0.0102,0.0329,0.4146,8.1102,0
2016-05-25,17.9294,31.9748,6.2668,0.0062,0.0244,0.4177,6.9125,0
2016-05-25,17.4198,31.6913,6.1824,0.0073,0.0325,0.3081,10.3529,0
2016-05-25,16.7221,31.6382,6.1552,0.0086,0.0492,0.5413,10.525,0
2016-05-26,17.0222,31.4296,6.068,0.0098,0.0522,0.344,8.6574,0
2016-05-26,17.9074,33.3032,5.7569,0.0092,0.0435,0.5662,5.7564,0
2016-05-26,17.7645,31.9078,5.9903,0.0205,0.1835,0.879,9.2026,0
2016-06-08,13.607,31.928,6.8622,0.4868,0.2558,3.883,2.1744,0
2016-06-08,13.68,31.979,,,,,,0
2016-06-08,19.225,32.175,6.8046,0.0518,0.0512,0.1398,0.4938,0
2016-06-08,19.001,32.184,,,,,,0
2016-06-08,18.286,32.188,6.3729999999999976,0.1289,0.0856,0.619,0.3395,0
2016-06-08,19.155,32.217,,,,,,0
2016-06-08,19.874,32.206,6.4306,0.0416,0.0615,0.7628,0.7766,0
2016-06-08,19.828,32.167,6.0278,,,,,0
2016-06-08,19.095,32.143,5.8839,,,,,0
2016-06-08,19.578,32.158,5.8695,0.1284,0.0365,0.848,0.7546,0
2016-06-09,19.848,32.262,,,,,,0
2016-06-09,20.172,32.255,5.7257,0.2372,0.0631,0.7093,0.4201,0
2016-06-09,19.545,32.188,,,,,,0
2016-06-09,19.403,32.219,6.4594,0.046,0.0806,0.6115,1.2435,0
2016-06-09,18.346,32.227,,,,,,0
2016-06-09,18.732,32.186,6.4162,0.0304,0.0383,0.3638,1.9345,0
2016-06-09,14.291,32.063,,,,,,0
2016-06-09,15.33,31.961,6.5601,0.17800000000000002,0.1217,2.1719999999999997,4.0154,0
2016-06-10,17.973,31.706,6.445,0.1411,0.0687,0.4705,3.2925,0
2016-06-10,17.272000000000002,31.831,,,,,,0
2016-06-10,18.634,32.16,6.8478,0.2341,0.0454,0.7962,4.2275,0
2016-06-10,21.298,32.236,,,,,,0
2016-06-10,21.496,32.234,5.6393,0.0534,0.0488,1.0793,3.6082,0
2016-06-10,21.07,32.217,,,,,,0
2016-06-10,20.985,32.269,5.6106,0.0761,0.0373,0.958,1.3352,0
2016-06-10,20.617,32.22,,,,,,0
2016-06-10,20.368,32.229,5.4523,0.2579,0.0492,0.5515,0.5884,0
2016-06-10,20.37,32.228,5.5818,,,,,0
2016-06-11,20.413,32.246,5.5099,,,,,0
2016-06-11,20.564,32.251,5.5818,0.10099999999999999,0.0357,0.4564,0.7337,0
2016-06-11,20.501,32.243,,,,,,0
2016-06-11,21.143,32.318000000000005,5.4379,0.073,0.1195,0.8474,3.8362,0
2016-06-11,20.985,32.472,,,,,,0
2016-06-11,20.266,32.492,6.3155,0.0671,0.0237,0.1964,0.7278,0
2016-06-11,17.744,32.633,,,,,,0
2016-06-11,18.445,32.779,5.5386,0.7372,0.1069,2.6802,4.2204,0
2016-06-11,16.047,33.179,,,,,,0
2016-06-11,13.384,32.821,6.2723,0.7072,0.1849,2.8653,3.5684,0
2016-06-13,14.169,32.806,,,,,,0
2016-06-13,20.423,32.322,5.6106,0.065,0.0727,1.679,1.6966,0
2016-06-13,20.518,32.234,,,,,,0
2016-06-13,20.898000000000003,32.268,5.5818,0.18100000000000002,0.0566,0.4915,0.9179,0
2016-06-13,20.705,32.283,5.5099,,,,,0
2016-06-13,20.867,32.253,5.6106,,,,,0
2016-06-13,20.798,32.206,5.6537,0.0218,0.0299,0.7715,2.1814,0
2016-06-13,20.636,32.163000000000004,,,,,,0
2016-06-13,18.494,32.659,6.3011,0.28800000000000003,0.1131,1.4663,4.9831,0
2016-06-13,16.936,32.753,,,,,,0
2016-06-13,17.750999999999994,32.952,6.2723,0.0343,0.1473,3.7416,5.5965,0
2016-06-14,19.416,32.624,,,,,,0
2016-06-14,19.322,32.691,5.9127,0.1917,0.0944,0.9278,2.5807,0
2016-06-14,18.95,32.958,,,,,,0
2016-06-17,17.9174,33.781,6.1309,0.1835,0.0024,0.5989,4.3552,0
2016-06-17,19.2068,33.8344,5.8344,,,,,0
2016-06-17,19.6669,33.0842,5.4286,0.076,0.055999999999999994,0.46399999999999997,7.77,0
2016-06-17,12.162,34.217,6.2,0.41200000000000003,0.162,6.409,11.027,0
2016-06-17,20.3821,33.4746,,,,,,0
2016-06-17,19.3402,33.7972,5.8606,0.1797,0.0019,0.1661,4.5504,0
2016-06-17,21.5159,33.246,5.2571,0.063,0.049,0.188,5.8729999999999976,0
2016-06-17,19.676,33.9478,5.8666,,,,,0
2016-06-17,19.4573,33.9634,6.0870000000000015,0.2189,0.006999999999999999,0.3772,7.4602,0
2016-06-17,22.2474,32.532,4.9714,0.021,0.076,0.247,5.275,0
2016-06-17,21.1508,33.0991,,,,,,0
2016-06-17,20.5364,33.592,5.6573,,,,,0
2016-06-17,19.9051,33.5456,5.2,0.061,0.032,0.044000000000000004,9.957,0
2016-06-17,20.1581,33.4894,,,,,,0
2016-06-17,20.3433,33.3252,5.8005,0.2258,0.0035,0.4869,9.4743,0
2016-06-17,20.9047,33.3348,5.2571,0.061,0.081,0.129,7.521,0
2016-06-17,20.2722,33.3123,,,,,,0
2016-06-17,21.094,33.2977,,,,,,0
2016-06-17,20.8092,33.0293,,,,,,0
2016-06-18,21.0996,33.0014,5.2,0.028999999999999998,0.042,0.047,5.285,0
2016-06-18,19.7584,33.8692,5.7325,0.0924,0.0071,0.4572,5.1947,0
2016-06-18,20.9878,33.1046,,,,,,0
2016-06-18,20.5337,33.9658,5.5334,,,,,0
2016-06-18,21.4117,32.9098,,,,,,0
2016-06-18,22.5056,32.486999999999995,5.0,0.031,0.024,0.053,4.69,0
2016-06-18,20.6448,33.2337,5.5044,0.1082,0.0044,0.3768,8.0849,0
2016-06-18,21.9067,32.5454,,,,,,0
2016-06-18,19.5263,33.3839,5.8107,,,,,0
2016-06-18,20.1456,33.5094,5.4,0.03,0.034,0.17600000000000002,5.119,0
2016-06-18,20.7348,33.2839,,,,,,0
2016-06-18,18.5544,34.0919,6.0247,0.1056,0.0244,0.6231,7.2903,0
2016-06-18,19.7041,33.3988,5.2571,0.039,0.023,0.132,6.852,0
2016-06-18,20.4308,33.3493,,,,,,0
2016-06-18,21.0602,33.1882,,,,,,0
2016-06-18,20.2042,33.918,5.9118,,,,,0
2016-06-18,21.4116,33.3751,,,,,,0
2016-06-18,21.2716,33.4168,5.4857,0.046,0.027000000000000003,0.068,6.0760000000000005,0
2016-06-18,19.6038,34.0163,6.1324,0.1155,0.0005,0.3643,10.297,0
2016-06-18,19.3603,33.6187,,,,,,0
2016-06-18,19.8419,33.0578,5.7714,0.006999999999999999,0.025,0.331,5.937,0
2016-06-18,20.4688,33.9162,5.7072,,,,,0
2016-06-18,21.4623,32.4939,,,,,,0
2016-06-18,20.1342,33.8996,5.7214,0.0952,0.0008,0.3608,4.8061,0
2016-06-18,19.1456,33.8449,5.914,,,,,0
2016-06-18,21.299,32.7141,5.2286,0.012,0.02,0.071,5.476,0
2016-06-20,19.3294,33.8241,5.8348,,,,,0
2016-06-20,19.4925,33.829,5.7325,0.0914,0.0099,0.6127,4.2362,0
2016-06-20,20.066,33.9078,5.6197,,,,,0
2016-06-20,19.516,33.8362,5.8525,0.0932,0.0009,0.1408,4.181,0
2016-06-20,20.2614,34.1415,5.8121,,,,,0
2016-06-20,19.6667,33.5454,5.8767,0.0936,0.0108,0.5657,7.7152,0
2016-06-20,21.7515,34.2602,5.3679,,,,,0
2016-06-20,21.4515,34.0939,5.5055,0.1037,0.0009,0.7723,5.5639,0
2016-06-20,21.8589,34.1633,5.3658,,,,,0
2016-06-20,21.2859,33.245,5.4698,0.1008,0.0006,0.8114,6.985,0
2016-06-20,21.9349,34.3121,5.3279999999999985,0.1077,0.0006,0.3364,4.404,0
2016-06-21,21.8907,34.3036,5.2648,,,,,0
2016-06-21,21.778,33.8077,5.3478,0.1033,0.0006,0.3666,5.5842,0
2016-06-21,22.0806,34.0195,5.3129,,,,,0
2016-06-21,21.4016,34.1905,5.3861,0.1083,0.0006,0.3305,4.5776,0
2016-06-21,18.9475,33.652,5.9624,,,,,0
2016-06-21,20.0031,34.0673,5.9747,0.0969,0.0006,0.3784,7.9951,0
2016-06-21,20.8089,33.9711,5.233,,,,,0
2016-06-21,20.3487,33.95,5.7839,,,,,0
2016-06-21,22.9132,32.6464,4.9143,0.046,0.213,1.439,4.9689999999999985,0
2016-06-21,22.9437,32.4104,,,,,,0
2016-06-21,24.0171,33.2492,4.9429,0.025,0.061,0.275,3.556,0
2016-06-21,23.5583,32.7203,,,,,,0
2016-06-21,24.0474,32.9062,4.8857,0.063,0.042,0.10400000000000001,3.978,0
2016-06-21,23.3813,32.5394,,,,,,0
2016-06-21,23.4939,32.5487,5.0857,0.059000000000000004,0.083,0.092,5.176,0
2016-06-21,14.37,34.527,5.771,0.301,0.17,4.877,8.198,0
2016-06-23,21.0692,33.1105,5.5299,,,,,0
2016-06-23,20.9959,33.1123,5.5182,,,,,0
2016-06-23,20.4774,33.3505,5.6191,0.1011,0.0069,0.2643,7.1229999999999976,0
2016-06-23,21.0152,33.4811,5.5769,,,,,0
2016-06-23,20.9733,33.3691,5.5608,0.1002,0.0006,0.3943,6.0681,0
2016-06-23,22.5186,34.0162,5.2558,,,,,0
2016-06-23,23.2028,34.0341,5.1913,0.0649,0.0006,0.3417,4.6648,0
2016-06-23,22.9585,33.9665,5.1737,,,,,0
2016-06-23,22.906,33.9825,5.1939,0.0814,0.0006,0.2586,3.9117,0
2016-06-24,22.5705,33.9261,5.2143,,,,,0
2016-06-24,22.112,33.4847,5.3133,0.0735,0.0006,0.3232,5.0876,0
2016-06-24,21.8421,33.2001,5.3746,,,,,0
2016-06-24,21.9407,33.1175,5.3759,0.0875,0.0006,0.5679,4.623,0
2016-06-24,21.4795,32.8856,5.4006,,,,,0
2016-06-24,21.2042,32.9617,5.4699,0.0863,0.0192,0.6209,7.1009,0
2016-06-24,21.2955,32.9371,5.4783,,,,,0
2016-06-24,21.3223,32.9251,5.4722,,,,,0
2016-06-26,22.5133,32.5356,,,,,,0
2016-06-26,21.7041,32.0007,5.4,0.05,0.053,0.736,6.642,0
2016-06-26,18.8449,33.6176,6.0293,,,,,0
2016-06-26,19.8278,33.3404,5.954,,,,,0
2016-06-26,21.6747,32.0061,,,,,,0
2016-06-26,20.1728,33.3735,5.86,0.1431,0.0074,0.3276,7.2053,0
2016-06-26,18.8915,33.4494,5.8832,,,,,0
2016-06-26,22.5357,31.9839,5.0571,0.06,0.073,1.0,5.968,0
2016-06-26,20.9825,32.9962,5.5368,0.1917,0.0006,0.4649,5.8055,0
2016-06-26,22.5358,30.9338,,,,,,0
2016-06-26,21.7105,32.9326,5.5398,,,,,0
2016-06-26,20.5239,32.9516,5.8501,,,,,0
2016-06-26,22.0522,29.8357,5.5143,0.065,0.038,0.488,12.195,0
2016-06-26,20.2795,33.199,5.5966,0.2997,0.0006,0.4041,8.9041,0
2016-06-26,18.3662,33.4401,6.169,,,,,0
2016-06-26,22.5686,29.3198,,,,,,0
2016-06-26,17.7312,33.8995,6.2195,0.305,0.0095,0.6579,10.9061,0
2016-06-27,22.3622,30.47300000000001,,,,,,0
2016-06-27,21.9369,30.3064,5.5714,0.085,0.049,0.589,9.763,0
2016-06-27,21.9152,30.5992,,,,,,0
2016-06-27,21.8367,30.5684,5.4857,0.084,0.049,0.225,9.264,0
2016-06-27,21.9406,30.342,,,,,,0
2016-06-27,22.1056,30.4966,5.2286,0.013000000000000001,0.033,0.205,10.218,0
2016-06-27,22.2651,31.365,,,,,,0
2016-06-27,22.167,32.1143,5.3429,0.038,0.040999999999999995,0.4370000000000001,6.8370000000000015,0
2016-06-27,20.5851,32.5486,,,,,,0
2016-06-27,21.663,31.8577,5.4,0.019,0.027999999999999997,0.28,6.239,0
2016-06-27,21.0606,32.0496,,,,,,0
2016-06-27,18.3689,33.0316,5.9714,0.083,0.05,0.501,7.379,0
2016-06-27,16.6254,33.3197,,,,,,0
2016-08-04,25.5604,31.2744,5.8334,0.0754,0.001,0.6669,4.1729,0
2016-08-04,25.4981,30.9651,6.1778,,,,,0
2016-08-05,26.0273,32.0087,5.337999999999999,0.0169,0.0022,0.8876,3.3561,0
2016-08-05,27.1537,31.4152,5.558,,,,,0
2016-08-05,25.5483,32.0901,5.3799,0.0139,0.001,0.3915,2.786,0
2016-08-05,26.1152,32.7361,4.9833,,,,,0
2016-08-05,26.0485,33.0996,5.2269,0.0126,0.001,0.2838,3.7555,0
2016-08-05,21.461,31.705,5.2156,0.5547,1.0857,4.4656,6.0887,0
2016-08-05,22.853,31.825,,,,,,0
2016-08-05,27.118,31.877,5.819,0.0613,0.0226,0.5632,2.3569,0
2016-08-05,26.2098,32.6595,5.5354,0.0096,0.0433,0.3134,6.2834,0
2016-08-05,28.906,32.147,,,,,,0
2016-08-05,28.193,31.789,4.9426,0.0301,0.0272,0.5245,1.1479,0
2016-08-05,28.3761,32.2803,5.048,,,,,0
2016-08-05,27.602,31.765,,,,,,0
2016-08-05,27.984,31.686,4.9569,0.2649,0.0282,0.6267,1.0248,0
2016-08-05,24.7605,32.9712,6.165,0.0074,0.0371,0.35200000000000004,5.6353,0
2016-08-05,26.851,31.65,4.8564,,,,,0
2016-08-05,27.8461,32.5354,5.0903,,,,,0
2016-08-05,28.227,31.645,4.8276,,,,,0
2016-08-05,25.4618,33.3295,5.2011,0.027000000000000003,0.0235,0.5202,3.6004,0
2016-08-05,28.632,31.802,4.8707,0.0777,0.061,1.075,1.1423,0
2016-08-06,28.115,31.813,,,,,,0
2016-08-06,26.6286,33.3629,4.9505,,,,,0
2016-08-06,28.496,31.789,4.9282,0.5892,0.0402,0.6501,1.0094,0
2016-08-06,28.3,31.753,,,,,,0
2016-08-06,28.221,31.792,4.8707,0.331,0.0338,0.5326,0.797,0
2016-08-06,26.4263,33.2337,4.7938,0.0153,0.001,0.3621,3.6674,0
2016-08-06,27.875,31.894,,,,,,0
2016-08-06,27.269,32.145,5.1868,0.0168,0.0233,0.9055,3.5191,0
2016-08-06,24.649,31.78,,,,,,0
2016-08-06,25.016,31.5843,4.8851,0.9833,0.1672,0.8594,10.7208,0
2016-08-06,24.3802,33.0332,5.3011,,,,,0
2016-08-06,24.212,32.4429,5.4983,0.0091,0.001,0.2963,2.8352,0
2016-08-06,22.8699,32.4207,6.0055,0.0043,0.001,0.3949,2.6879,0
2016-08-07,28.46,30.832,5.0288,0.27399999999999997,0.0424,0.8527,18.5236,0
2016-08-07,27.976,31.372,,,,,,0
2016-08-07,28.867,31.787,6.0920000000000005,0.4851,0.0482,0.7035,5.7618,0
2016-08-07,28.597,31.992,,,,,,0
2016-08-07,29.403,32.076,4.9857,0.0214,0.0338,0.8927,3.1571,0
2016-08-07,29.69,32.106,,,,,,0
2016-08-07,29.696,31.685,4.7702,0.4373,0.0147,0.5842,3.3716,0
2016-08-07,29.323,31.83,,,,,,0
2016-08-07,29.576,31.771,4.7989,0.1749,0.0174,0.3144,0.7567,0
2016-08-07,29.306,31.75800000000001,4.842,,,,,0
2016-08-08,29.0421,31.7626,4.7989,,,,,0
2016-08-08,29.447,31.467,4.684,0.0215,0.0416,0.7958,3.0571,0
2016-08-08,29.649,31.308000000000003,,,,,,0
2016-08-08,28.79300000000001,31.315,4.9138,0.4511,0.0209,0.4989,4.2165,0
2016-08-08,29.117,31.161,,,,,,0
2016-08-08,26.507,31.146,5.546,0.0742,0.0382,0.785,7.687,0
2016-08-08,27.177,31.182,,,,,,0
2016-08-08,25.115,31.468000000000004,5.3592,0.2826,0.1178,0.8493,7.4685,0
2016-08-08,23.3647,33.0475,5.7021,,,,,0
2016-08-08,25.6368,32.8669,5.263,0.0134,0.001,0.4819,3.0895,0
2016-08-08,25.662,32.9009,5.2973,,,,,0
2016-08-08,25.7875,32.9506,5.2327,0.0347,0.001,0.2045,3.0027,0
2016-08-08,20.106,31.861,,,,,,0
2016-08-08,26.394,32.7349,5.6469,,,,,0
2016-08-08,20.312,31.754,5.8621,0.0852,0.0359,0.6316,6.0206,0
2016-08-08,28.5453,31.519,4.8169,0.0025,0.001,0.3115,6.7346,0
2016-08-08,28.6608,31.6029,4.8193,,,,,0
2016-08-08,28.8348,31.7108,4.7217,0.0031,0.001,0.4358,6.7788,0
2016-08-08,27.5796,32.7103,4.67,,,,,0
2016-08-09,27.0315,32.1795,4.5785,0.0037,0.001,0.4355,5.7102,0
2016-08-09,27.5017,31.8964,4.5932,,,,,0
2016-08-09,26.9049,32.594,4.8119,0.0177,0.001,0.6079,3.7967,0
2016-08-09,27.762,32.5843,4.8968,,,,,0
2016-08-09,27.5614,32.8285,4.7527,,,,,0
2016-08-09,27.0763,33.4981,4.7527,0.0292,0.0711,0.1505,4.9334,0
2016-08-10,27.4553,32.2016,4.8487,,,,,0
2016-08-10,23.222,31.461,,,,,,0
2016-08-10,26.8721,32.2466,4.92,0.0327,0.001,0.3513,5.0494,0
2016-08-10,29.315,30.824,4.7845,0.1221,0.0281,0.9063,5.8071,0
2016-08-10,27.9196,32.794000000000004,4.6937,,,,,0
2016-08-10,29.437,31.089,,,,,,0
2016-08-10,29.814,30.891,4.5546,0.1045,0.0164,0.8146,4.812,0
2016-08-10,28.014,32.7372,4.6624,0.0213,0.001,0.2809,3.3792,0
2016-08-10,29.579,31.405,4.6265,,,,,0
2016-08-10,29.0423,31.4052,4.66,,,,,0
2016-08-10,27.6794,31.193,4.9038,0.0185,0.001,0.2464,8.6286,0
2016-08-10,30.3224,29.1179,4.6983,,,,,0
2016-08-10,30.1065,29.2137,4.684,0.2013,0.0322,0.4424,2.5974,0
2016-08-10,29.9753,29.0988,,,,,,0
2016-08-10,29.3887,29.3545,5.0,0.1191,0.0253,0.3657,2.4311,0
2016-08-10,24.8337,32.9949,5.7417,,,,,0
2016-08-10,29.3539,28.2135,,,,,,0
2016-08-10,29.0712,27.9126,4.9569,0.0946,0.0177,0.355,1.9469,0
2016-08-10,26.5096,32.5447,5.1385,0.0687,0.001,0.2472,3.2319,0
2016-08-11,29.6037,27.5247,,,,,,0
2016-08-11,29.6364,27.5104,4.7558,0.2964,0.0181,0.2797,1.0463,0
2016-08-11,26.1845,32.3944,5.2495,0.0163,0.001,0.541,3.2866,0
2016-08-11,26.1616,32.4692,5.3828,,,,,0
2016-08-11,29.775,27.307,,,,,,0
2016-08-12,24.8469,33.0082,5.7661,,,,,0
2016-08-12,23.1317,33.1836,6.098,,,,,0
2016-08-12,25.2421,32.6273,5.6284,0.001,0.001,0.33299999999999996,2.6916,0
2016-08-12,28.294,30.1331,4.8827,,,,,0
2016-08-12,29.0733,29.8844,4.7686,0.001,0.001,0.3102,9.6365,0
2016-08-12,29.2252,31.3774,4.6619,,,,,0
2016-08-12,29.3136,31.5358,4.7596,0.001,0.001,0.2451,7.85,0
2016-08-12,28.9472,31.8574,4.5878,,,,,0
2016-08-12,27.9372,32.0837,4.7909,0.001,0.001,0.2678,6.4728,0
2016-08-12,28.2568,32.7874,4.7193,,,,,0
2016-08-13,28.6292,32.6225,4.6981,0.0038,0.001,0.3312,5.6349,1
2016-08-13,29.2592,31.2571,4.5632,,,,,1
2016-08-13,28.751,30.3164,4.8325,0.0793,0.0106,0.4874,9.781,1
2016-08-13,30.0528,29.2143,4.8574,,,,,1
2016-08-13,29.6505,29.3289,4.6286,0.0443,0.0607,1.187,7.159,1
2016-08-13,28.9067,29.8393,5.0268,0.001,0.0009,0.1688,8.1756,1
2016-08-13,29.1634,29.5048,,,,,,1
2016-08-13,31.0565,28.924,4.7143,0.0538,0.0632,0.317,6.4670000000000005,1
2016-08-13,28.038,30.8646,5.5446,0.001,0.0071,0.4662,3.1819,1
2016-08-13,28.9259,30.7733,5.2415,,,,,1
2016-08-13,30.4591,28.5933,4.6,0.0422,0.068,0.226,5.867000000000001,1
2016-08-13,30.2159,28.7916,,,,,,1
2016-08-13,29.3784,30.1994,4.8571,0.0371,0.0737,0.13699999999999998,4.854,1
2016-08-13,28.8948,31.3049,,,,,,1
2016-08-13,29.0278,30.9124,5.3143,0.1553,0.0263,0.201,6.272,1
2016-08-13,27.5884,31.8226,,,,,,1
2016-08-13,27.4524,31.7155,,,,,,1
2016-08-13,29.5807,29.7019,,,,,,1
2016-08-13,29.5054,29.1245,4.7143,0.0842,0.0505,0.239,6.314,1
2016-08-14,31.1706,29.9657,,,,,,1
2016-08-14,31.3164,28.0361,4.6857,0.0523,0.0642,0.387,8.309,1
2016-08-14,29.8747,28.226,,,,,,1
2016-08-14,26.9906,30.2839,5.1143,0.0378,0.0438,0.135,6.881,1
2016-08-14,27.8452,30.574,,,,,,1
2016-08-14,27.2061,31.1805,5.0,0.0429,0.0142,0.0171,7.185,1
2016-08-14,27.2735,31.0431,,,,,,1
2016-08-14,27.2783,31.7108,,,,,,1
2016-08-14,27.3876,30.7756,,,,,,1
2016-08-14,27.6802,30.3669,5.2,0.0436,0.0228,0.1745,6.676,1
2016-08-14,25.9512,30.6885,,,,,,1
2016-08-14,29.5062,27.5295,5.4571,0.0501,0.0995,0.56,6.727,1
2016-08-14,30.2132,27.2481,,,,,,1
2016-08-14,30.3498,27.4276,5.0286,0.0422,0.0556,0.243,4.417,1
2016-08-14,30.955,28.3584,,,,,,1
2016-08-15,28.0048,30.5951,5.3209,,,,,1
2016-08-15,28.4253,30.3745,5.4336,,,,,1
2016-08-15,29.6697,29.3764,4.7753,0.001,0.0165,0.4867,7.9868,1
2016-08-15,30.3294,29.0505,4.7296,,,,,1
2016-08-15,29.9287,30.7615,4.5876,0.0013,0.0161,0.425,9.1656,1
2016-08-16,30.1006,31.2129,4.5472,0.001,0.0188,0.52,8.9575,1
2016-08-16,30.8658,28.3885,4.6843,,,,,1
2016-08-16,30.7819,28.7968,4.5808,0.0004,0.0249,0.5851,9.8002,1
2016-08-16,29.725,28.7393,4.705,,,,,1
2016-08-16,23.368,32.1747,5.1169,0.042,0.0777,1.5822,5.266,1
2016-08-17,30.371,24.7795,,,,,,1
2016-08-17,30.8136,23.8434,4.7143,0.0603,0.0909,0.46,5.315,1
2016-08-17,30.8957,23.5676,,,,,,1
2016-08-17,30.8705,23.5041,4.7429,0.0501,0.0712,0.457,9.758,1
2016-08-17,30.9147,24.1379,,,,,,1
2016-08-17,30.755,23.3834,4.4857,0.0567,0.0575,0.139,5.575,1
2016-08-17,30.5371,22.5663,,,,,,1
2016-08-17,30.7398,21.9692,5.5714,0.0465,0.0355,0.37,2.908,1
2016-08-17,30.5327,23.6894,,,,,,1
2016-08-17,30.9342,24.4087,,,,,,1
2016-08-17,30.8661,24.8949,4.9429,0.077,0.0756,0.447,7.37,1
2016-08-17,30.9527,25.3919,,,,,,1
2016-08-17,30.6356,25.6981,4.8,0.0944,0.0836,0.11,3.876,1
2016-08-17,30.8358,26.6486,,,,,,1
2016-08-17,29.8988,27.426,4.6857,0.0821,0.0384,0.18899999999999997,6.674,1
2016-08-23,30.3088,32.4051,4.3753,0.0256,0.0192,0.3392,2.022,1
2016-08-23,30.4816,30.6166,4.4598,0.0634,0.0048,0.3079,1.3088,1
2016-08-23,30.9315,28.8194,4.347,0.0293,0.0081,0.4277,2.2444,1
2016-08-23,31.1118,28.6534,4.516,0.0622,0.0039,0.5486,3.6258,1
2016-08-23,30.6789,27.3681,4.7127,0.0503,0.0048,0.5255,4.1616,1
2016-08-23,31.3027,27.3984,4.7976,0.0512,0.0087,0.4954,3.4827,1
2016-08-23,31.2685,26.7419,4.8833,0.0021,0.0023,0.8711,8.5417,1
2016-08-23,30.7111,26.2494,4.7138,0.0597,0.0035,0.5453,11.4552,1
2016-08-24,30.2317,26.4261,4.9414,0.0443,0.0327,0.4265,12.2507,1
2016-08-24,30.6816,27.4515,4.7436,0.001,0.0387,0.6854,9.4802,1
2016-08-24,30.3614,28.7346,4.9392,0.0391,0.0161,0.5137,5.8623,1
2016-08-25,29.3934,29.9223,,,,,,1
2016-08-25,30.3202,30.076,4.3714,0.061,0.1071,0.294,2.271,1
2016-08-25,30.0881,32.4288,,,,,,1
2016-08-25,30.0856,32.5665,4.5714,0.0501,0.0766,0.004,1.727,1
2016-08-25,30.6008,32.4655,,,,,,1
2016-08-25,30.5266,32.2671,4.5143,0.0668,0.1271,0.11699999999999999,2.76,1
2016-08-25,30.2101,32.7546,,,,,,1
2016-08-25,30.0708,32.3001,4.4571,0.0908,0.067,0.078,10.931,1
2016-08-26,29.7056,26.7398,4.8857,0.048,0.0429,0.184,3.611,1
2016-08-26,27.2854,28.4597,,,,,,1
2016-08-26,24.8807,29.1869,5.2286,0.0726,0.0845,0.305,6.331,1
2016-08-26,25.5036,29.5987,,,,,,1
2016-09-05,27.0205,29.6166,4.459,0.0056,0.034,9.4267,5.5586,0
2016-09-05,26.5936,28.7121,4.4595,0.0509,0.0524,10.3851,5.297999999999999,0
2016-09-05,26.7054,28.2403,4.4872,0.0611,0.0271,0.3921,2.7676,0
2016-09-05,26.6869,28.1511,4.4596,0.0539,0.0161,9.621,4.3948,0
2016-09-05,26.8374,28.3956,4.5449,0.0566,0.0209,0.7384,4.7896,0
2016-09-05,26.5623,28.7284,4.7429,0.052000000000000005,0.0194,9.6847,4.9405,0
2016-09-05,26.5276,28.5182,4.7707,0.0468,0.0031,1.7461,5.1462,0
2016-09-05,26.809,28.8194,4.6306,0.0484,0.0016,5.3128,5.3020000000000005,0
2016-09-05,27.3017,30.3521,4.5997,0.0749,0.0428,0.2665,4.6691,0
2016-09-05,27.2486,31.1638,4.5162,0.0651,0.028999999999999998,2.9139,5.7859,0
2016-09-05,28.5988,33.9857,4.4885,0.046,0.0076,0.8373,2.4315,0
2016-09-06,26.4183,30.3189,4.7412,0.0511,0.0122,0.5882,5.0845,0
2016-09-06,26.446,30.2573,4.7159,0.0692,0.0047,0.62,4.191,0
2016-09-06,26.1075,28.9107,4.5741,0.0112,0.006999999999999999,2.804,6.1376,0
2016-09-06,26.0735,28.6068,4.4623,0.0289,0.0068,0.2419,2.2415,0
2016-09-06,26.6465,28.4028,4.5181,0.005,0.0151,3.8322,6.0387,0
2016-09-06,26.039,28.7337,4.7708,0.0031,0.0058,0.4038,6.6039,0
2016-09-06,26.0381,28.3976,4.6872,0.0021,0.0296,0.6618,8.8826,0
2016-09-06,25.9435,29.0582,4.8558,0.0148,0.0426,0.2746,4.5986,0
2016-09-06,26.3202,29.2511,5.083,0.0119,0.0447,1.8515,2.7117,0
2016-09-06,26.2356,29.6945,4.713,0.0913,0.1128,7.9675,4.3997,0
2016-10-07,21.489,32.061,4.8221,0.0916,0.3566,1.1379,1.9109,0
2016-10-07,20.778,32.117,,,,,,0
2016-10-07,20.7769,31.9354,5.263,0.1116,0.0404,0.474,2.0632,0
2016-10-07,21.0095,31.9476,,,,,,0
2016-10-07,21.185,31.971,5.235,0.0725,0.1778,0.9993,3.4571,0
2016-10-07,21.0233,31.4408,,,,,,0
2016-10-07,20.9112,31.5624,5.4053,0.0252,0.0339,0.4164,2.1954,0
2016-10-07,20.6513,31.4178,5.4337,,,,,0
2016-10-07,20.4737,31.2959,5.2346,,,,,0
2016-10-07,20.6556,31.0504,5.4622,0.043,0.175,1.0464,4.6149,0
2016-10-07,20.7941,31.0509,,,,,,0
2016-10-07,20.331,31.1428,5.263,0.0715,0.0343,0.3585,2.5747,0
2016-10-08,20.1178,31.2852,,,,,,0
2016-10-08,20.8276,31.4108,5.2773,0.0381,0.031,0.4365,1.7158,0
2016-10-08,20.8209,31.4753,,,,,,0
2016-10-08,21.2309,31.613000000000003,5.1635,0.0089,0.0523,0.5263,2.1143,0
2016-10-08,20.2965,32.0323,,,,,,0
2016-10-08,20.9417,32.0852,4.908,0.0624,0.23800000000000002,0.8432,2.3347,0
2016-10-08,21.7478,32.05,4.9222,0.1018,0.1979,0.6584,3.0702,0
2016-10-10,18.7934,32.3775,5.23,,,,,0
2016-10-10,19.1029,32.8567,5.4897,,,,,0
2016-10-10,19.253,32.0172,,,,,,0
2016-10-10,18.7837,32.7451,5.5464,,,,,0
2016-10-10,18.7857,31.7239,5.6193,0.1304,0.1184,0.9251,1.9745,0
2016-10-10,18.7063,32.7013,5.6819,,,,,0
2016-10-10,18.9006,31.6954,,,,,,0
2016-10-10,19.2015,31.7724,5.3632,0.3811,0.0399,0.4019,1.3696,0
2016-10-10,19.6621,33.0761,5.4251,,,,,0
2016-10-10,19.9397,31.1157,,,,,,0
2016-10-10,20.3747,30.9049,5.3632,0.1212,0.0408,1.0416,5.8446,0
2016-10-10,19.6491,33.0388,5.4066,,,,,0
2016-10-10,19.6289,31.1498,,,,,,0
2016-10-10,19.8859,30.9871,5.2921,0.0647,0.0199,0.6454,4.1435,0
2016-10-10,20.5844,32.7112,5.5171,,,,,0
2016-10-10,19.3355,31.365,5.349,,,,,0
2016-10-11,20.6287,31.4338,5.1782,,,,,0
2016-10-11,20.64,31.2983,5.2067,0.6768,0.0519,0.528,2.4502,0
2016-10-11,22.1533,32.365,5.1424,,,,,0
2016-10-11,20.5966,31.3197,,,,,,0
2016-10-11,19.5635,31.1059,5.2351,0.0731,0.0223,0.7606,1.9865,0
2016-10-11,22.2833,32.3704,5.0763,,,,,0
2016-10-11,19.6974,31.0409,,,,,,0
2016-10-11,19.2872,31.3478,5.0787,0.2664,0.2104,3.7089,7.9265,0
2016-10-11,19.3609,31.2388,,,,,,0
2016-10-11,22.7724,32.7569,5.0398,,,,,0
2016-10-11,19.0487,31.6985,4.8226,0.2005,0.4158,2.9098,4.3733,0
2016-10-11,22.708,32.7551,5.0551,,,,,0
2016-10-11,19.8536,31.2275,,,,,,0
2016-10-11,22.6066,32.6715,5.1912,,,,,0
2016-10-11,19.0646,31.4389,4.9791,0.3011,0.146,2.1209,2.979,0
2016-10-11,22.49,32.4895,5.3777,,,,,0
2016-10-11,22.2964,32.3673,5.1196,,,,,0
2016-10-11,21.7952,32.2096,5.6436,,,,,0
2016-10-11,19.6288,32.6433,5.7247,,,,,0
2016-10-11,18.2704,32.1331,5.814,,,,,0
2016-10-13,20.7228,32.3338,5.4547,,,,,0
2016-10-13,21.3246,32.4912,5.3212,,,,,0
2016-10-13,21.3766,32.7698,5.1643,,,,,0
2016-10-13,20.7984,32.5569,5.186,,,,,0
2016-10-13,20.092,30.8063,,,,,,0
2016-10-13,19.9035,31.1679,5.164,0.0689,0.2358,2.6778,5.5521,0
2016-10-13,21.4145,32.2898,5.2711,,,,,0
2016-10-13,20.2405,30.7041,,,,,,0
2016-10-13,20.3285,30.6496,5.349,0.0967,0.0324,0.8933,4.2111,0
2016-10-13,21.7476,32.3516,5.1301,,,,,0
2016-10-13,20.7373,30.4646,5.3205,,,,,0
2016-10-13,22.5988,32.9272,5.1421,,,,,0
2016-10-13,20.8178,30.4727,5.3205,,,,,0
2016-10-13,20.4581,30.9659,5.3205,0.0672,0.1024,1.6017,5.0404,0
2016-10-13,20.8862,31.9593,,,,,,0
2016-10-13,22.2479,32.6309,5.0355,,,,,0
2016-10-13,20.5745,31.3326,5.3347,0.0317,0.1249,1.6334,4.0706,0
2016-10-13,22.5051,32.8078,4.9829,,,,,0
2016-10-13,19.8243,31.5629,,,,,,0
2016-10-13,22.0197,32.5894,4.9743,,,,,0
2016-10-13,20.8966,31.9815,4.9649,0.5,0.3517,2.7312,4.7839,0
2016-10-14,20.9759,31.7126,,,,,,0
2016-10-14,21.8729,32.5105,5.0502,0.0315,0.0738,1.2401,2.005,0
2016-10-14,20.3777,31.5643,,,,,,0
2016-10-14,21.3237,32.1313,5.0702,,,,,0
2016-10-14,21.3519,32.2805,5.0692,,,,,0
2016-10-14,21.4585,32.4395,5.05,,,,,0
2016-10-14,22.2189,32.5856,5.0404,,,,,0
2016-10-14,22.2003,32.5966,5.1458,,,,,0
2016-10-14,21.7235,32.3525,5.0784,,,,,0
2016-10-14,21.8231,32.3442,5.461,,,,,0
2016-10-14,21.4033,32.1812,5.7158,,,,,0
2016-10-14,21.3129,32.2527,5.9428,,,,,0
2016-10-16,21.3258,31.3783,4.9714,0.1286,0.69,3.167,4.9352,0
2016-10-16,21.5076,32.0185,,,,,,0
2016-10-16,21.1534,31.866,5.6739,,,,,0
2016-10-16,21.1704,31.9664,5.7138,,,,,0
2016-10-16,21.7683,32.4687,5.9143,0.0895,0.1432,1.0728,2.4083,0
2016-10-16,21.166,32.0073,5.4988,,,,,0
2016-10-16,21.885,32.4733,5.5378,,,,,0
2016-10-16,21.7079,32.7428,5.2894,,,,,0
2016-10-16,21.363000000000003,32.0616,5.1429,0.1178,0.6537,1.7543,6.4222,0
2016-10-16,21.3425,32.315,5.1176,,,,,0
2016-10-16,21.6621,32.15,,,,,,0
2016-10-16,21.2336,32.1293,5.0855,,,,,0
2016-10-16,21.3476,32.238,5.0798,,,,,0
2016-10-17,20.9186,32.3969,5.146,,,,,0
2016-10-17,21.4294,32.4382,5.0342,,,,,0
2016-10-17,21.2018,32.1858,5.1129,,,,,0
2016-10-17,22.2918,32.8022,5.1195,,,,,0
2016-10-17,21.4404,32.1444,5.4642,,,,,0
2016-10-17,21.1143,31.4674,5.6453,,,,,0
2016-10-17,21.0651,31.8701,5.461,,,,,0
2016-10-17,20.8951,31.7341,5.6551,,,,,0
2016-10-18,21.4227,31.9267,5.0857,0.2067,0.544,2.2569999999999997,4.9352,0
2016-10-18,21.1513,31.9525,,,,,,0
2016-10-18,21.693,31.9535,5.0571,0.1691,0.718,1.359,5.7969,0
2016-10-18,21.7866,31.5283,,,,,,0
2016-10-18,21.9025,31.8106,,,,,,0
2016-10-18,22.337,32.5913,,,,,,0
2016-10-18,22.0395,32.2837,5.2286,0.1272,0.5407,1.5593,5.7213,0
2016-10-18,22.3488,32.8423,,,,,,0
2016-10-18,20.2343,31.9828,5.8928,,,,,0
2016-10-18,23.3704,33.4518,,,,,,0
2016-10-18,19.9238,32.0709,5.9262,,,,,0
2016-10-18,22.5965,33.04,5.4292,,,,,0
2016-10-18,22.176,32.7297,5.5143,0.0404,0.1042,0.7618,2.1166,0
2016-10-18,22.4904,32.9048,5.4424,,,,,0
2016-10-18,21.3886,32.0922,,,,,,0
2016-10-18,21.49,32.462,5.1613,,,,,0
2016-10-18,21.1598,31.7745,5.8286,0.068,0.0489,0.3051,0.9402,0
2016-10-18,21.7751,32.7164,,,,,,0
2016-10-18,21.6374,32.4539,5.124,,,,,0
2016-10-19,21.4827,31.7231,5.1429,0.1643,0.7637,1.5383,6.93,0
2016-10-19,21.7034,31.3507,,,,,,0
2016-10-19,21.4657,30.8548,,,,,,0
2016-10-19,21.8177,31.4003,,,,,,0
2016-10-19,21.6646,31.5835,5.2857,0.1784,0.8290000000000001,1.0090000000000001,6.5424,0
2016-10-19,22.6452,33.2896,5.0658,,,,,0
2016-10-19,21.2723,31.4707,,,,,,0
2016-10-19,22.6897,33.3378,5.0551,,,,,0
2016-10-19,21.3224,31.8359,5.2286,0.0532,0.1808,1.7762,8.1415,0
2016-10-19,22.4096,32.85,5.3445,,,,,0
2016-10-19,20.8374,31.4193,5.3925,,,,,0
2016-10-19,23.3249,33.767,,,,,,0
2016-10-19,23.1267,33.7988,4.6857,0.1616,0.2561,2.4489,5.6943,0
2016-10-19,24.8049,34.1546,4.7714,0.0475,0.1802,1.3428,16.2517,0
2016-10-19,24.8424,34.1567,,,,,,0
2016-10-19,24.8043,34.2143,4.9714,0.0791,0.1757,0.7013,3.374,0
2016-10-19,22.8739,33.3095,,,,,,0
2016-10-20,25.5273,34.3962,4.7429,0.0887,0.1087,0.2963,2.3894,0
2016-10-20,25.4513,34.3513,,,,,,0
2016-10-20,22.0597,32.5487,5.0,0.1244,0.1991,2.5489,7.6512,0
2016-10-20,21.7044,31.6621,,,,,,0
2016-10-20,21.7227,31.9095,5.1143,0.1423,0.1914,2.3426,8.5494,0
2016-10-26,24.1669,34.1631,,,,,,0
2016-10-26,23.1702,33.445,5.3143,0.2054,0.4101,2.3789,5.2904,0
2016-10-26,21.7253,32.3789,,,,,,0
2016-10-26,20.599,30.9606,5.4571,0.0475,0.066,0.35700000000000004,4.7961,0
2016-10-26,20.397,31.0358,,,,,,0
2016-10-26,20.306,31.2149,5.6571,0.0458,0.0965,0.5965,8.8289,0
2016-10-26,20.4495,31.1263,,,,,,0
2016-10-26,20.4091,30.9727,5.6,0.0424,0.028999999999999998,0.239,5.0662,0
2016-10-26,20.941,32.0623,,,,,,0
2016-10-27,22.0219,32.9674,5.3714,0.1407,0.3535,2.4165,6.9003,0
2016-10-27,21.5537,32.8198,,,,,,0
2016-10-27,19.8365,32.336,5.4857,0.1313,0.5057,2.7883,5.4187,0
2016-10-27,19.6775,32.0838,,,,,,0
2016-11-03,20.8361,31.6004,4.8848,0.2623,0.0668,6.2786,0.0511,0
2016-11-04,21.0601,31.7842,4.8843,0.282,0.1359,6.5991,0.1101,0
2016-11-04,20.6421,31.6492,4.9115,0.2563,0.5919,4.8149,0.4573,0
2016-11-04,20.6402,32.4843,4.8257,0.305,0.423,7.4081,0.3614,0
2016-11-04,22.431,33.8661,4.7437,0.3748,0.1741,4.6411,9.5967,0
2016-11-04,22.9906,34.2136,4.6011,0.1184,0.4566,0.6994,2.7654,0
2016-11-04,23.3158,34.2081,4.518,0.1073,0.165,1.1474,3.528,0
2016-11-04,22.9855,34.1251,4.7449,0.1242,0.3691,1.0501,4.4859,0
2016-11-04,23.9903,34.1641,4.5455,0.0536,0.0162,0.4152,2.8034,0
2016-11-04,25.1388,34.3833,4.6314,0.0239,0.0254,0.2736,2.0896,0
2016-11-04,24.1584,34.2287,4.7114,,,,,0
2016-11-04,24.1107,34.2575,4.5996,,,,,0
2016-11-04,23.8737,34.1591,4.6603,,,,,0
2016-11-04,20.7417,33.0598,4.2332,,,,,0
2016-11-05,19.5201,32.232,2.3997,,,,,0
2016-11-05,19.1168,31.5086,4.913,,,,,0
2016-11-05,20.0773,31.5311,4.996,,,,,0
2016-11-05,19.3468,31.2728,4.8838,,,,,0
2016-11-05,20.167,31.1604,4.8841,,,,,0
2016-11-05,20.5909,30.9828,4.4877,,,,,0
2016-11-05,20.7956,30.9882,3.6125,,,,,0
2016-11-05,20.9313,31.2325,3.9246,0.3846,0.0453,9.0415,13.8913,0
2016-11-05,20.7424,31.2428,4.6857,0.4258,0.0812,9.7159,13.6364,0
2016-11-05,19.7574,31.3404,4.9102,0.36200000000000004,0.2006,7.6364,9.794,0
2016-11-05,18.6626,31.1287,4.9675,0.0264,0.0108,0.9874,5.2671,0
2016-11-05,18.7251,31.1279,5.0786,0.0139,0.0505,0.9283,5.5473,0
2016-11-06,20.1175,32.9396,4.2911,0.1226,0.261,2.5948,7.5051,0
2016-11-06,19.3462,32.5552,3.0792,0.2369,0.5018,4.3555,9.0499,0
2016-11-06,19.4658,32.5149,2.7658,0.0791,0.1797,2.0674,5.352,0
2016-11-06,23.8084,34.1769,4.6569,0.0743,0.0619,0.5502,2.9314,0
2016-11-06,23.6399,34.3089,4.5984,0.0697,0.0455,0.9102,2.613,0
2016-11-06,23.5156,34.2541,4.7436,0.1021,0.1741,0.7891,3.2253,0
2016-12-02,12.4546,32.1153,6.1061,0.8423,0.0404,10.5541,15.5613,0
2016-12-02,12.0792,32.0082,,,,,,0
2016-12-02,12.3335,32.2059,6.0916,0.914,0.18899999999999997,10.1036,14.2919,0
2016-12-02,11.9985,32.3059,,,,,,0
2016-12-02,11.5141,32.1383,6.3824,0.4103,0.0955,3.7832,7.5166,0
2016-12-02,11.8495,31.9945,,,,,,0
2016-12-02,11.2745,32.0761,6.2225,0.2422,0.0774,2.0388,5.6223,0
2016-12-02,11.6424,32.0061,6.2661,,,,,0
2016-12-02,12.2809,31.8449,6.2079,,,,,0
2016-12-02,12.642,31.9431,6.1352,0.3095,0.3142,4.7987,10.102,0
2016-12-03,12.5911,31.9386,,,,,,0
2016-12-03,12.7205,31.9856,6.047999999999999,0.4977,0.2358,4.7521,9.0434,0
2016-12-03,12.3188,32.0487,,,,,,0
2016-12-03,12.2835,32.0464,6.047999999999999,0.3373,0.1333,3.2913,6.5358,0
2016-12-03,12.3296,32.1582,,,,,,0
2016-12-03,12.8519,32.2147,5.8881,0.6424,0.3345,8.1496,11.9461,0
2016-12-03,12.8409,32.2373,,,,,,0
2016-12-03,11.9514,32.2715,6.3678,0.5753,0.1827,6.1829,9.5521,0
2016-12-03,12.3142,32.2722,6.1788,0.5563,0.1255,5.7823,8.6669,0
2016-12-03,12.8725,32.1887,,,,,,0
2016-12-03,12.7954,32.1795,5.7281,0.7173,0.18100000000000002,6.2258,9.4504,0
2016-12-03,12.2286,32.2402,,,,,,0
2016-12-03,12.3911,32.1079,5.9462,0.4919,0.1688,5.6743,9.6762,0
2016-12-03,12.2909,32.1232,,,,,,0
2016-12-03,12.6206,32.0088,6.0189,0.633,0.2412,4.9415,8.7164,0
2016-12-03,12.798,31.9566,,,,,,0
2016-12-03,12.7653,31.9877,6.0771,0.2261,0.18,3.1472,5.9496,0
2016-12-03,12.4373,31.8877,6.2951,,,,,0
2016-12-04,12.851,32.085,6.0625,,,,,0
2016-12-04,12.838,31.997,6.0771,0.3429,0.16699999999999998,3.161,5.8169,0
2016-12-04,12.503,32.1,,,,,,0
2016-12-04,12.831,32.042,5.9462,0.3977,0.2154,4.6611,7.7908,0
2016-12-04,12.554,32.073,,,,,,0
2016-12-04,12.666,32.052,6.0771,0.4213,0.1665,3.8391,6.8134,0
2016-12-04,12.432,32.164,,,,,,0
2016-12-04,12.965,32.137,6.1061,0.6031,0.1628,6.8007,10.9704,0
2016-12-04,12.151,32.055,,,,,,0
2016-12-04,12.275,32.277,5.8735,0.7070000000000001,0.0348,8.3815,11.873,0
2016-12-07,12.6267,33.6014,5.7001,0.2978,0.2307,3.8147,7.955,0
2016-12-07,14.6808,33.8409,5.3028,,,,,0
2016-12-07,15.7496,33.9943,5.1366,0.3822,0.5184,5.1362,9.2101,0
2016-12-07,15.6192,33.9416,5.0729,,,,,0
2016-12-07,16.5395,34.117,5.0853,0.3624,0.5264,4.7822,8.6483,0
2016-12-08,17.9268,34.151,4.7993,,,,,0
2016-12-08,17.2198,33.7866,4.8551,0.2747,0.7306,4.3996,6.0191,0
2016-12-08,11.5889,32.423,,,,,,0
2016-12-08,12.7477,32.1247,6.0771,0.2187,0.156,3.6638,6.5419,0
2016-12-08,12.9384,32.3395,,,,,,0
2016-12-08,16.1753,33.5615,5.1213,0.1098,0.71,3.8589,4.4494,0
2016-12-08,13.0059,32.4225,5.9171,0.4334,0.171,6.8691,11.0825,0
2016-12-08,16.5559,33.6563,5.0146,,,,,0
2016-12-08,12.6958,32.0747,6.1934,,,,,0
2016-12-08,16.4752,33.6347,5.0884,0.2309,0.5986,4.6725,5.3518,0
2016-12-08,13.344,31.818,6.1788,,,,,0
2016-12-08,16.7681,33.7112,5.0478,,,,,0
2016-12-08,13.357,32.179,6.0044,0.1784,0.1231,3.1855,7.3137,0
2016-12-08,13.195,32.469,,,,,,0
2016-12-08,13.219,32.43,6.1207,0.3744,0.0939,4.5732,8.9189,0
2016-12-08,17.631,33.9661,4.7557,0.2733,0.7739,5.2181,5.8934,0
2016-12-08,12.716,32.508,,,,,,0
2016-12-08,18.0793,34.0853,4.783,,,,,0
2016-12-08,12.742,32.467,5.859,0.7056,0.0479,8.1773,11.2561,0
2016-12-08,12.541,32.393,,,,,,0
2016-12-08,17.0966,34.0586,4.9379,0.2818,0.5131,4.7486,6.9693,0
2016-12-08,12.527,32.437,5.8154,0.7461,0.0332,11.2197,15.5475,0
2016-12-08,12.878,32.621,,,,,,0
2016-12-08,15.7511,34.0892,5.0064,,,,,0
2016-12-08,15.2286,34.0083,5.1283,0.3491,0.4389,5.005,9.6995,0
2016-12-09,13.3916,33.7218,5.5363,,,,,0
2016-12-11,15.9825,34.1757,5.0264,,,,,0
2016-12-11,16.5306,34.2057,4.9376,0.4302,0.366,5.7185,8.7898,0
2016-12-11,15.2731,34.0786,5.1987,,,,,0
2016-12-11,17.124000000000002,33.9483,5.0173,0.2122,0.5006,3.9981,6.0734,0
2016-12-11,17.2073,33.9227,4.888,,,,,0
2016-12-12,16.9517,33.8203,4.8966,0.0808,0.6471,4.099,5.6723,0
2016-12-12,16.473,33.7003,5.0523,,,,,0
2016-12-12,15.5892,33.5079,5.0261,0.2346,0.5397,4.449,5.5355,0
2016-12-12,15.5684,33.5925,5.1311,,,,,0
2016-12-12,15.9505,33.6316,5.0686,0.2611,0.5932,4.923,5.9522,0
2016-12-12,16.2236,34.1371,7.4857,0.5005,0.4836,6.0944,11.978,0
2016-12-12,18.2097,34.2661,,,,,,0
2016-12-12,18.2804,34.3189,5.8286,0.2478,0.68,2.56,6.237,0
2016-12-12,15.7845,33.6474,5.1396,0.2297,0.6758,3.9927,5.9428,0
2016-12-12,18.7575,34.3868,5.1429,0.2363,0.5138,2.3812,15.424,0
2016-12-12,16.3067,33.9949,,,,,,0
2016-12-12,16.0363,34.0251,4.6286,0.5536,0.4846,6.5504,23.796,0
2016-12-12,15.2743,33.6247,,,,,,0
2016-12-12,16.1569,33.7345,4.9634,,,,,0
2016-12-12,15.2172,33.73,5.0,0.586,0.6637,6.3823,12.616,0
2016-12-12,14.9569,33.5554,,,,,,0
2016-12-12,17.1116,33.8989,4.8866,0.2563,0.7102,4.2615,6.2283,0
2016-12-12,14.3441,33.4122,,,,,,0
2016-12-12,17.4867,33.9452,4.8548,,,,,0
2016-12-12,17.6905,34.2362,,,,,,0
2016-12-12,17.3129,34.1984,5.0,0.3318,0.42200000000000004,4.3069999999999995,9.506,0
2016-12-12,17.8369,34.0002,4.8574,0.2046,0.6642,3.3747,5.7177,0
2016-12-13,18.1128,34.0479,4.7922,,,,,0
2016-12-13,20.4842,34.4751,,,,,,0
2016-12-13,16.7789,33.7188,5.1024,0.135,0.5098,2.3112,4.9712,0
2016-12-13,20.4764,34.4585,4.7714,0.1538,0.7115,2.1365,6.7879999999999985,0
2016-12-13,17.1795,33.8635,5.0463,,,,,0
2016-12-13,17.3595,33.922,5.038,,,,,0
2016-12-13,20.6104,34.4728,,,,,,0
2016-12-13,15.7508,33.9359,4.9429,0.5682,0.4075,8.7315,15.294,0
2016-12-13,13.9361,33.3278,,,,,,0
2016-12-13,14.5666,33.4957,5.2857,0.4273,0.5768,5.3952,8.9,0
2016-12-13,13.3908,33.0668,,,,,,0
2016-12-13,12.6097,32.7265,,,,,,0
2016-12-13,12.6351,32.6841,,,,,,0
2016-12-13,13.2282,32.888000000000005,5.4857,0.3888,0.2847,3.9393,7.332000000000002,0
2016-12-13,13.5205,33.1858,,,,,,0
2016-12-13,19.5754,34.459,5.0571,0.1993,0.5635,2.2865,5.35,0
2016-12-13,20.4788,34.4761,,,,,,0
2016-12-13,19.9582,34.4615,,,,,,0
2016-12-17,19.4569,34.5072,5.1714,0.1739,0.7602,2.5078,5.231,0
2016-12-17,16.4712,34.2442,5.0938,,,,,0
2016-12-17,16.5142,34.2639,5.0486,,,,,0
2016-12-17,19.4575,34.5108,5.0286,0.2039,0.6363,2.0107,5.182,0
2016-12-17,16.7891,34.2505,4.9887,0.3347,0.6039,4.5937,8.4293,0
2016-12-17,19.8283,34.5025,,,,,,0
2016-12-17,16.6338,34.0367,4.9143,,,,,0
2016-12-17,19.8705,34.556999999999995,4.9143,0.2963,0.4704,2.8176,5.343,0
2016-12-17,16.9026,33.9099,4.8965,0.235,0.6265,3.5914,6.1593,0
2016-12-17,19.7435,34.5327,,,,,,0
2016-12-17,16.8001,33.8758,4.878,,,,,0
2016-12-17,16.1617,33.865,5.0308,0.2937,0.6341,4.7156,6.8286,0
2016-12-17,20.9818,34.5364,5.0,0.1377,0.5404,1.7256,4.096,0
2016-12-17,20.99,34.5342,,,,,,0
2016-12-17,17.3894,34.0491,4.795,,,,,0
2016-12-18,15.6033,33.832,5.0427,0.2787,0.6706,4.6074,6.4689,0
2016-12-18,20.848000000000006,34.524,5.1143,0.1515,0.5342,2.1428,4.133,0
2016-12-18,17.5866,34.093,4.8637,,,,,0
2016-12-18,19.2442,34.5161,,,,,,0
2016-12-18,16.4722,33.8787,5.0428,0.0958,0.5855,3.5278,5.7627,0
2016-12-18,18.8245,34.5187,5.2571,0.2417,0.5496,2.8474,6.614,0
2016-12-18,16.4007,33.8761,4.9164,,,,,0
2016-12-18,16.6416,33.9315,5.099,0.2107,0.672,3.7328,6.0946,0
2016-12-18,16.3023,34.2472,4.8459,,,,,0
2016-12-18,15.3923,34.2246,4.9832,0.4782,0.6333,6.9502,12.7264,0
2016-12-18,15.1152,34.136,5.2108,,,,,0
2016-12-18,14.9395,34.1037,4.5317,,,,,0
2016-12-18,15.8568,34.2058,4.8899,,,,,0
2016-12-18,16.3622,34.2215,4.7909,,,,,0
2016-12-18,17.214000000000002,34.1472,4.897,0.2144,0.7665,3.5541,6.3206,0
2016-12-19,17.2234,34.2466,4.8629,,,,,0
2016-12-19,17.3833,34.2485,4.8029,0.145,0.7667,3.4046,6.3746,0
2016-12-19,16.45,33.929,4.9934,,,,,0
2016-12-19,17.5399,34.181999999999995,4.8685,,,,,0
2016-12-19,17.667,34.2698,4.725,0.2737,0.7066,3.6911,7.0812,0
2016-12-19,17.5618,34.3104,4.8971,,,,,0
2016-12-19,16.6949,34.271,4.8616,0.4289,0.5399,4.7341,8.367,0
2016-12-19,18.7757,34.5357,,,,,,0
2016-12-19,18.6002,34.5164,5.2571,0.3626,0.6729999999999999,3.7119999999999997,7.52,0
2016-12-19,17.0378,34.0916,,,,,,0
2016-12-19,15.9569,33.2163,5.3429,0.3957,0.3504,5.8776,11.626,0
2016-12-19,14.5227,32.5525,,,,,,0
2016-12-20,13.2499,31.9014,,,,,,0
2016-12-20,13.1921,31.9108,5.8571,0.1978,0.8052,4.2618,9.637,0
2016-12-20,13.8064,32.4547,,,,,,0
2016-12-20,12.9806,31.9114,5.9714,0.1862,0.5545,4.3225,11.174,0
2016-12-20,12.9762,32.0813,,,,,,0
2016-12-20,13.7044,32.6462,5.4286,0.3988,0.3171,6.6929,23.292,0
2016-12-20,15.4419,33.3319,,,,,,0
2016-12-20,16.5626,34.075,5.0857,0.4766,0.4451,7.5969,12.169,0
2016-12-20,14.1372,33.2359,,,,,,0
2016-12-20,14.9848,33.5614,4.9143,0.6268,0.2872,9.8948,15.499,0
2016-12-20,16.4532,34.0538,,,,,,0
2016-12-20,12.7725,33.2253,5.6571,0.8479,0.1158,12.7842,16.199,0
2016-12-20,11.7996,32.9518,,,,,,0
2017-02-03,4.2751,32.0113,7.235,0.568,0.057999999999999996,11.225999999999999,11.898,0
2017-02-03,4.1375,32.053000000000004,,,,,,0
2017-02-03,5.1337,32.1202,7.407,0.44299999999999995,0.077,8.342,7.342,0
2017-02-03,5.7578,32.1874,,,,,,0
2017-02-03,6.2867,32.365,7.0920000000000005,0.3720000000000001,0.08800000000000001,5.849,7.087999999999999,0
2017-02-03,7.0488,32.3047,,,,,,0
2017-02-03,7.3677,32.2955,6.733,0.147,0.052000000000000005,2.844,3.73,0
2017-02-03,7.5736,32.2551,6.718,,,,,0
2017-02-03,8.0287,32.2495,6.647,,,,,0
2017-02-04,7.5454,32.2937,6.575,0.535,0.040999999999999995,1.0959999999999999,1.5830000000000002,0
2017-02-04,7.2708,32.3102,,,,,,0
2017-02-04,6.9387,32.3195,6.733,0.368,0.096,5.7970000000000015,8.109,0
2017-02-04,6.4068,32.3567,,,,,,0
2017-02-04,11.8306,34.3423,,,,,,0
2017-02-04,12.0276,34.3248,,,,,,0
2017-02-04,6.4499,32.3697,6.819,0.581,0.096,9.316,10.658,0
2017-02-04,12.1995,34.3377,,,,,,0
2017-02-04,5.8965,32.2524,,,,,,0
2017-02-04,6.4813,32.3205,6.819,0.784,0.091,8.945,10.183,0
2017-02-04,12.2916,34.3068,,,,,,0
2017-02-04,6.1518,32.3171,,,,,,0
2017-02-04,12.2948,34.3425,5.4110000000000005,,,,,0
2017-02-04,5.7932,32.3012,7.005,0.7290000000000001,0.146,10.877,13.091,0
2017-02-04,11.3703,34.1574,5.596,,,,,0
2017-02-04,11.666,34.1933,5.568,,,,,0
2017-02-04,8.8743,34.0224,,,,,,0
2017-02-05,10.024,34.1114,,,,,,0
2017-02-05,11.6664,34.218,,,,,,0
2017-02-05,13.4966,34.3592,,,,,,0
2017-02-05,13.1314,34.2793,,,,,,0
2017-02-05,12.8185,34.4449,,,,,,0
2017-02-05,12.4115,34.2359,,,,,,0
2017-02-05,12.5125,34.4161,,,,,,0
2017-02-05,12.3747,34.4109,,,,,,0
2017-02-05,12.3396,34.3364,,,,,,0
2017-02-12,11.368,34.3993,5.816,,,,,0
2017-02-12,11.4104,34.407,5.7570000000000014,,,,,0
2017-02-12,11.675,34.4127,5.8260000000000005,,,,,0
2017-02-12,11.6892,34.3384,5.59,,,,,0
2017-02-12,11.6858,34.2012,5.853,,,,,0
2017-02-12,12.0217,34.2311,5.84,,,,,0
2017-02-12,11.8115,34.2109,5.7639999999999985,,,,,0
2017-02-12,11.9746,34.2332,5.4289999999999985,,,,,0
2017-02-12,11.6184,34.1329,5.167999999999998,,,,,0
2017-02-13,11.3671,34.2206,5.8039999999999985,,,,,0
2017-02-13,8.3438,34.025,6.343,,,,,0
2017-02-13,9.2401,34.0946,6.2010000000000005,,,,,0
2017-02-13,11.0193,34.0758,5.3370000000000015,,,,,0
2017-02-13,4.9788,32.2946,7.292999999999997,0.594,0.102,7.271,8.264,0
2017-02-13,5.7083,32.3456,,,,,,0
2017-02-13,6.2289,32.3603,7.063,0.62,0.096,4.375,4.852,0
2017-02-13,11.2986,34.1517,5.851,,,,,0
2017-02-13,6.2883,32.3879,,,,,,0
2017-02-13,6.1972,32.3616,7.063,0.53,0.136,7.023,9.146,0
2017-02-13,11.5651,34.1773,5.891,,,,,0
2017-02-13,6.5579,32.3246,,,,,,0
2017-02-13,10.5035,34.1624,6.044,,,,,0
2017-02-13,6.9226,32.3067,6.8329999999999975,0.18100000000000002,0.055999999999999994,3.185,4.481,0
2017-02-13,7.3559,32.3046,,,,,,0
2017-02-13,11.9103,34.1796,5.76,,,,,0
2017-02-13,7.5428,32.2882,6.6610000000000005,0.35,0.08900000000000001,6.115,8.891,0
2017-02-13,7.6347,32.2683,6.718,,,,,0
2017-02-13,12.1048,34.2314,5.7860000000000005,,,,,0
2017-02-13,12.3392,34.1776,5.691,,,,,0
2017-02-14,12.3169,34.1841,5.718,,,,,0
2017-02-14,7.6038,32.3222,6.675,,,,,0
2017-02-14,7.5043,32.32,6.6610000000000005,0.314,0.085,5.922999999999999,7.73,0
2017-02-14,11.8946,34.1746,5.815,,,,,0
2017-02-14,7.1646,32.3225,,,,,,0
2017-02-14,11.4991,34.1999,5.898,,,,,0
2017-02-14,7.0297,32.3158,6.761,0.47700000000000004,0.051,3.4589999999999996,4.839,0
2017-02-14,11.6044,34.201,5.871,,,,,0
2017-02-14,6.9422,32.3155,,,,,,0
2017-02-14,11.7462,34.2322,5.835,,,,,0
2017-02-14,11.584,34.2866,5.877999999999999,,,,,0
2017-02-14,6.9270000000000005,32.3968,6.977,0.907,0.102,13.356,14.963,0
2017-02-14,6.6918,32.3724,,,,,,0
2017-02-14,4.9867,32.344,7.1629999999999985,1.013,0.062,6.8210000000000015,8.887,0
2017-02-14,5.6706,32.3856,,,,,,0
2017-02-14,6.8809,32.3839,7.005,0.738,0.11800000000000001,7.231,8.107999999999999,0
2017-02-14,7.2159,32.3797,,,,,,0
2017-02-14,7.5883,32.3981,6.675,0.499,0.057999999999999996,8.039,9.418,0
2017-02-14,7.6845,32.4013,,,,,,0
2017-02-14,12.1848,34.4086,5.761,,,,,0
2017-02-14,8.0629,32.4821,6.761,0.408,0.051,6.027,7.162000000000001,0
2017-02-14,12.3858,34.403,5.721,,,,,0
2017-02-14,11.6189,34.2874,5.831,,,,,0
2017-02-14,8.478,32.5773,6.575,,,,,0
2017-02-14,13.6934,34.541,5.68,,,,,0
2017-02-14,11.5759,34.1565,5.811,,,,,0
2017-02-15,12.0316,34.1789,5.752999999999999,,,,,0
2017-02-15,12.012,34.2232,5.756,,,,,0
2017-02-15,11.9603,34.174,5.745,,,,,0
2017-02-15,11.8909,34.2062,5.77,,,,,0
2017-02-15,9.4838,32.9682,6.46,,,,,0
2017-02-15,9.7856,33.0677,6.546,0.563,0.052000000000000005,8.441,10.406,0
2017-02-15,12.0078,34.2838,5.803,,,,,0
2017-02-15,9.4355,32.8987,,,,,,0
2017-02-15,9.4559,32.8863,6.46,0.384,0.04,6.92,8.152000000000001,0
2017-02-15,11.8012,34.275,5.865,,,,,0
2017-02-15,8.5998,32.6847,,,,,,0
2017-02-15,8.4042,32.6229,6.776,0.44799999999999995,0.066,7.494,8.812000000000003,0
2017-02-15,14.2771,34.5565,5.606,,,,,0
2017-02-15,7.3546,32.4985,,,,,,0
2017-02-15,12.0749,33.9344,6.0470000000000015,0.344,0.078,2.944,4.891,0
2017-02-15,14.1074,34.5629,5.5820000000000025,,,,,0
2017-02-15,11.7251,33.9396,,,,,,0
2017-02-15,13.1566,34.4843,5.7360000000000015,,,,,0
2017-02-15,12.8084,34.4672,5.801,,,,,0
2017-02-15,13.143,34.4957,5.785,,,,,0
2017-02-15,13.645,34.4972,5.682,,,,,0
2017-02-15,13.5727,34.4915,5.626,,,,,0
2017-02-15,12.9872,34.3773,5.635,,,,,0
2017-02-16,14.3928,34.5768,5.651,,,,,0
2017-02-16,13.9333,34.535,5.584,,,,,0
2017-02-16,13.9493,34.5358,5.6229999999999976,,,,,0
2017-02-16,14.5605,34.6031,5.5870000000000015,,,,,0
2017-02-16,13.9274,34.5548,5.698,,,,,0
2017-02-16,14.5817,34.5995,5.557,,,,,0
2017-02-16,13.0886,34.3947,5.68,,,,,0
2017-02-19,12.9051,34.3997,5.829,0.311,0.391,5.7570000000000014,8.109,0
2017-02-19,13.8358,34.4709,,,,,,0
2017-02-19,13.9222,34.496,5.771,0.265,0.297,4.965,7.827000000000001,0
2017-02-19,14.0725,34.522,6.029,0.324,0.27,5.1339999999999995,9.144,0
2017-02-19,13.8463,34.4692,,,,,,0
2017-02-19,12.7165,34.3465,6.0,0.322,0.384,5.471,9.294,0
2017-02-19,12.6567,34.355,,,,,,0
2017-02-19,12.6207,34.3543,6.057,0.325,0.287,4.57,8.961,0
2017-02-19,11.0054,34.1988,,,,,,0
2017-02-19,10.674,34.1886,,,,,,0
2017-02-21,11.7464,34.2133,,,,,,0
2017-02-21,12.7276,34.3459,6.171,0.37799999999999995,0.247,5.843999999999999,10.402,0
2017-02-21,14.1261,34.5372,,,,,,0
2017-02-21,16.1048,34.6986,,,,,,0
2017-02-21,16.2893,34.7152,5.4,0.20800000000000002,0.369,3.821,6.6,0
2017-02-21,16.1262,34.6887,,,,,,0
2017-02-21,12.9726,34.3841,5.971,0.376,0.22,6.041,10.494000000000002,0
2017-02-21,10.6044,33.9619,,,,,,0
2017-02-21,8.7654,33.7509,6.657,0.359,0.258,5.5710000000000015,9.93,0
2017-02-25,9.461,33.9603,,,,,,0
2017-02-25,7.857,33.6805,,,,,,0
2017-02-25,9.6064,33.8766,,,,,,0
2017-02-25,9.7139,33.8791,6.5139999999999985,0.436,0.317,7.1229999999999976,11.607,0
2017-02-25,8.9686,33.6904,,,,,,0
2017-02-25,13.6998,34.6054,5.914,0.302,0.259,5.2589999999999995,8.382,0
2017-02-25,15.6667,34.6911,,,,,,0
2017-02-25,15.386,34.7002,5.5429999999999975,0.222,0.282,4.021,6.874,0
2017-02-25,14.5133,34.6346,5.5710000000000015,0.27699999999999997,0.242,4.008,8.076,0
2017-02-25,16.2408,34.697,,,,,,0
2017-02-25,16.4781,34.7215,5.2570000000000014,0.23,0.48,3.315,8.141,0
2017-02-25,10.9225,33.314,5.863,0.418,0.217,7.984,9.714,0
2017-02-25,16.4614,34.7447,,,,,,0
2017-02-26,10.9313,33.0835,5.928,0.425,0.038,8.392999999999999,10.445,0
2017-02-26,10.3807,32.6869,5.9929999999999986,0.313,0.002,6.905,5.6629999999999985,0
2017-02-26,16.3717,34.707,5.343,0.24100000000000002,0.496,3.5460000000000003,7.127999999999999,0
2017-02-26,10.3568,32.646,6.068,0.40399999999999997,0.011000000000000001,11.964,10.673,0
2017-02-26,16.6031,34.6991,,,,,,0
2017-02-26,10.3057,32.5619,6.025,0.447,0.024,13.935,12.441,0
2017-02-26,16.6034,34.6519,5.314,0.272,0.395,4.268,7.81,0
2017-02-26,16.5477,34.6801,,,,,,0
2017-02-26,10.5732,32.5239,5.999,0.355,0.052000000000000005,10.065,9.685,0
2017-02-26,15.8228,34.6481,5.5429999999999975,0.23600000000000002,0.212,3.533,7.302,0
2017-02-26,11.6217,33.1682,5.801,0.281,0.003,5.395,5.5379999999999985,0
2017-02-26,15.4546,34.6099,,,,,,0
2017-02-26,15.058,34.5285,5.629,0.297,0.102,4.16,8.962,0
2017-02-26,13.6842,33.8232,5.522,0.298,0.073,8.51,7.419,0
2017-02-26,14.6723,34.4446,,,,,,0
2017-02-26,15.2977,34.3928,5.296,0.315,0.237,6.7479999999999976,8.112,0
2017-02-26,14.441,34.4404,5.771,0.33,0.07200000000000001,4.5169999999999995,9.975,0
2017-02-26,17.3999,34.7163,4.999,0.209,0.322,6.535,3.989,0
2017-02-26,12.4774,33.9455,,,,,,0
2017-02-26,11.1676,33.764,,,,,,0
2017-02-26,17.7957,34.7619,4.926,0.223,0.217,11.918,3.487,0
2017-02-26,12.0279,34.0392,6.114,0.34600000000000003,0.077,6.023,9.978,0
2017-02-26,11.985,34.0532,,,,,,0
2017-02-26,16.96,34.6885,5.008,0.5870000000000001,0.11699999999999999,12.382,12.451,0
2017-02-26,13.0632,34.3001,5.771,0.285,0.063,5.4879999999999995,8.061,0
2017-02-26,16.058,34.5066,5.138,0.354,0.302,7.474,7.481,0
2017-02-26,13.3637,34.384,,,,,,0
2017-02-27,13.9481,34.5515,5.8,0.257,0.073,4.51,7.376,0
2017-02-27,15.9368,34.5447,5.189,0.34299999999999997,0.314,12.072000000000001,7.109,0
2017-02-27,14.2191,34.6336,,,,,,0
2017-02-27,14.5804,34.5783,5.686,0.316,0.15,4.755,8.639,0
2017-02-27,11.918,33.3821,5.783,0.385,0.053,7.144,8.576,0
2017-02-27,14.4636,34.617,,,,,,0
2017-02-27,11.9697,33.4873,5.778,0.428,0.051,8.946,10.257,0
2017-02-27,12.7759,34.3381,5.914,0.336,0.083,6.023,9.175,0
2017-02-27,11.7238,33.3947,5.799,0.434,0.059000000000000004,14.37,10.443,0
2017-02-27,13.4679,34.541,5.829,0.28800000000000003,0.107,4.937,8.025,0
2017-02-27,9.7441,32.5027,6.144,0.493,0.079,24.537,11.483,0
2017-02-27,10.0141,33.6201,6.2860000000000005,0.552,0.08800000000000001,8.835,12.53,0
2017-02-27,9.4731,33.4747,,,,,,0
2017-02-27,9.5233,32.3933,6.181,0.45899999999999996,0.031,12.323,9.742,0
2017-02-27,9.3926,32.2881,6.2170000000000005,0.491,0.03,29.36,10.52,0
2017-02-27,10.0381,32.9045,6.0920000000000005,0.47700000000000004,0.057999999999999996,18.065,10.572,0
2017-02-27,9.3011,32.4446,6.21,0.457,0.051,11.665999999999999,10.47,0
2017-02-28,9.2919,32.3788,6.21,0.511,0.027999999999999997,12.385,11.617,0
2017-02-28,10.8892,33.2772,5.928,0.445,0.045,10.889000000000001,10.625,0
2017-02-28,10.7602,33.1217,5.988,0.342,0.077,22.88300000000001,7.87,0
2017-02-28,11.6888,33.4839,5.81,0.401,0.066,16.112000000000002,9.546,0
2017-02-28,14.7156,34.3805,5.401,0.40700000000000003,0.067,8.822000000000003,8.695,0
2017-02-28,15.3318,34.5072,5.269,0.397,0.07200000000000001,8.953,8.007,0
2017-02-28,16.0416,34.5949,5.209,0.33799999999999997,0.335,6.564,6.648,0
2017-02-28,16.7654,34.6286,5.024,0.322,0.38299999999999995,8.922,6.64,0
2017-02-28,17.3104,34.741,4.961,0.28300000000000003,0.467,35.367,5.627999999999999,0
2017-02-28,17.2266,34.7272,4.99,0.297,0.426,8.492,5.759,0
2017-04-06,5.7920000000000025,32.026,7.306,1.048,0.09,20.741999999999997,15.007,0
2017-04-06,6.7,32.13,,,,,,0
2017-04-06,7.189,32.093,8.271,0.28800000000000003,0.077,6.765,5.17,0
2017-04-06,7.693,32.19,,,,,,0
2017-04-06,6.922999999999999,32.218,7.565,0.573,0.08199999999999999,7.97,5.528,0
2017-04-06,8.041,32.261,,,,,,0
2017-04-06,8.565,32.249,8.343,0.062,0.025,2.094,1.337,0
2017-04-06,8.749,32.208,7.551,,,,,0
2017-04-07,8.716000000000001,32.233000000000004,7.796,,,,,0
2017-04-07,8.397,32.243,8.068999999999999,0.396,0.039,1.955,2.05,0
2017-04-07,8.517000000000001,32.267,,,,,,0
2017-04-07,8.297,32.283,7.853,0.062,0.035,2.49,1.826,0
2017-04-07,7.8439999999999985,32.279,,,,,,0
2017-04-07,7.795,32.251,8.314,0.11800000000000001,0.022000000000000002,1.757,0.7,0
2017-04-07,6.952000000000001,32.253,,,,,,0
2017-04-07,6.409,32.132,7.147,1.05,0.11699999999999999,17.831,14.189,0
2017-04-07,7.019,32.169000000000004,,,,,,0
2017-04-07,11.6182,34.1935,7.3370000000000015,0.084,0.045,0.242,0.647,0
2017-04-07,7.627999999999999,32.124,7.7810000000000015,0.466,0.102,8.322000000000001,3.964,0
2017-04-07,13.6971,34.5752,6.276,,,,,0
2017-04-07,13.2721,34.5283,6.399,0.069,0.043,0.16699999999999998,1.664,0
2017-04-07,12.8453,34.4587,6.676,,,,,0
2017-04-07,13.6802,34.493,6.284,0.132,0.075,0.934,4.339,0
2017-04-07,13.0047,34.3201,6.226,,,,,0
2017-04-07,12.4116,34.3251,6.222,0.196,0.14400000000000002,2.425,5.372000000000001,0
2017-04-08,11.3603,34.2891,6.3279999999999985,0.171,0.016,1.192,4.28,0
2017-04-08,10.7767,34.2366,6.481,,,,,0
2017-04-08,12.2305,34.3252,6.1770000000000005,0.185,0.10099999999999999,1.87,5.089,0
2017-04-08,12.7674,34.4372,6.125,,,,,0
2017-04-08,13.6142,34.5327,6.143,0.14400000000000002,0.069,0.479,4.173,0
2017-04-08,13.3561,34.4557,6.186,,,,,0
2017-04-08,7.5310000000000015,32.201,7.796,0.813,0.159,13.595,6.438,0
2017-04-08,7.502999999999999,32.222,,,,,,0
2017-04-08,13.4844,34.482,6.483,0.061,0.004,0.025,1.6780000000000002,0
2017-04-08,7.952000000000001,32.356,7.767,0.37799999999999995,0.085,4.59,2.585,0
2017-04-08,7.715,32.36,,,,,,0
2017-04-08,8.19,32.333,8.43,0.08,0.013000000000000001,1.574,1.29,0
2017-04-08,8.148,32.311,,,,,,0
2017-04-08,13.6027,34.5272,6.221,,,,,0
2017-04-08,8.585,32.285,7.81,0.262,0.017,1.9269999999999998,1.467,0
2017-04-08,13.8391,34.5348,6.148,0.08199999999999999,0.018000000000000002,0.009000000000000001,2.692,0
2017-04-08,8.771,32.256,,,,,,0
2017-04-08,13.5381,34.4962,6.205,0.10300000000000001,0.011000000000000001,0.152,3.974,0
2017-04-08,8.891,32.236999999999995,7.825,0.055,0.013999999999999999,1.057,1.372,0
2017-04-08,9.121,32.234,7.652,,,,,0
2017-04-09,9.141,32.333,7.853,,,,,0
2017-04-09,9.038,32.319,7.7810000000000015,0.115,0.018000000000000002,1.4980000000000002,5.83,0
2017-04-09,8.861,32.305,,,,,,0
2017-04-09,8.722999999999999,32.296,7.838999999999999,0.087,0.022000000000000002,1.943,4.959,0
2017-04-09,8.339,32.306999999999995,,,,,,0
2017-04-09,8.04,32.321,7.695,0.261,0.08800000000000001,4.439,11.686,0
2017-04-09,8.151,32.334,,,,,,0
2017-04-09,7.686,32.244,7.5939999999999985,0.46399999999999997,0.064,5.6129999999999995,2.175,0
2017-04-09,11.8177,34.4179,6.231,,,,,0
2017-04-09,11.7818,34.4142,6.212999999999999,0.22,0.07,1.228,6.694,0
2017-04-09,12.0723,34.4252,7.352,,,,,0
2017-04-09,13.2455,34.446,6.068,0.205,0.133,1.354,5.684,0
2017-04-09,8.478,32.456,,,,,,0
2017-04-09,14.4489,34.6571,5.961,,,,,0
2017-04-09,8.371,32.322,7.19,0.7390000000000001,0.15,11.707,14.531,0
2017-04-09,14.6785,34.6707,5.8329999999999975,0.18600000000000005,0.09300000000000001,0.687,5.497000000000001,0
2017-04-09,12.7496,34.478,6.257999999999999,,,,,0
2017-04-09,11.9774,34.3084,6.324,0.191,0.042,1.337,5.5820000000000025,0
2017-04-09,11.8817,34.3403,6.223,,,,,0
2017-04-09,11.2963,34.2964,6.449,0.122,0.023,0.239,4.5680000000000005,0
2017-04-10,11.7519,34.3504,6.187,0.152,0.008,1.76,4.981,0
2017-04-10,14.0792,34.6501,5.921,,,,,0
2017-04-10,13.0131,34.4514,6.104,0.125,0.017,1.141,3.829,0
2017-04-10,12.1375,34.264,6.339,,,,,0
2017-04-10,12.1604,34.2875,5.757999999999999,0.16,0.05,2.202,5.7079999999999975,0
2017-04-10,15.05,34.688,5.773,,,,,0
2017-04-10,14.1922,34.4851,6.09,0.139,0.17600000000000002,1.505,5.732,0
2017-04-10,13.184,34.5078,7.097,,,,,0
2017-04-10,12.2092,34.4224,6.744,0.038,0.011000000000000001,0.22,1.949,0
2017-04-12,8.327,32.323,,,,,,0
2017-04-13,9.382,32.292,8.055,0.092,0.019,3.5189999999999997,0.8909999999999999,0
2017-04-13,13.2679,34.4692,6.31,,,,,0
2017-04-13,13.3446,34.4811,6.126,,,,,0
2017-04-13,9.289,32.301,,,,,,0
2017-04-13,14.2704,34.5773,5.853,0.17300000000000001,0.147,1.909,6.877000000000002,0
2017-04-13,9.601,32.332,8.531,0.047,0.013999999999999999,2.503,1.231,0
2017-04-13,12.9156,34.4388,6.046,,,,,0
2017-04-13,12.0372,34.2912,6.061,0.271,0.124,3.4819999999999998,5.714,0
2017-04-13,9.919,32.403,7.551,,,,,0
2017-04-13,11.9672,34.2774,6.065,,,,,0
2017-04-13,9.057,32.503,7.362999999999999,,,,,0
2017-04-13,12.7554,34.38,6.12,0.14800000000000002,0.027999999999999997,1.3090000000000002,4.577,0
2017-04-13,9.603,32.722,7.81,0.222,0.055,2.476,5.8039999999999985,0
2017-04-13,9.751,32.673,,,,,,0
2017-04-13,13.8058,34.5951,5.91,,,,,0
2017-04-13,10.236,32.951,8.3,0.046,0.016,1.5930000000000002,0.7390000000000001,0
2017-04-13,12.1231,34.3063,6.234,0.054000000000000006,0.05,1.564,4.647,0
2017-04-13,9.665,32.899,,,,,,0
2017-04-13,9.441,32.834,6.744,1.048,0.15,12.799000000000001,15.138,0
2017-04-13,10.268,33.02,,,,,,0
2017-04-13,12.463,33.748000000000005,6.859,0.359,0.09699999999999999,3.3710000000000004,5.533,0
2017-04-13,13.259,34.181,,,,,,0
2017-04-13,12.2485,34.2968,6.245,,,,,0
2017-04-13,12.3247,34.3273,6.164,0.18100000000000002,0.07400000000000001,2.0540000000000003,5.084,0
2017-04-13,12.1464,34.2617,6.3,,,,,0
2017-04-14,11.806,34.3109,6.216,0.14400000000000002,0.009000000000000001,1.4340000000000002,4.724,0
2017-04-14,14.978,34.6251,6.002000000000002,,,,,0
2017-04-14,14.9644,34.6175,5.904,0.081,0.006,0.39799999999999996,5.3439999999999985,0
2017-04-14,14.3639,34.5334,5.893,0.14800000000000002,0.149,0.873,6.655,0
2017-04-14,14.3956,34.5251,6.0520000000000005,,,,,0
2017-04-15,14.5216,33.7652,6.0,0.192,0.726,6.005,7.916,0
2017-04-15,14.9463,34.2507,,,,,,0
2017-04-15,12.6984,34.3693,5.625,,,,,0
2017-04-15,16.0639,34.6717,6.057,0.07400000000000001,0.5670000000000001,0.769,5.839,0
2017-04-15,12.7218,34.3798,5.666,,,,,0
2017-04-15,15.3728,34.6309,5.9170000000000025,0.109,0.039,0.7829999999999999,5.646,0
2017-04-15,15.4027,34.64,5.709,,,,,0
2017-04-15,15.1901,34.6626,5.7970000000000015,0.161,0.254,1.395,5.518,0
2017-04-15,13.6789,34.3012,6.686,0.049,0.486,0.47600000000000003,1.172,0
2017-04-15,14.995,34.5166,,,,,,0
2017-04-15,14.7698,34.6006,5.875,0.106,0.098,0.752,2.908,0
2017-04-16,14.5894,34.514,6.5710000000000015,0.051,0.48,0.8190000000000001,6.2,0
2017-04-16,13.7649,34.3897,,,,,,0
2017-04-16,15.6062,34.6872,4.851,,,,,0
2017-04-16,12.7221,33.9667,6.886,0.028999999999999998,0.47700000000000004,1.5659999999999998,21.088,0
2017-04-16,14.0189,33.9244,,,,,,0
2017-04-16,15.6203,34.6173,5.837999999999999,0.11800000000000001,0.023,0.7659999999999999,6.2120000000000015,0
2017-04-16,14.2008,34.2483,,,,,,0
2017-04-16,15.1544,34.6049,6.02,,,,,0
2017-04-16,14.5951,34.4078,,,,,,0
2017-04-16,13.7954,34.4475,5.815,0.215,0.33,1.87,7.215,0
2017-04-16,15.067,34.4933,6.371,0.11,0.536,1.421,22.964,0
2017-04-16,16.1747,34.5705,,,,,,0
2017-04-16,16.8076,34.6447,,,,,,0
2017-04-16,16.5338,34.5438,6.086,0.071,0.5429999999999999,1.4,6.4460000000000015,0
2017-04-16,15.6653,34.408,,,,,,0
2017-04-16,15.0508,34.4812,6.2860000000000005,0.14,0.5920000000000001,2.818,7.481,0
2017-04-16,14.5563,33.8802,,,,,,0
2017-04-16,13.8616,33.8189,7.229,0.035,0.47,1.143,5.252999999999999,0
2017-04-16,14.1056,33.7475,,,,,,0
2017-04-16,13.2157,33.701,,,,,,0
2017-04-16,14.1101,33.9476,,,,,,0
2017-04-16,14.0433,33.829,6.086,0.336,0.8540000000000001,4.998,10.719,0
2017-04-16,13.701,34.1868,,,,,,0
2017-04-19,13.9464,34.111999999999995,5.914,0.22399999999999998,0.688,4.268,8.2,0
2017-04-19,15.4338,34.4547,,,,,,0
2017-04-19,15.5726,34.4409,5.829,0.213,0.7240000000000001,4.206,7.199,0
2017-04-19,15.4346,34.4068,5.914,0.23800000000000002,0.737,3.142,7.245,0
2017-04-19,17.2516,34.7316,,,,,,0
2017-04-19,17.1966,34.7516,5.4,0.12300000000000001,0.6579999999999999,2.158,4.569,0
2017-04-20,16.5312,34.6535,,,,,,0
2017-04-20,18.3958,34.7357,5.4570000000000025,0.046,0.528,0.41100000000000003,2.01,0
2017-04-20,18.3649,34.7244,,,,,,0
2017-04-20,17.7102,34.6842,5.4570000000000025,0.08,0.531,1.073,3.887,0
2017-04-20,17.1226,34.6873,,,,,,0
2017-04-22,15.9925,34.4958,5.4289999999999985,0.095,0.7170000000000001,2.253,4.971,0
2017-04-22,14.7004,33.9825,,,,,,0
2017-04-22,13.5561,33.4789,6.2570000000000014,0.11800000000000001,0.627,2.003,10.02,0
2017-04-22,12.6436,32.7838,,,,,,0
2017-04-22,12.8694,32.6652,8.057,0.001,0.48700000000000004,0.126,4.546,0
2017-04-22,12.7791,32.7335,,,,,,0
2017-04-22,12.652,33.0828,,,,,,0
2017-04-22,12.7133,32.9311,7.2,0.016,0.507,1.265,0.914,0
2017-04-23,12.9783,33.0841,,,,,,0
2017-04-23,12.61,32.8715,7.114,0.0,0.45799999999999996,0.075,0.051,0
2017-04-23,12.2904,33.0219,,,,,,0
2017-04-23,12.4868,33.0734,7.371,0.0,0.466,0.11900000000000001,0.468,0
2017-04-23,12.2836,32.9973,,,,,,0
2017-04-23,13.4526,33.5836,7.229,0.001,0.467,0.21100000000000002,0.044,0
2017-04-23,13.4312,33.4729,,,,,,0
2017-04-23,13.0951,33.2521,7.086,0.0,0.457,0.03,0.638,0
2017-04-23,13.3427,33.6946,6.7429999999999986,0.0,0.455,1.1420000000000001,1.1,0
2017-04-23,13.4387,33.8427,6.686,0.040999999999999995,0.488,0.257,0.797,0
2017-04-23,13.6789,34.0327,,,,,,0
2017-05-19,18.7349,31.2612,5.937,0.019,0.142,3.67,4.842,0
2017-05-19,18.8934,32.5679,5.782,0.011000000000000001,0.045,4.646,6.1679999999999975,0
2017-05-20,19.1921,32.7498,5.4179999999999975,0.025,0.002,0.20800000000000002,9.421,0
2017-05-20,19.1589,32.6756,5.4179999999999975,0.018000000000000002,0.008,5.947,9.669,0
2017-05-20,19.0604,32.5007,5.515,0.015,0.002,1.7169999999999999,10.015,0
2017-05-20,19.568,32.5357,5.473,0.021,0.129,6.881,9.991,0
2017-05-20,19.0149,32.4146,5.555,0.02,0.002,0.244,9.55,0
2017-05-20,19.3104,33.2892,5.447,0.023,0.002,7.904,5.138,0
2017-05-20,20.1604,32.7105,5.377000000000002,0.017,0.002,1.4409999999999998,5.242000000000001,0
2017-05-20,21.3683,32.6439,5.48,0.033,0.001,0.252,4.494,0
2017-05-20,20.9341,32.3605,5.416,0.008,0.006,7.727,3.89,0
2017-05-20,20.8757,32.5265,5.358,0.02,0.004,2.562,3.924,0
2017-05-20,20.6305,32.7849,5.283,0.064,0.012,6.9510000000000005,5.0939999999999985,0
2017-05-20,18.2637,32.5567,5.732,0.023,0.225,7.755,3.689,0
2017-05-21,19.0568,32.3938,5.605,0.065,0.003,5.712999999999999,6.277,0
2017-05-21,19.3687,32.3624,5.535,0.048,0.24,9.059,9.192,0
2017-05-21,19.1408,32.5606,5.4110000000000005,0.042,0.006999999999999999,3.42,9.806,0
2017-05-21,18.6462,32.8598,5.62,0.031,0.136,7.867000000000001,7.455,0
2017-05-21,19.3908,32.9121,5.364,0.022000000000000002,0.001,2.207,8.812000000000003,0
2017-05-21,18.9196,32.9232,5.8279999999999985,0.013999999999999999,0.397,5.85,4.3260000000000005,0
2017-05-21,20.5619,27.5795,5.6720000000000015,0.012,0.397,11.398,9.084,0
2017-05-21,20.2759,29.6409,5.596,0.038,0.19399999999999998,10.427999999999999,8.726,0
2017-05-21,18.3013,32.6795,5.8889999999999985,0.036000000000000004,0.002,0.604,7.183,0
2017-05-22,18.8691,32.97,5.875,0.033,0.006999999999999999,1.95,7.8,0
2017-05-22,18.8634,32.7353,5.709,0.038,0.16699999999999998,8.06,9.1,0
2017-05-22,19.1164,32.5234,5.494,0.039,0.008,1.6280000000000001,8.976,0
2017-05-22,19.0583,32.3905,5.669,0.052000000000000005,0.006999999999999999,0.321,7.194,0
2017-05-22,18.5416,32.8296,5.634,0.047,0.17,2.747,4.882,0
2017-05-22,20.272,33.516,5.1560000000000015,0.055,0.009000000000000001,0.183,4.812,0
2017-05-22,20.7297,33.0268,5.162000000000001,0.05,0.01,8.058,4.474,0
2017-05-22,21.1648,32.5887,5.254,0.040999999999999995,0.345,6.186,3.495,0
2017-05-22,21.3594,32.6143,5.2570000000000014,0.079,0.021,1.213,4.151,0
2017-06-04,13.3677,32.0385,6.731,0.20199999999999999,0.121,4.57,0.966,0
2017-06-04,14.5668,32.012,,,,,,0
2017-06-04,17.0053,32.1877,6.4179999999999975,0.13,0.026000000000000002,1.2590000000000001,2.277,0
2017-06-04,16.4252,32.1706,,,,,,0
2017-06-04,16.0503,32.1149,6.46,0.026000000000000002,0.025,0.889,2.214,0
2017-06-04,16.6368,32.1899,,,,,,0
2017-06-04,17.7732,32.154,6.318,0.051,0.034,1.42,1.906,0
2017-06-04,17.554000000000002,32.2298,6.19,,,,,0
2017-06-05,17.7716,32.2626,5.777,,,,,0
2017-06-05,17.8828,32.2341,5.9620000000000015,0.042,0.08199999999999999,2.424,2.852,0
2017-06-05,17.4682,32.2443,,,,,,0
2017-06-05,17.9549,32.2584,5.72,0.08199999999999999,0.040999999999999995,1.3419999999999999,0.897,0
2017-06-05,17.6947,32.2348,,,,,,0
2017-06-05,16.8004,32.2412,6.033,0.187,0.054000000000000006,2.0540000000000003,3.263,0
2017-06-05,15.7356,32.1669,,,,,,0
2017-06-05,15.5728,32.231,6.318,0.115,0.040999999999999995,1.557,3.377,0
2017-06-05,16.2512,32.1201,,,,,,0
2017-06-05,16.090999999999998,32.094,6.56,0.03,0.038,2.005,2.119,0
2017-06-08,17.3353,32.0418,5.7920000000000025,0.327,0.048,2.171,1.83,0
2017-06-08,16.8826,32.2104,,,,,,0
2017-06-08,16.6004,32.2726,6.218,0.086,0.044000000000000004,1.709,3.228,0
2017-06-08,17.6584,32.2488,,,,,,0
2017-06-08,18.5322,32.2324,6.0760000000000005,0.03,0.042,2.03,1.876,0
2017-06-08,18.1928,32.2325,,,,,,0
2017-06-08,18.4257,32.2361,5.863,0.16,0.04,1.999,1.204,0
2017-06-08,18.4494,32.2616,,,,,,0
2017-06-08,18.6407,32.2695,5.678,0.188,0.035,1.649,1.442,0
2017-06-08,18.7589,32.239000000000004,5.749,,,,,0
2017-06-09,18.7486,32.2478,5.948,,,,,0
2017-06-09,18.6206,32.2106,5.607,0.01,0.037000000000000005,2.033,4.104,0
2017-06-09,18.5778,32.224000000000004,,,,,,0
2017-06-09,18.6102,32.2174,5.621,0.086,0.013999999999999999,1.018,0.8240000000000001,0
2017-06-09,18.4793,32.2173,,,,,,0
2017-06-09,18.4947,32.2473,5.7920000000000025,0.025,0.022000000000000002,1.662,2.289,0
2017-06-09,18.1108,32.2778,,,,,,0
2017-06-09,17.192999999999998,32.3825,6.218,0.106,0.09300000000000001,2.164,5.482,0
2017-06-09,16.367,32.5092,,,,,,0
2017-06-09,13.4662,32.4438,6.3889999999999985,0.078,0.13,4.652,9.341,0
2017-06-10,14.8443,32.6298,,,,,,0
2017-06-10,18.892,32.2398,5.464,0.043,0.034,2.597,2.216,0
2017-06-10,18.9702,32.2081,,,,,,0
2017-06-10,18.9953,32.2913,5.72,0.098,0.042,1.7480000000000002,9.316,0
2017-06-10,19.3455,32.3696,5.479,,,,,0
2017-06-10,19.1955,32.2479,5.6629999999999985,,,,,0
2017-06-10,19.2268,32.2729,5.678,0.256,0.042,1.3940000000000001,5.666,0
2017-06-10,18.6086,32.2694,,,,,,0
2017-06-10,17.1792,32.7793,6.033,0.07200000000000001,0.024,1.2009999999999998,3.716,0
2017-06-10,17.5055,33.0521,,,,,,0
2017-06-10,15.4632,33.06,6.261,0.092,0.094,2.767,8.027000000000001,0
2017-06-10,14.5638,33.0812,,,,,,0
2017-06-11,16.2771,33.128,6.233,0.105,0.038,1.0590000000000002,5.6110000000000015,0
2017-06-11,18.8799,32.6476,,,,,,0
2017-06-14,17.9171,33.5635,5.771,0.4370000000000001,0.013999999999999999,0.42100000000000004,5.107,0
2017-06-14,19.2707,33.356,,,,,,0
2017-06-14,21.1461,33.3408,5.029,0.12,0.015,0.191,2.437,0
2017-06-14,19.3854,33.5803,5.4570000000000025,0.263,0.027999999999999997,0.326,3.874,0
2017-06-14,18.755,33.695,,,,,,0
2017-06-14,18.5109,33.9886,5.657,0.249,0.037000000000000005,0.39299999999999996,8.324,0
2017-06-14,18.6772,33.9721,,,,,,0
2017-06-14,18.7421,33.8347,5.6,0.172,0.031,0.414,5.466,0
2017-06-14,18.7106,33.8467,,,,,,0
2017-06-14,18.3868,33.6929,,,,,,0
2017-06-14,18.1877,33.354,,,,,,0
2017-06-14,19.1056,33.102,5.657,0.154,0.027000000000000003,1.12,4.6389999999999985,0
2017-06-15,21.4258,33.0373,,,,,,0
2017-06-15,21.9979,33.3826,,,,,,0
2017-06-15,21.8476,33.4722,5.086,0.085,0.012,0.43,1.714,0
2017-06-15,21.6533,32.7731,,,,,,0
2017-06-15,18.4057,32.7889,5.943,0.201,0.021,0.38,5.09,0
2017-06-15,17.171,33.3723,,,,,,0
2017-06-15,18.2666,33.6602,5.6,0.124,0.009000000000000001,0.326,5.255,0
2017-06-15,18.7273,33.7755,,,,,,0
2017-06-15,18.8928,33.758,,,,,,0
2017-06-15,18.38,33.7077,,,,,,0
2017-06-15,18.1183,33.7157,5.657,0.2,0.068,0.4270000000000001,6.559,0
2017-06-15,16.8253,33.5502,,,,,,0
2017-06-15,19.1742,33.1439,5.5139999999999985,0.07,0.006,0.741,5.086,0
2017-06-15,18.8302,33.3904,,,,,,0
2017-06-15,20.6695,33.2336,5.229,0.11,0.023,0.273,4.291,0
2017-06-17,22.2535,32.8129,5.371,0.22399999999999998,0.01,1.446,4.104,0
2017-06-17,22.7199,32.4126,,,,,,0
2017-06-17,23.038,32.4313,4.914,0.165,0.012,0.424,3.1180000000000003,0
2017-06-17,22.8362,32.269,,,,,,0
2017-06-17,18.9063,34.1977,5.872000000000001,0.077,0.011000000000000001,0.596,4.197,0
2017-06-17,22.5756,31.961,5.171,0.267,0.062,0.71,3.16,0
2017-06-17,18.6082,34.2748,5.7189999999999985,,,,,0
2017-06-17,22.8559,32.4246,,,,,,0
2017-06-17,18.2731,34.0892,5.824,0.069,0.019,0.26899999999999996,3.825,0
2017-06-18,22.7622,32.5009,4.971,0.11,0.012,0.802,3.016,0
2017-06-18,18.3492,33.9805,5.721,,,,,0
2017-06-18,18.9969,34.1754,5.69,0.05,0.012,0.254,2.834,0
2017-06-18,18.6652,34.3222,5.5760000000000005,,,,,0
2017-06-18,23.0327,32.0487,,,,,,0
2017-06-18,22.155,32.342,5.2,0.18100000000000002,0.023,0.473,5.227,0
2017-06-18,18.6714,33.7292,5.658,0.05,0.013000000000000001,0.267,4.4460000000000015,0
2017-06-18,19.3736,34.4573,5.502000000000002,0.057,0.005,0.264,3.509,0
2017-06-18,19.4565,34.5394,5.4129999999999985,,,,,0
2017-06-18,19.7725,34.4597,5.445,0.054000000000000006,0.015,0.266,3.571,0
2017-06-18,19.6452,33.9612,5.438,,,,,0
2017-06-18,19.3002,34.2809,5.558,0.045,0.016,0.237,3.36,0
2017-06-19,19.0909,34.3197,5.529,,,,,0
2017-06-19,18.8131,34.2843,5.617000000000001,0.044000000000000004,0.013999999999999999,0.22,4.188,0
2017-06-19,18.7861,34.2913,5.5920000000000005,,,,,0
2017-06-19,18.7949,34.2937,5.587999999999999,0.046,0.01,0.257,4.018,0
2017-06-19,18.9066,34.2643,5.635,,,,,0
2017-06-19,22.4841,32.5258,,,,,,0
2017-06-19,22.6645,32.5433,5.4,0.099,0.009000000000000001,1.307,8.354,0
2017-06-19,22.1136,32.7741,,,,,,0
2017-06-19,22.4531,32.616,5.171,0.335,0.025,0.775,7.4620000000000015,0
2017-06-19,22.9811,32.6519,,,,,,0
2017-06-19,15.1227,34.2397,6.228,,,,,0
2017-06-19,16.8784,34.2357,6.193,0.051,0.013000000000000001,0.332,5.225,0
2017-06-19,16.8392,34.2632,6.002999999999999,,,,,0
2017-06-19,23.5669,29.3301,,,,,,0
2017-06-19,18.5859,34.1952,5.765,0.063,0.015,0.22699999999999998,3.131,0
2017-06-19,23.288,29.2943,5.686,0.126,0.152,4.25,10.09,0
2017-06-19,18.8792,34.204,5.702000000000001,,,,,0
2017-06-19,22.9553,29.2128,,,,,,0
2017-06-19,22.3485,30.0976,6.0,0.22,0.109,3.2910000000000004,9.456,0
2017-06-19,19.2912,33.89,5.858,0.047,0.015,0.255,2.924,0
2017-06-19,22.583,30.6095,,,,,,0
2017-06-20,22.5258,32.4803,5.2570000000000014,0.11699999999999999,0.011000000000000001,0.542,6.096,0
2017-06-20,19.9365,33.4284,5.4910000000000005,,,,,0
2017-06-20,21.0983,32.2738,,,,,,0
2017-06-20,22.3562,32.7608,5.114,0.153,0.002,0.465,5.215,0
2017-06-20,19.7947,34.3636,5.332000000000002,0.033,0.013999999999999999,0.24600000000000002,2.984,0
2017-06-20,22.1769,32.8184,,,,,,0
2017-06-20,19.4715,34.4193,5.4129999999999985,,,,,0
2017-06-20,22.1979,32.2661,5.4289999999999985,0.11900000000000001,0.04,0.5429999999999999,7.922999999999999,0
2017-06-20,19.7529,34.4903,5.371,0.034,0.013999999999999999,0.20199999999999999,3.3510000000000004,0
2017-06-20,21.0153,32.3703,,,,,,0
2017-06-20,20.2907,33.3647,5.5710000000000015,0.10099999999999999,0.009000000000000001,0.57,4.725,0
2017-06-20,19.2984,32.7258,,,,,,0
2017-06-20,20.0631,34.4336,5.428,0.013999999999999999,0.016,0.353,3.833,0
2017-06-20,20.3166,34.4174,5.375,,,,,0
2017-06-20,20.5085,34.2382,5.399,0.034,0.013000000000000001,0.33,2.408,0
2017-06-20,20.1301,34.4721,5.4460000000000015,,,,,0
2017-06-20,20.5706,33.4637,5.461,0.038,0.013999999999999999,0.24100000000000002,3.616,0
2017-06-20,19.2086,33.9975,6.002999999999999,,,,,0
2017-06-20,16.4817,34.2596,6.28,0.034,0.006,0.282,2.525,0
2017-06-21,15.1028,34.2549,6.105,,,,,0
2017-06-21,14.5798,34.2247,6.143,,,,,0
2017-06-22,14.9511,34.2357,6.3870000000000005,,,,,0
2017-06-22,16.1722,34.2211,6.195,,,,,0
2017-06-22,18.1937,34.2353,6.2079999999999975,0.039,0.03,0.555,1.05,0
2017-06-22,20.3537,33.558,5.988,,,,,0
2017-06-23,20.7187,33.3767,5.494,0.035,0.015,0.315,4.1610000000000005,0
2017-06-23,21.0716,33.4402,5.396,,,,,0
2017-06-23,20.9999,34.4605,5.32,0.022000000000000002,0.021,0.27399999999999997,2.17,0
2017-06-23,20.9644,34.4689,5.297999999999999,,,,,0
2017-06-23,20.5904,34.4749,5.352,0.025,0.013000000000000001,0.28300000000000003,3.703,0
2017-06-23,20.9911,34.1839,5.4110000000000005,,,,,0
2017-06-23,21.1978,34.4603,5.322,0.031,0.012,0.314,3.0410000000000004,0
2017-06-23,22.2733,33.6389,5.312,,,,,0
2017-06-23,21.304,33.3141,5.424,0.036000000000000004,0.018000000000000002,0.293,3.984,0
2017-06-23,20.4137,33.3716,5.756,,,,,0
2017-06-23,18.9722,33.8763,6.3870000000000005,0.045,0.017,0.25,4.707,0
2017-06-23,13.996,34.2943,6.7079999999999975,,,,,0
2017-06-23,16.6894,34.2417,6.374,,,,,0
2017-06-25,16.4348,34.1874,6.4860000000000015,,,,,0
2017-06-25,15.3461,34.2252,5.603,,,,,0
2017-06-25,17.9251,34.0886,7.306,0.054000000000000006,0.012,0.35200000000000004,0.586,0
2017-06-25,22.3732,33.0183,5.246,,,,,0
2017-06-25,22.8486,32.9658,5.187,0.026000000000000002,0.009000000000000001,0.201,3.767,0
2017-06-25,22.3211,33.6467,5.221,,,,,0
2017-06-25,22.3634,33.0748,5.3,,,,,0
2017-06-25,22.4249,33.2256,5.2029999999999985,0.033,0.011000000000000001,0.317,2.915,0
2017-06-25,21.8295,33.0453,5.4270000000000005,,,,,0
2017-06-25,19.336,33.5448,5.638,0.16699999999999998,0.081,2.5540000000000003,8.762,0
2017-08-11,22.5576,31.8142,,,,,,1
2017-08-11,27.1516,31.5827,5.562,0.051,0.069,1.88,2.813,1
2017-08-11,28.067,31.7135,,,,,,1
2017-08-11,29.2335,31.7045,6.871,0.22,0.063,1.1740000000000002,3.037,1
2017-08-11,29.2504,31.3345,,,,,,1
2017-08-11,29.4307,31.5068,5.03,0.364,0.027999999999999997,0.7829999999999999,1.625,1
2017-08-11,29.3511,31.3077,4.758,,,,,1
2017-08-12,29.6677,31.7056,4.743,,,,,1
2017-08-12,29.1966,31.5241,4.743,0.059000000000000004,0.051,1.199,1.816,1
2017-08-12,29.4927,31.7414,,,,,,1
2017-08-12,29.5141,31.8099,4.714,0.38,0.022000000000000002,0.8640000000000001,1.6030000000000002,1
2017-08-12,29.3449,31.7944,,,,,,1
2017-08-12,29.1581,31.8112,4.7,0.903,0.026000000000000002,0.731,1.293,1
2017-08-12,29.1076,31.7359,,,,,,1
2017-08-12,27.269,32.145,5.187,0.017,0.023,0.905,3.519,1
2017-08-12,24.138,31.8032,,,,,,1
2017-08-12,24.4522,31.6793,5.16,0.251,0.163,1.59,7.971,1
2017-08-12,24.0569,32.7517,5.502000000000002,0.08199999999999999,0.003,0.8490000000000001,3.405,1
2017-08-12,25.4602,32.9364,5.153,,,,,1
2017-08-12,24.9045,33.2925,5.22,0.114,0.001,0.376,2.074,1
2017-08-12,25.8035,33.2194,5.096,,,,,1
2017-08-13,26.7392,32.4742,4.908,0.127,0.024,0.225,1.006,0
2017-08-13,27.378,32.2324,4.673,,,,,0
2017-08-13,25.7737,33.3014,4.7780000000000005,0.139,0.021,0.26,2.934,0
2017-08-13,25.7438,34.016,5.263,0.14,0.001,0.39299999999999996,0.836,0
2017-08-13,25.8914,33.985,5.2810000000000015,,,,,0
2017-08-13,26.3761,33.501999999999995,4.834,0.156,0.021,0.25,3.412,0
2017-08-13,26.5283,33.1056,4.8039999999999985,,,,,0
2017-08-13,26.4972,33.3861,4.711,0.138,0.011000000000000001,0.268,3.152,0
2017-08-13,26.4803,32.5665,4.783,,,,,0
2017-08-13,26.4917,32.3921,4.768,0.131,0.024,0.263,2.465,0
2017-08-14,24.7796,31.7865,5.246,0.115,0.006999999999999999,0.278,2.219,1
2017-08-14,24.4279,32.3158,5.4110000000000005,0.13699999999999998,0.002,0.354,1.085,1
2017-08-16,23.3864,31.9232,5.046,,,,,0
2017-08-16,23.7697,32.6685,4.987,0.146,0.011000000000000001,0.941,1.737,0
2017-08-16,24.0152,32.2369,5.0310000000000015,,,,,0
2017-08-16,25.4923,32.412,4.771,0.106,0.01,0.32899999999999996,1.285,0
2017-08-16,25.5771,32.707,4.762,,,,,0
2017-08-16,26.1576,32.7094,4.8210000000000015,0.106,0.011000000000000001,0.312,2.599,0
2017-08-16,26.0534,32.7372,4.737,,,,,0
2017-08-16,25.4286,33.8091,4.805,0.076,0.009000000000000001,0.294,2.83,0
2017-08-16,25.9936,33.8093,4.853,,,,,0
2017-08-17,26.1977,33.2291,4.628,0.142,0.045,0.214,3.152,0
2017-08-17,23.5394,31.8847,4.829,0.434,0.386,3.6719999999999997,8.531,0
2017-08-17,24.0561,31.9945,,,,,,0
2017-08-17,25.9668,33.2793,4.688,,,,,0
2017-08-17,26.0343,31.7754,5.246,0.578,0.033,0.898,5.211,0
2017-08-17,27.1252,31.8051,,,,,,0
2017-08-17,26.8297,32.8744,4.605,0.161,0.006,0.298,3.302,0
2017-08-17,27.9404,31.7818,6.224,0.228,0.038,1.263,1.686,0
2017-08-17,28.004,31.6844,,,,,,0
2017-08-17,26.9076,32.8497,4.651,,,,,0
2017-08-17,28.2698,31.8026,5.074,0.3,0.033,1.099,1.858,0
2017-08-17,28.2316,31.79,,,,,,0
2017-08-17,28.0152,31.6043,5.016,0.21100000000000002,0.031,1.031,2.109,0
2017-08-17,26.9131,32.9896,4.598,,,,,0
2017-08-17,28.0696,31.262,4.714,,,,,0
2017-08-17,26.1566,33.2937,4.683,0.047,0.027000000000000003,0.23399999999999999,3.414,0
2017-08-18,26.2812,33.1597,4.707,,,,,1
2017-08-18,27.556,31.7866,4.901,,,,,1
2017-08-18,25.9604,33.7808,4.637,0.047,0.024,0.268,3.059,1
2017-08-18,27.5758,31.7516,4.887,0.174,0.019,1.385,2.764,1
2017-08-18,27.6494,31.7725,,,,,,1
2017-08-18,26.4429,31.8363,5.074,0.17600000000000002,0.037000000000000005,0.748,3.2030000000000003,1
2017-08-18,26.8952,31.6588,,,,,,1
2017-08-18,26.6341,31.8338,4.93,0.275,0.019,0.728,2.582,1
2017-08-18,25.6658,34.0307,4.768,,,,,1
2017-08-18,25.652,33.4297,4.74,0.040999999999999995,0.021,0.23800000000000002,2.778,1
2017-08-18,25.9924,31.8143,,,,,,1
2017-08-18,25.0571,31.8213,5.634,0.312,0.057,1.273,7.636,1
2017-08-18,25.7603,33.4635,4.8,,,,,1
2017-08-18,25.3871,32.9278,4.794,0.064,0.02,0.259,3.237,1
2017-08-18,24.2219,32.6251,5.015,,,,,1
2017-08-18,24.4555,32.7141,5.227,0.073,0.002,0.34700000000000003,1.052,1
2017-08-18,23.8987,31.3062,5.392,0.03,0.034,1.4969999999999999,5.524,1
2017-08-18,23.9037,31.1149,5.589,,,,,1
2017-08-19,25.1267,31.7414,,,,,,0
2017-08-19,23.9132,31.8049,5.476,0.257,0.057999999999999996,1.649,7.867000000000001,0
2017-08-19,25.9764,31.3559,,,,,,0
2017-08-19,26.8927,31.0052,4.973,0.387,0.02,0.78,5.518,0
2017-08-19,27.497,31.6993,,,,,,0
2017-08-19,27.6411,31.7335,5.074,0.365,0.024,1.082,2.311,0
2017-08-19,29.579,31.405,4.626,,,,,0
2017-08-19,27.25800000000001,31.1605,5.117,,,,,0
2017-08-19,26.8851,31.4191,5.074,0.613,0.025,1.926,3.216,0
2017-08-19,26.6819,31.5409,,,,,,0
2017-08-19,26.1894,31.4771,5.117,0.28300000000000003,0.036000000000000004,1.985,6.068,0
2017-08-20,28.0181,31.0419,,,,,,0
2017-08-20,28.3539,30.7184,4.757,0.165,0.040999999999999995,1.119,3.981,0
2017-08-20,28.7305,30.5785,,,,,,0
2017-08-20,27.7343,30.7623,4.815,0.379,0.049,1.777,5.517,0
2017-08-20,28.1873,31.1202,,,,,,0
2017-08-20,24.1298,31.5451,5.35,,,,,0
2017-08-20,24.1688,31.725,5.305,,,,,0
2017-08-20,25.841,31.9837,4.794,0.052000000000000005,0.016,0.256,1.886,0
2017-08-20,25.5503,32.0087,4.916,,,,,0
2017-08-20,24.7893,32.1497,5.134,0.091,0.001,0.353,1.508,0
2017-08-20,26.6267,33.0151,4.709,,,,,0
2017-08-20,25.8274,33.0158,4.801,0.057,0.008,0.267,3.507,0
2017-08-20,26.1808,32.8531,4.776,,,,,0
2017-08-21,26.0466,32.8236,4.728,0.053,0.013000000000000001,0.266,3.414,0
2017-08-21,25.6404,33.1727,4.85,,,,,0
2017-08-21,26.146,32.8393,4.761,0.05,0.003,0.361,3.605,0
2017-08-21,26.6248,32.277,4.81,,,,,0
2017-08-21,26.481,31.8398,4.759,0.053,0.002,0.297,0.823,0
2017-08-21,25.9685,31.9604,4.831,,,,,0
2017-08-21,25.2207,32.1546,5.197,0.11900000000000001,0.001,0.327,1.961,0
2017-08-21,25.317,31.4786,5.577000000000001,0.084,0.003,0.406,1.247,0
2017-08-21,24.8938,31.6395,5.525,,,,,0
2017-08-22,24.7835,32.3317,5.044,,,,,0
2017-08-22,25.1518,32.2098,5.046,,,,,0
2017-08-22,26.0252,31.8367,4.923,0.084,0.01,0.266,2.651,0
2017-08-22,26.8088,31.6363,4.829,0.11,0.07,0.713,2.502,0
2017-08-22,27.3215,31.0092,,,,,,0
2017-08-22,25.4292,31.8139,5.081,,,,,0
2017-08-22,27.9063,31.0343,4.886,0.191,0.026000000000000002,1.014,3.791,0
2017-08-22,27.0194,31.4702,4.949,0.053,0.004,0.632,1.557,0
2017-08-23,27.6079,31.5597,4.681,0.059000000000000004,0.027000000000000003,0.278,3.069,1
2017-08-23,28.5267,31.0216,4.4860000000000015,0.022000000000000002,0.026000000000000002,0.27699999999999997,3.265,1
2017-08-23,27.7943,31.0557,4.7,,,,,1
2017-08-23,27.4367,31.6455,,,,,,1
2017-08-23,26.1696,31.8671,4.4860000000000015,0.069,0.06,1.63,5.223,1
2017-08-23,27.8366,30.985,4.796,0.077,0.006,0.299,3.557,1
2017-08-23,26.1531,32.0272,,,,,,1
2017-08-23,25.9451,31.5938,5.046,,,,,1
2017-08-23,23.3168,32.2496,5.01,0.09300000000000001,0.069,0.805,3.357,1
2017-08-26,27.4372,31.9103,4.686,0.3670000000000001,0.04,0.647,4.167,0
2017-08-26,27.9505,31.7448,,,,,,0
2017-08-26,27.5749,32.0125,,,,,,0
2017-08-26,27.8894,31.923,,,,,,0
2017-08-26,27.549,31.5923,4.714,0.569,0.032,0.5,5.584,0
2017-08-26,28.1727,31.1347,,,,,,0
2017-08-26,29.307,31.0126,,,,,,0
2017-08-26,29.3796,30.4134,4.5710000000000015,0.023,0.027999999999999997,0.643,2.403,0
2017-08-26,28.9666,30.1219,,,,,,0
2017-08-26,25.4062,31.715,5.5429999999999975,0.021,0.028999999999999998,0.363,3.392,0
2017-08-27,26.5895,31.9748,,,,,,0
2017-08-27,27.535,32.1522,4.143,0.03,0.028999999999999998,0.57,4.186,0
2017-08-27,26.8184,31.7048,,,,,,0
2017-08-27,26.8187,32.1682,,,,,,0
2017-08-27,26.4921,32.1883,,,,,,0
2017-08-27,25.3267,31.7987,,,,,,0
2017-08-27,28.1088,30.4859,,,,,,0
2017-08-27,27.9038,30.728,4.657,0.03,0.047,0.679,4.029,0
2017-08-28,28.3397,31.0076,4.714,0.255,0.043,0.8,3.993,1
2017-08-28,29.0457,29.971,,,,,,1
2017-08-28,29.8014,30.116,4.457,0.057,0.032,0.5489999999999999,2.707,1
2017-08-28,30.3557,30.8935,,,,,,1
2017-08-28,30.1079,30.8118,4.629,0.7829999999999999,0.026000000000000002,1.348,3.024,1
2017-08-29,30.5119,31.0283,,,,,,0
2017-08-29,29.6322,29.9528,4.4860000000000015,0.19699999999999998,0.047,0.528,3.1210000000000004,0
2017-08-29,29.0026,29.5928,,,,,,0
2017-09-03,28.94400000000001,31.893,4.5139999999999985,0.583,0.08,1.149,2.089,0
2017-09-03,28.8395,32.0607,,,,,,0
2017-09-03,26.9375,29.1197,4.657,0.418,0.109,0.8370000000000001,4.252,0
2017-09-03,26.4827,29.8342,,,,,,0
2017-09-03,25.4903,31.1173,4.914,0.287,0.049,0.747,5.523,0
2017-09-03,24.5743,30.9192,,,,,,0
2017-09-03,24.8549,31.3722,,,,,,0
2017-09-03,24.6295,31.0033,5.229,0.23600000000000002,0.031,0.48,4.529,0
2017-09-04,24.7254,31.5751,,,,,,0
2017-09-04,24.7426,31.2023,5.0,0.091,0.027000000000000003,0.625,5.941,0
2017-09-04,25.1432,31.0895,,,,,,0
2017-09-04,25.5581,30.389,4.829,0.024,0.031,0.413,4.54,0
2017-09-04,28.0125,32.5188,4.328,0.079,0.011000000000000001,3.3089999999999997,2.202,0
2017-09-04,25.9925,30.5465,,,,,,0
2017-09-04,26.3055,29.8882,4.771,0.17,0.039,0.37799999999999995,3.928,0
2017-09-04,27.9593,32.7569,4.307,0.081,0.004,3.8810000000000002,2.524,0
2017-09-04,26.8244,29.9112,,,,,,0
2017-09-04,28.0559,32.0926,4.376,0.102,0.005,6.246,2.577,0
2017-09-04,28.243,33.428000000000004,4.213,0.121,0.023,5.8610000000000015,4.0280000000000005,0
2017-09-04,27.7593,33.3787,4.45,0.10800000000000001,0.026000000000000002,5.8229999999999995,4.957,0
2017-09-04,27.4903,32.858000000000004,4.303,0.096,0.07200000000000001,13.93,7.1670000000000025,0
2017-09-04,27.4003,32.0853,4.723,0.094,0.043,5.393,4.533,0
2017-09-04,25.7544,30.1201,4.566,0.055,0.121,3.772,2.379,0
2017-09-04,26.7984,29.9678,4.535,0.049,0.008,1.7990000000000002,2.151,0
2017-09-05,27.1584,29.4401,4.454,0.045,0.012,3.467,1.818,0
2017-09-05,26.8916,30.2202,4.396,0.044000000000000004,0.035,4.988,2.709,0
2017-09-05,27.2293,30.5575,4.399,0.042,0.013999999999999999,3.59,2.181,0
2017-09-05,26.8524,30.8168,4.468,0.038,0.061,8.729,0.8490000000000001,0
2017-09-05,26.7622,30.7341,4.629,0.012,0.08800000000000001,0.866,3.911,0
2017-09-05,26.4159,31.0002,4.4860000000000015,0.022000000000000002,0.054000000000000006,0.986,4.2639999999999985,0
2017-09-05,28.0679,32.5895,4.282,0.036000000000000004,0.047,0.467,2.815,0
2017-09-05,25.2182,30.5811,4.829,0.1,0.054000000000000006,0.794,4.133,0
2017-09-05,28.7564,33.3866,4.263,0.027000000000000003,0.027999999999999997,5.351,2.7060000000000004,0
2017-09-05,24.3738,31.1838,,,,,,0
2017-09-05,29.2814,33.885,4.277,0.024,0.049,6.077999999999999,2.809,0
2017-09-05,29.5066,33.6394,4.311,0.02,0.10300000000000001,5.086,2.403,0
2017-09-05,29.3818,33.8607,4.296,0.013999999999999999,0.07400000000000001,5.143,2.293,0
2017-09-05,28.7939,34.0144,4.2780000000000005,0.053,0.031,4.0310000000000015,2.499,0
2017-09-06,28.9166,33.9831,4.269,0.062,0.03,4.302,2.318,0
2017-09-06,28.4361,32.6506,4.26,0.063,0.015,3.917,2.235,0
2017-09-06,28.4436,32.3234,4.315,0.07,0.004,0.551,2.301,0
2017-09-06,28.3791,31.5914,4.288,0.08199999999999999,0.011000000000000001,2.807,2.6460000000000004,0
2017-09-06,26.7391,29.3138,4.415,0.07200000000000001,0.057999999999999996,4.168,3.011,0
2017-09-06,26.5171,29.0776,4.723,0.078,0.028999999999999998,3.7230000000000003,6.852,0
2017-09-06,25.9011,30.159,4.923,0.07,0.028999999999999998,3.7289999999999996,4.913,0
2017-09-06,26.9524,29.9811,4.614,0.063,0.026000000000000002,3.793,4.481,0
2017-09-06,26.4956,29.5002,4.862,0.063,0.075,4.532,4.258,0
2017-09-06,26.9176,29.8587,5.394,0.114,0.064,3.0010000000000003,3.019,0
2017-10-13,18.9664,31.8726,5.136,0.138,0.922,1.75,3.564,0
2017-10-13,18.2603,31.7983,,,,,,0
2017-10-13,18.1695,32.1108,5.9060000000000015,0.209,0.10300000000000001,0.888,6.0,0
2017-10-13,18.6308,32.1312,,,,,,0
2017-10-13,18.3897,31.6677,5.649,0.233,0.10300000000000001,1.011,3.637,0
2017-10-13,18.5185,31.8178,,,,,,0
2017-10-13,18.8093,31.7079,5.5779999999999985,0.008,0.127,2.441,3.621,0
2017-10-13,19.6419,31.9135,5.449,,,,,0
2017-10-13,19.7298,32.1496,5.435,,,,,0
2017-10-13,19.8553,32.081,4.707,0.098,0.02,0.941,4.448,0
2017-10-14,19.4356,32.035,,,,,,0
2017-10-14,19.7005,32.0283,5.435,0.11199999999999999,0.022000000000000002,0.9520000000000001,4.088,0
2017-10-14,19.2343,32.0289,,,,,,0
2017-10-14,18.628,32.0709,5.72,0.4370000000000001,0.015,0.654,5.408,0
2017-10-14,19.0946,32.1182,,,,,,0
2017-10-14,17.8904,32.2338,5.7920000000000025,0.244,0.012,4.408,7.867000000000001,0
2017-10-14,17.48,32.3006,,,,,,0
2017-10-14,17.5998,32.292,5.192,0.65,1.005,5.053,15.905,0
2017-10-15,17.4798,32.3002,5.492000000000001,0.435,0.41100000000000003,3.005,9.757,0
2017-10-15,17.8635,32.2769,,,,,,0
2017-10-15,17.5415,32.338,5.763,0.267,0.061,1.183,5.948,0
2017-10-15,17.8803,32.3177,,,,,,0
2017-10-15,18.0166,32.3249,5.7920000000000025,0.23399999999999999,0.021,0.937,6.2920000000000025,0
2017-10-15,18.0493,32.332,,,,,,0
2017-10-15,18.1262,32.2683,5.863,0.452,0.075,3.373,6.671,0
2017-10-15,18.089,32.26,,,,,,0
2017-10-15,17.7894,32.3122,5.706,0.265,0.031,1.16,7.826,0
2017-10-15,18.3556,32.2007,5.635,,,,,0
2017-10-16,19.0368,32.1642,5.564,,,,,0
2017-10-16,18.9637,32.1341,5.706,0.024,0.006999999999999999,1.193,4.689,0
2017-10-16,19.1027,32.1082,,,,,,0
2017-10-16,19.1428,32.1062,5.563,0.253,0.011000000000000001,1.541,5.066,0
2017-10-16,17.2364,32.3231,,,,,,0
2017-10-16,17.1751,32.3444,5.62,0.767,0.20800000000000002,5.154,9.714,0
2017-10-16,17.6449,32.2686,,,,,,0
2017-10-16,18.0738,32.9493,5.19,,,,,0
2017-10-16,17.79,32.2201,5.349,0.7709999999999999,0.392,6.694,12.23,0
2017-10-16,17.9239,33.0953,5.167999999999998,,,,,0
2017-10-16,17.0516,33.3396,5.234,,,,,0
2017-10-16,18.5644,33.0107,5.155,,,,,0
2017-10-16,17.627,32.3107,,,,,,0
2017-10-16,17.052,32.3214,5.492000000000001,0.7340000000000001,0.235,9.48,13.531,0
2017-10-16,23.2077,33.7505,4.581,,,,,0
2017-10-16,22.8004,33.7465,4.747,,,,,0
2017-10-16,20.6556,33.2916,4.871,,,,,0
2017-10-16,20.0651,33.2544,4.901,,,,,0
2017-10-17,20.0945,33.3773,4.832,,,,,0
2017-10-17,20.0443,33.4445,4.849,,,,,0
2017-10-17,21.2972,33.2053,4.707,,,,,0
2017-10-17,22.7879,33.7088,4.618,,,,,0
2017-10-17,22.0815,33.1671,4.606,,,,,0
2017-10-17,20.8002,33.0069,4.8610000000000015,,,,,0
2017-10-17,18.1025,33.056,5.247999999999998,,,,,0
2017-10-17,18.2202,33.0177,5.207999999999998,,,,,0
2017-10-17,18.3545,32.9101,5.228,,,,,0
2017-10-19,20.7402,33.2326,4.563,,,,,0
2017-10-19,20.9884,33.2918,4.602,,,,,0
2017-10-19,16.123,32.3292,,,,,,0
2017-10-19,20.8733,33.2847,4.698,,,,,0
2017-10-19,20.5043,33.1752,4.7,,,,,0
2017-10-19,19.3895,32.0822,5.492000000000001,0.319,0.011000000000000001,2.088,4.074,0
2017-10-19,19.5618,32.0728,,,,,,0
2017-10-19,22.1169,33.3948,4.447,,,,,0
2017-10-19,19.769,32.0672,5.506,0.152,0.013999999999999999,1.097,3.927,0
2017-10-19,19.5358,32.0745,5.535,,,,,0
2017-10-19,22.1991,33.4955,4.675,,,,,0
2017-10-19,22.6789,33.8325,4.675,,,,,0
2017-10-19,20.1407,31.88,5.377999999999999,,,,,0
2017-10-19,19.1573,31.8552,5.678,0.467,0.02,2.342,6.71,0
2017-10-19,19.9357,33.4932,4.895,,,,,0
2017-10-19,20.1218,33.4754,4.802,,,,,0
2017-10-19,18.9372,32.3748,5.6629999999999985,0.289,0.16399999999999998,2.639,8.59,0
2017-10-19,19.7214,33.4173,4.837,,,,,0
2017-10-19,18.2597,32.2411,,,,,,0
2017-10-19,17.1257,32.5172,5.521,0.8290000000000001,0.182,9.345,14.044,0
2017-10-20,19.4083,31.766,,,,,,0
2017-10-20,20.5614,33.399,4.803,,,,,0
2017-10-20,19.6619,31.5841,5.506,0.308,0.017,1.242,6.8610000000000015,0
2017-10-20,19.9247,31.5619,,,,,,0
2017-10-20,20.1365,33.4105,4.8,,,,,0
2017-10-20,20.097,33.5672,4.843,,,,,0
2017-10-20,22.4545,33.5489,4.499,,,,,0
2017-10-20,22.4356,33.6024,4.466,,,,,0
2017-10-20,22.5337,33.6831,4.53,,,,,0
2017-10-20,20.5888,32.9623,4.714,,,,,0
2017-10-20,20.7448,32.9233,4.721,,,,,0
2017-10-20,20.6382,32.9073,4.82,,,,,0
2017-10-20,20.9655,33.0734,4.745,,,,,0
2017-10-20,20.5872,33.0014,4.768,,,,,0
2017-10-20,20.6912,33.0211,4.742,,,,,0
2017-10-20,22.9137,33.8161,4.415,,,,,0
2017-10-20,22.1,33.476,4.643,,,,,0
2017-10-20,21.3896,33.2899,4.685,,,,,0
2017-10-21,21.4309,33.2308,4.65,,,,,0
2017-10-21,21.3377,33.1206,4.705,,,,,0
2017-10-21,20.2437,33.5224,4.817,,,,,0
2017-10-25,19.4667,33.6097,4.813,,,,,0
2017-10-25,20.614,33.2515,4.769,,,,,0
2017-10-25,20.3309,33.3015,5.057,0.247,0.665,2.951,8.45,0
2017-10-25,22.5044,33.9394,,,,,,0
2017-10-25,20.3501,33.4333,4.775,,,,,0
2017-10-25,20.451,33.2808,4.67,,,,,0
2017-10-25,21.1358,33.7569,4.585,,,,,0
2017-10-25,22.2313,33.8442,4.971,0.028999999999999998,0.21899999999999997,1.433,4.849,0
2017-10-25,21.0033,33.6367,4.593,,,,,0
2017-10-25,21.0042,33.6882,4.643,,,,,0
2017-10-25,19.747,32.9841,,,,,,0
2017-10-25,20.1271,33.356,4.685,,,,,0
2017-10-25,20.5646,33.1684,5.114,0.147,0.848,3.2739999999999996,7.641,0
2017-10-25,20.3979,32.9778,,,,,,0
2017-10-25,20.9882,33.731,4.624,,,,,0
2017-10-26,21.4267,33.7921,4.659,,,,,0
2017-10-26,20.8416,33.3394,5.143,0.153,0.64,2.524,7.369,0
2017-10-26,22.0035,33.9949,4.607,,,,,0
2017-10-26,20.2389,32.8154,,,,,,0
2017-10-26,21.9275,33.9626,4.542,,,,,0
2017-10-26,20.0854,32.82,,,,,,0
2017-10-26,21.3048,33.7367,4.602,,,,,0
2017-10-26,21.7255,33.6906,,,,,,0
2017-10-26,19.5822,32.8443,4.686,0.146,0.349,2.7060000000000004,8.117,0
2017-10-26,20.7877,33.5452,4.657,,,,,0
2017-10-26,23.1408,34.0977,,,,,,0
2017-10-26,23.0348,34.1598,,,,,,0
2017-10-26,21.9056,33.8815,4.515,,,,,0
2017-10-26,20.9561,32.793,5.4860000000000015,0.067,0.397,2.957,7.773,0
2017-10-26,21.8407,33.9979,4.525,,,,,0
2017-10-26,21.9783,33.9574,4.549,,,,,0
2017-10-26,20.4145,31.9189,,,,,,0
2017-10-26,20.3814,33.3835,4.706,,,,,0
2017-10-26,20.1993,32.3116,5.2,,,,,0
2017-10-26,20.2494,33.037,,,,,,0
2017-10-26,20.1977,32.9269,5.6,0.12300000000000001,0.365,1.095,4.692,0
2017-10-26,20.2896,33.0619,,,,,,0
2017-10-26,20.3927,33.0885,,,,,,0
2017-10-26,20.0181,32.4894,,,,,,0
2017-10-26,19.7948,32.404,5.629,0.11800000000000001,0.17,0.57,3.13,0
2017-10-26,19.7605,32.7175,,,,,,0
2017-10-26,20.67,32.1283,5.343,0.0,0.28600000000000003,1.9480000000000002,7.1370000000000005,0
2017-10-26,23.0927,34.0175,,,,,,0
2017-10-26,22.286,33.8403,5.086,0.016,0.166,1.5090000000000001,5.935,0
2017-10-31,23.4391,34.2142,4.857,0.052000000000000005,0.136,1.264,3.4210000000000003,0
2017-10-31,20.8256,33.3381,,,,,,0
2017-10-31,23.3096,34.1931,5.029,0.023,0.10099999999999999,1.94,3.269,0
2017-10-31,22.1031,33.9311,,,,,,0
2017-10-31,23.4436,34.1266,5.2570000000000014,0.021,0.079,1.26,2.584,0
2017-10-31,23.5458,34.1953,,,,,,0
2017-10-31,23.4333,34.2845,5.2,0.059000000000000004,0.08900000000000001,0.9159999999999999,3.629,0
2017-10-31,23.1709,34.2098,,,,,,0
2017-10-31,23.1117,34.1867,5.086,0.047,0.08800000000000001,1.125,3.864,0
2017-11-01,22.8942,34.1978,,,,,,0
2017-11-01,22.5375,34.1309,4.8,0.047,0.122,1.45,4.397,0
2017-11-01,22.0452,33.8551,,,,,,0
2017-11-01,21.7889,33.7635,5.0,0.11699999999999999,0.309,2.3609999999999998,6.271,0
2017-11-01,19.3567,32.0738,,,,,,0
2017-11-01,19.0352,31.832,,,,,,0
2017-11-01,18.5624,31.8885,5.686,0.027999999999999997,0.37,3.492,8.537,0
2017-11-01,19.3059,31.9746,,,,,,0
2017-11-01,19.2287,31.9829,5.5710000000000015,0.057999999999999996,0.73,3.3680000000000003,7.74,0
2017-11-01,18.857,31.9007,,,,,,0
2017-11-02,19.2441,32.1783,5.2860000000000005,0.066,0.6,3.1630000000000003,7.391,0
2017-11-02,19.9535,32.6186,,,,,,0
2017-11-02,20.42,33.1445,5.143,0.08199999999999999,0.46299999999999997,2.406,6.8420000000000005,0
2017-11-02,21.8897,33.7058,,,,,,0
2017-11-02,19.7961,32.3902,5.229,0.025,0.721,2.6,7.104,0
2017-11-02,19.1637,32.1888,5.114,0.01,0.445,2.222,7.225,0
2017-11-02,17.6983,32.7799,4.857,0.24600000000000002,0.414,5.3870000000000005,9.143,0
2017-11-02,16.3477,32.9007,,,,,,0
2017-11-25,21.73,34.3607,4.4860000000000015,0.11900000000000001,0.098,1.486,3.38,0
2017-11-25,21.299,34.3662,4.494,0.106,0.001,4.109,3.602,0
2017-11-26,20.6699,34.1788,4.4460000000000015,0.276,0.023,3.745,8.38,0
2017-11-26,20.6093,34.1623,4.485,0.262,0.006,5.971,8.256,0
2017-11-26,20.4231,34.0365,4.617,0.223,0.006999999999999999,3.1010000000000004,7.622999999999997,0
2017-11-26,19.8231,33.9768,4.714,0.165,0.079,5.011,7.2429999999999986,0
2017-11-26,18.5862,33.359,4.8260000000000005,0.248,0.027999999999999997,5.53,9.725,0
2017-11-26,18.6383,33.5098,4.816,0.28800000000000003,0.063,5.19,9.241,0
2017-11-26,18.7741,33.8049,5.022,0.161,0.11900000000000001,4.857,4.637,0
2017-11-26,18.8209,33.9154,4.872,0.222,0.153,4.02,6.1389999999999985,0
2017-11-26,18.2623,33.5536,4.913,0.38,0.02,8.033999999999999,7.688,0
2017-11-26,18.1555,33.4303,4.913,0.33399999999999996,0.021,8.377,8.275,0
2017-11-26,17.9293,32.996,4.907,0.39899999999999997,0.038,7.485,10.939,0
2017-11-26,18.0064,33.0629,4.846,0.344,0.027999999999999997,9.207,10.646,0
2017-11-27,20.0042,34.0286,4.684,0.242,0.031,3.141,7.787000000000001,0
2017-11-27,19.9587,34.1224,4.585,0.345,0.011000000000000001,6.041,8.457,0
2017-11-27,20.0798,34.1355,4.543,0.336,0.015,3.883,8.833,0
2017-11-27,21.171,34.3376,4.549,0.131,0.040999999999999995,3.139,2.716,0
2017-11-27,21.6656,34.389,4.4860000000000015,0.158,0.177,1.4980000000000002,3.323,0
2017-11-27,22.0125,34.4205,4.464,0.068,0.142,2.767,1.871,0
2017-11-27,22.2388,34.4345,4.456,0.102,0.113,3.904,2.648,0
2017-11-27,22.5021,34.4617,4.511,0.012,0.266,3.306,2.5540000000000003,0
2017-11-27,22.3001,34.4301,4.49,0.016,0.327,3.7510000000000003,2.762,0
2017-11-27,21.2536,34.3675,4.643,0.011000000000000001,0.107,1.071,3.286,0
2017-11-27,20.0011,34.2504,4.642,0.08800000000000001,0.146,5.082,6.305,0
2017-11-27,19.9599,34.2558,4.727,0.12300000000000001,0.001,4.192,5.759,0
2017-11-28,19.3865,34.2068,4.664,0.22,0.027999999999999997,3.3689999999999998,7.54,0
2017-11-28,19.1345,34.0616,4.621,0.33399999999999996,0.009000000000000001,6.278,7.865,0
2017-11-28,17.2488,32.6725,4.885,0.392,0.003,4.646,8.9,0
2017-11-28,17.2488,32.6725,4.885,0.348,0.047,9.664,10.519,0
2017-11-28,17.5226,32.6706,4.947,0.345,0.001,9.753,11.498,0
2017-11-28,17.6439,33.3451,4.944,0.455,0.04,10.815,10.007,0
2017-12-07,14.5146,34.0944,4.961,,,,,0
2017-12-07,15.204,34.1941,4.751,,,,,0
2017-12-07,15.595,34.0901,4.948,,,,,0
2017-12-07,15.378,34.066,4.955,,,,,0
2017-12-09,13.1553,33.1979,5.4860000000000015,0.644,0.218,9.139,14.841,0
2017-12-09,14.4818,34.0192,4.565,,,,,0
2017-12-09,11.5955,32.9064,,,,,,0
2017-12-09,14.684,34.0292,4.998,,,,,0
2017-12-09,16.9368,34.2576,,,,,,0
2017-12-09,16.0917,33.9265,5.029,0.423,0.382,7.569,12.787,0
2017-12-09,14.7367,34.0317,4.942,,,,,0
2017-12-09,11.0485,33.9073,5.666,,,,,0
2017-12-09,13.048,34.0007,5.189,,,,,0
2017-12-10,13.8922,34.0016,4.962,,,,,0
2017-12-10,13.9999,34.0244,5.053,,,,,0
2017-12-10,14.415,34.0343,4.878,,,,,0
2017-12-10,14.4842,34.0384,4.962,,,,,0
2017-12-10,14.3195,34.0458,5.012,,,,,0
2017-12-10,14.9481,34.2295,4.492,,,,,0
2017-12-10,14.2779,34.1888,4.846,,,,,0
2017-12-10,13.9441,34.1846,4.891,,,,,0
2017-12-14,19.114,34.4959,,0.106,0.6920000000000001,2.241,4.835,0
2017-12-14,19.0512,34.4966,5.029,0.105,0.5820000000000001,2.384,5.308,0
2017-12-14,19.588,34.49,,,,,,0
2017-12-14,19.3244,34.4935,5.057,0.1,0.589,2.109,5.292999999999998,0
2017-12-14,19.2585,34.4945,,,,,,0
2017-12-14,19.8398,34.5014,4.9430000000000005,0.155,0.617,1.795,4.313,0
2017-12-14,19.7005,34.5311,,,,,,0
2017-12-14,19.5014,34.4856,5.114,0.128,0.56,1.6969999999999998,4.654,0
2017-12-14,13.2699,34.1849,5.15,,,,,0
2017-12-14,13.292,34.1683,5.193,,,,,0
2017-12-14,19.3669,34.4837,,,,,,0
2017-12-14,13.5822,34.1065,5.237,,,,,0
2017-12-14,13.8657,34.095,5.194,,,,,0
2017-12-15,18.8678,34.4734,5.114,0.17,0.58,2.355,6.233,0
2017-12-15,17.8062,34.4192,,,,,,0
2017-12-15,13.7738,34.0506,5.145,,,,,0
2017-12-15,17.8061,34.4043,5.2570000000000014,0.27399999999999997,0.469,3.445,8.265,0
2017-12-15,13.8768,34.0972,5.089,,,,,0
2017-12-15,17.2566,34.3959,,,,,,0
2017-12-15,13.5061,34.0353,5.265,,,,,0
2017-12-15,17.1699,34.349000000000004,5.4860000000000015,0.32,0.223,5.375,11.152,0
2017-12-15,16.9195,34.2189,,,,,,0
2017-12-15,13.2719,34.0462,5.272,,,,,0
2017-12-15,12.7436,34.056,5.388,,,,,0
2017-12-15,13.3222,32.7755,,,,,,0
2017-12-15,13.5818,34.0724,5.285,,,,,0
2017-12-15,15.2718,33.3635,5.771,0.28800000000000003,0.195,5.301,10.675,0
2017-12-15,15.1599,33.5091,,,,,,0
2017-12-15,15.048,33.4978,5.8,0.313,0.326,5.0569999999999995,11.172,0
2017-12-15,15.8632,33.8642,,,,,,0
2017-12-15,14.9061,34.1274,5.216,,,,,0
2017-12-15,15.9617,33.8956,5.314,0.315,0.32799999999999996,4.9639999999999995,10.82,0
2017-12-15,14.2795,33.4069,,,,,,0
2017-12-15,13.5561,34.0729,5.33,,,,,0
2017-12-15,15.6304,33.8514,5.314,0.37,0.446,5.181,11.21,0
2017-12-15,17.244,34.4615,,,,,,0
2017-12-15,12.9354,34.0686,5.278,,,,,0
2017-12-15,13.2523,34.0422,5.226,,,,,0
2017-12-15,13.3274,34.0354,5.221,,,,,0
2017-12-16,19.0137,34.5168,,,,,,0
2017-12-16,13.6212,34.0703,5.216,,,,,0
2017-12-16,16.1969,34.3198,5.057,0.431,0.439,6.617000000000001,12.809,0
2017-12-16,13.9409,34.1309,5.212999999999999,,,,,0
2017-12-16,13.7673,34.1078,5.193,,,,,0
2017-12-16,13.5814,34.1143,5.247000000000001,,,,,0
2017-12-16,13.5094,34.1549,5.2170000000000005,,,,,0
2017-12-16,13.5361,34.1583,5.251,,,,,0
2017-12-16,13.6503,34.1382,5.351,,,,,0
2017-12-18,13.0423,33.6206,,,,,,0
2017-12-18,9.739,33.1763,6.5139999999999985,0.585,0.48700000000000004,9.312000000000001,15.81,0
2017-12-18,9.2262,33.2622,,,,,,0
2017-12-18,11.81,33.6918,,,,,,0
2017-12-18,12.7201,33.7441,,,,,,0
2017-12-18,12.7713,33.7551,5.8,0.539,0.5920000000000001,7.678,16.329,0
2017-12-18,14.579,34.0793,,,,,,0
2017-12-18,15.6498,34.2639,5.171,0.41,0.315,6.28,12.133,0
2017-12-18,18.5811,34.5426,,,,,,0
2017-12-18,18.7192,34.5427,5.086,0.158,0.574,2.233,5.339,0
2017-12-18,17.8997,34.5083,,,,,,0
2017-12-18,18.4815,34.5456,,,,,,0
2017-12-18,16.0548,34.3601,5.229,0.42,0.39,5.355,11.304,0
2017-12-18,15.6711,34.2963,,,,,,0
2017-12-19,11.64,33.6115,,,,,,0
2017-12-19,11.8676,33.6954,,,,,,0
2017-12-19,13.2932,33.9252,5.857,0.516,0.632,6.307,13.681,0
2017-12-19,12.6727,33.8324,,,,,,0
2017-12-20,15.6531,34.2931,,,,,,0
2017-12-20,16.7358,34.4287,5.2570000000000014,0.309,0.466,4.3839999999999995,9.378,0
2017-12-20,15.7465,34.3424,5.2860000000000005,0.355,0.392,5.226,11.348,0
2017-12-20,15.6617,34.3488,,,,,,0
2017-12-20,15.2982,34.3039,5.143,0.467,0.45899999999999996,6.6129999999999995,13.408,0
2017-12-20,13.9327,34.1922,5.197,,,,,0
2017-12-20,14.0933,34.1951,5.254,,,,,0
2017-12-20,14.0194,34.1702,5.267,,,,,0
2017-12-20,14.1642,34.2061,5.249,,,,,0
2017-12-20,14.4531,34.2253,5.155,,,,,0
2017-12-20,15.8568,34.316,5.08,,,,,0
2017-12-21,15.6434,34.2363,4.937,,,,,0
2017-12-21,15.4103,34.2241,5.058,,,,,0
2017-12-21,15.265,34.251,5.0539999999999985,,,,,0
2017-12-21,14.695,34.2313,5.104,,,,,0
2017-12-21,14.8625,34.3482,4.612,,,,,0
2017-12-21,14.624,34.3135,4.56,,,,,0
2017-12-21,14.0429,34.3032,4.833,,,,,0
2017-12-21,13.8625,34.3053,4.877,,,,,0
2017-12-21,13.9637,34.3087,4.847,,,,,0
2017-12-21,13.9893,34.3109,4.847,,,,,0
2017-12-21,15.4004,34.2936,4.658,,,,,0
2017-12-21,16.8735,34.448,4.8,,,,,0
2017-12-21,15.8789,34.3399,4.796,,,,,0
2017-12-21,15.5377,34.2983,5.065,,,,,0
2017-12-21,16.1297,34.3424,4.737,,,,,0
2017-12-21,16.785999999999998,34.4605,4.886,,,,,0
2017-12-21,16.2743,34.3571,4.744,,,,,0
2017-12-21,14.28,34.2956,4.484,,,,,0
2017-12-21,14.4478,33.9357,,,,,,0
2017-12-22,10.4009,32.6636,6.2029999999999985,0.741,0.017,5.247999999999998,8.017999999999999,0
2017-12-22,10.2384,32.5757,,,,,,0
2017-12-22,10.4666,32.6011,6.033,0.44799999999999995,0.036000000000000004,5.016,7.235,0
2017-12-22,13.2079,33.2695,,,,,,0
2017-12-22,11.8983,32.8547,5.5360000000000005,0.7340000000000001,0.054000000000000006,6.449,8.984,0
2017-12-22,11.8281,32.8464,,,,,,0
2017-12-22,11.2848,32.5851,5.848,0.7859999999999999,0.115,3.915,6.016,0
2017-12-22,11.0376,32.5411,5.777,,,,,0
2017-12-22,9.9145,32.4944,5.678,,,,,0
2017-12-22,10.1743,32.4948,5.805,0.255,0.07,2.315,3.478,0
2017-12-22,9.9205,32.4876,,,,,,0
2017-12-22,9.4406,32.4528,5.947,0.568,0.077,6.306,8.041,0
2017-12-22,9.8276,32.5222,,,,,,0
2017-12-23,9.2917,32.5245,6.3,0.914,0.209,5.085,8.052999999999999,0
2017-12-23,9.1278,32.5479,,,,,,0
2017-12-23,9.0113,32.5225,6.615,0.503,0.025,0.455,2.97,0
2017-12-23,10.0021,32.5109,,,,,,0
2017-12-23,9.4746,32.4031,6.189,0.629,0.126,2.2119999999999997,3.809,0
2017-12-23,9.4516,32.3764,,,,,,0
2017-12-23,9.3669,32.3724,5.947,0.605,0.105,1.758,2.764,0
2017-12-23,9.8049,32.4499,,,,,,0
2017-12-23,10.3287,32.4276,6.189,0.522,0.259,2.965,6.22,0
2017-12-23,10.0453,32.4728,5.99,,,,,0
2017-12-23,9.9737,32.4072,6.1179999999999986,,,,,0
2017-12-24,9.5686,32.3315,6.4579999999999975,0.919,0.518,6.936,10.464,0
2017-12-24,9.4591,32.3624,,,,,,0
2017-12-24,9.2685,32.3461,6.259,1.074,0.441,6.364,9.78,0
2017-12-24,8.946,32.3408,,,,,,0
2017-12-24,9.1019,32.3714,6.316,0.9840000000000001,0.348,5.3210000000000015,9.089,0
2017-12-24,9.3624,32.4044,,,,,,0
2017-12-24,9.3622,32.3451,6.487,0.6890000000000001,0.259,2.461,6.695,0
2017-12-24,9.0396,32.396,,,,,,0
2017-12-27,7.4272,32.1927,6.388,0.593,0.012,1.01,0.258,0
2017-12-27,7.2235,32.0497,7.125,0.889,0.10300000000000001,3.72,3.219,0
2017-12-27,8.0307,32.1211,,,,,,0
2017-12-27,8.5504,32.3261,6.841,0.675,0.026000000000000002,0.369,0.507,0
2017-12-27,7.5522,32.0998,,,,,,0
2017-12-27,7.6415,32.1808,6.87,0.8959999999999999,0.124,4.874,4.383,0
2017-12-27,7.7846,32.2398,,,,,,0
2017-12-27,8.0285,32.2596,6.032,1.202,0.366,12.036,15.12,0
2017-12-27,8.1219,32.28,,,,,,0
2017-12-27,8.5909,32.2832,6.359,1.0490000000000002,0.203,7.35,9.617,0
2017-12-28,8.9753,32.2916,6.075,,,,,0
2017-12-28,8.9547,32.2981,6.2879999999999985,,,,,0
2017-12-28,8.8527,32.3101,6.089,1.011,0.185,8.501,11.647,0
2017-12-28,8.3788,32.314,,,,,,0
2017-12-28,7.6984,32.2052,6.671,1.03,0.059000000000000004,7.266,8.925,0
2017-12-28,7.0364,32.0395,,,,,,0
2017-12-28,7.4612,32.078,6.657,1.247,0.12,9.732000000000001,10.297,0
2017-12-28,6.9505,31.9521,,,,,,0
2017-12-28,6.3506,31.7924,6.8279999999999985,1.2890000000000001,0.12,12.92,13.118,0
